gene	logFC	FDR
1	MvSl-1064-A1-R4_A1g00013	-0.834245020200926	0.023778017970727
2	MvSl-1064-A1-R4_A1g00023	-1.26879571817058	0.0271030226136392
3	MvSl-1064-A1-R4_A1g00024	-7.11271753167503	2.25538804853859e-17
4	MvSl-1064-A1-R4_A1g00028	-1.26208689298286	0.00659544592801872
5	MvSl-1064-A1-R4_A1g00029	-3.3799536359124	1.43254210993942e-22
6	MvSl-1064-A1-R4_A1g00030	-2.00555768302042	1.51041001014958e-11
7	MvSl-1064-A1-R4_A1g00052	-5.66576919827345	1.02050028913396e-32
8	MvSl-1064-A1-R4_A1g00067	-4.61612558860261	7.99884826543842e-40
9	MvSl-1064-A1-R4_A1g00068	-3.95811487818489	2.73971792843663e-24
10	MvSl-1064-A1-R4_A1g00184	-0.938338832051789	0.000585407743438459
11	MvSl-1064-A1-R4_A1g00246	-0.904871933361533	0.000778642567522215
12	MvSl-1064-A1-R4_A1g00326	-11.3101586788425	8.71284565444996e-37
13	MvSl-1064-A1-R4_A1g00367	-0.795425231450979	0.0214938481696236
14	MvSl-1064-A1-R4_A1g00390	-3.79894711510345	4.98679327485141e-34
15	MvSl-1064-A1-R4_A1g00400	-0.818629604481103	0.0222621277975436
16	MvSl-1064-A1-R4_A1g00404	-0.971321516906916	0.0101231943265224
17	MvSl-1064-A1-R4_A1g00668	-0.801687936180188	0.0123654917039589
18	MvSl-1064-A1-R4_A1g00718	-1.26583090759161	2.50941992395449e-05
19	MvSl-1064-A1-R4_A1g00749	-1.20647885497997	0.000957134064664159
20	MvSl-1064-A1-R4_A1g00778	-0.877607749813797	0.0156820691812745
21	MvSl-1064-A1-R4_A1g00854	-0.836423783829949	0.00951057931230744
22	MvSl-1064-A1-R4_A1g00886	-1.11234803971358	0.00031791023372278
23	MvSl-1064-A1-R4_A1g01127	-1.28772760194229	0.0293894290475671
24	MvSl-1064-A1-R4_A1g01162	-4.81855288580502	4.13025513796118e-17
25	MvSl-1064-A1-R4_A1g01163	-2.81062358451001	2.80342193515774e-14
26	MvSl-1064-A1-R4_A1g01189	-0.714201361561162	0.0222621277975436
27	MvSl-1064-A1-R4_A1g01220	-2.20403034489093	2.31743726293447e-13
28	MvSl-1064-A1-R4_A1g01290	-0.772944090352282	0.0074481897584358
29	MvSl-1064-A1-R4_A1g01440	-0.615527670815274	0.0467579891133839
30	MvSl-1064-A1-R4_A1g01484	-0.982590599856397	0.0373261858973523
31	MvSl-1064-A1-R4_A1g01495	-0.825239263126135	0.0277741463878895
32	MvSl-1064-A1-R4_A1g01496	-1.29442677814105	0.0138705225539919
33	MvSl-1064-A1-R4_A1g01497	-0.874302051091606	0.00559466210178289
34	MvSl-1064-A1-R4_A1g01515	-1.21255665160539	5.93891631450145e-05
35	MvSl-1064-A1-R4_MC01-1g01729	-0.934135211497577	0.0166462908262217
36	MvSl-1064-A1-R4_MC01-1g01757	-1.83787055473006	0.00306745193462428
37	MvSl-1064-A1-R4_MC01-1g01758	-0.807970250237303	0.0362293375677921
38	MvSl-1064-A1-R4_MC01-1g01759	-5.345007702167	1.96986371481054e-24
39	MvSl-1064-A1-R4_MC01-1g01760	-4.84224946835717	1.64248573333154e-14
40	MvSl-1064-A1-R4_MC01-1g01783	-1.6654457854428	0.0315983208685879
41	MvSl-1064-A1-R4_MC01-1g01805	-0.847550301404264	0.00186665031232652
42	MvSl-1064-A1-R4_MC01-1g01834	-2.9906015873885	1.08171807792908e-12
43	MvSl-1064-A1-R4_MC01-1g01836	-2.87643674945992	6.54895032107192e-06
44	MvSl-1064-A1-R4_MC01-1g01839	-4.86811803643817	2.7890633327071e-11
45	MvSl-1064-A1-R4_MC01-1g01840	-2.64046309978959	4.9195727137462e-16
46	MvSl-1064-A1-R4_MC01-1g01890	-1.04345987148721	0.0035222782738498
47	MvSl-1064-A1-R4_MC01-1g01892	-3.93288469280644	1.63243993913018e-25
48	MvSl-1064-A1-R4_MC01-1g01896	-0.918844437251113	0.00317127021089123
49	MvSl-1064-A1-R4_MC01-1g01911	-1.478634042135	0.00207990721223275
50	MvSl-1064-A1-R4_MC01-1g01912	-0.757972016057822	0.00720685121802984
51	MvSl-1064-A1-R4_MC01-1g01923	-1.15381030588151	2.93294774830482e-05
52	MvSl-1064-A1-R4_MC01-1g01936	-0.649799767544064	0.0470982544963542
53	MvSl-1064-A1-R4_MC01-1g01970	-1.98367000259443	9.69402715799239e-14
54	MvSl-1064-A1-R4_MC01-1g01975	-2.78780521164571	8.94799713147533e-29
55	MvSl-1064-A1-R4_MC01-1g01978	-1.66001330003785	5.05833767795284e-06
56	MvSl-1064-A1-R4_MC01-1g01994	-2.69510471402735	2.80341336366232e-10
57	MvSl-1064-A1-R4_MC01-1g02002	-1.08263982722775	0.000269626590279943
58	MvSl-1064-A1-R4_MC01-1g02004	-2.38834169511259	1.33479639580459e-06
59	MvSl-1064-A1-R4_MC01-1g02005	-2.22281199060031	9.10002455878553e-07
60	MvSl-1064-A1-R4_MC01-1g02011	-1.05540986400292	0.0208134187697403
61	MvSl-1064-A1-R4_MC01-1g02020	-1.18466658365633	0.000547353928799197
62	MvSl-1064-A1-R4_MC01-1g02022	-0.900167908307623	0.0121316602645108
63	MvSl-1064-A1-R4_MC01-1g02026	-0.904253113506874	0.0111775914604163
64	MvSl-1064-A1-R4_MC01-1g02045	-1.21147568050083	0.002638826716182
65	MvSl-1064-A1-R4_MC01-1g02060	-1.36713722101601	2.82282995957901e-07
66	MvSl-1064-A1-R4_MC01-1g02089	-1.06457384016843	0.00108631727595749
67	MvSl-1064-A1-R4_MC01-1g02122	-0.858946586165921	0.00118626631286167
68	MvSl-1064-A1-R4_MC01-1g02150	-0.922164195875609	0.00223368715220405
69	MvSl-1064-A1-R4_MC01-1g02157	-1.02776127315414	0.00121280539342002
70	MvSl-1064-A1-R4_MC01-1g02161	-2.23543175300319	1.60250705626156e-09
71	MvSl-1064-A1-R4_MC01-1g02181	-0.660015481273674	0.0245660000019285
72	MvSl-1064-A1-R4_MC01-1g02199	-0.868359532885039	0.0275961349145213
73	MvSl-1064-A1-R4_MC01-1g02204	-0.704896936511146	0.0122051857243198
74	MvSl-1064-A1-R4_MC01-1g02212	-3.01188833150889	1.91998865417719e-14
75	MvSl-1064-A1-R4_MC01-1g02232	-4.5917463597073	8.32064647012314e-26
76	MvSl-1064-A1-R4_MC01-1g02234	-0.726167876314711	0.0173932218124118
77	MvSl-1064-A1-R4_MC01-1g02281	-0.728006197640491	0.00871889586704479
78	MvSl-1064-A1-R4_MC01-1g02327	-1.26789318066376	0.000127087485355648
79	MvSl-1064-A1-R4_MC01-1g02334	-1.25350860478666	0.00813789433586821
80	MvSl-1064-A1-R4_MC01-1g02338	-1.04659048868537	0.000463702561890053
81	MvSl-1064-A1-R4_MC01-1g02349	-0.890263169133301	0.00422929437202162
82	MvSl-1064-A1-R4_MC01-1g02357	-0.862861143246727	0.0013740654200328
83	MvSl-1064-A1-R4_MC01-1g02372	-0.770111917828796	0.0145675996058009
84	MvSl-1064-A1-R4_MC01-1g02376	-0.955230433863495	0.0417277350725262
85	MvSl-1064-A1-R4_MC01-1g02412	-2.4083666000004	1.54132865052718e-05
86	MvSl-1064-A1-R4_MC01-1g02421	-1.0228239921361	0.000776280645222259
87	MvSl-1064-A1-R4_MC01-1g02465	-0.987088400804391	0.0321409579440587
88	MvSl-1064-A1-R4_MC01-1g02466	-1.01810369050709	0.0417602239188793
89	MvSl-1064-A1-R4_MC01-1g02476	-1.07923709866095	0.0177679314843737
90	MvSl-1064-A1-R4_MC01-1g02484	-1.14255011085249	3.1926619807066e-05
91	MvSl-1064-A1-R4_MC01-1g02523	-1.00295663295041	0.0251013636801671
92	MvSl-1064-A1-R4_MC01-1g02545	-1.64734012218301	5.83036490941898e-09
93	MvSl-1064-A1-R4_MC01-1g02547	-1.80669945221335	0.00464106564479592
94	MvSl-1064-A1-R4_MC01-1g02564	-1.6578706113404	0.00852394565337479
95	MvSl-1064-A1-R4_MC01-1g02565	-2.88392499064668	8.47372432448143e-05
96	MvSl-1064-A1-R4_MC01-1g02569	-2.09375711372968	3.56261048117781e-10
97	MvSl-1064-A1-R4_MC01-1g02570	-1.53630689693372	2.79605783750231e-09
98	MvSl-1064-A1-R4_MC01-1g02576	-0.633869273307659	0.0410846428305085
99	MvSl-1064-A1-R4_MC01-1g02577	-1.28980634961964	0.000853592051053729
100	MvSl-1064-A1-R4_MC01-1g02628	-1.34368369403672	0.000478342204473176
101	MvSl-1064-A1-R4_MC01-1g02634	-1.6760327900408	7.01442519269333e-05
102	MvSl-1064-A1-R4_MC01-1g02655	-0.769077327726294	0.0250118311035152
103	MvSl-1064-A1-R4_MC01-1g02658	-3.629459903781	1.02051130533449e-35
104	MvSl-1064-A1-R4_MC01-1g02661	-0.790654114468828	0.00486850745363001
105	MvSl-1064-A1-R4_MC01-1g02666	-0.821082460623281	0.0333819378772773
106	MvSl-1064-A1-R4_MC01-1g02711	-1.53259140093462	7.10004003088599e-07
107	MvSl-1064-A1-R4_MC01-1g02712	-2.10284499424547	6.67101914434246e-15
108	MvSl-1064-A1-R4_MC01-1g02713	-1.63979488837638	1.55313088394574e-08
109	MvSl-1064-A1-R4_MC01-1g02730	-1.09548033096691	0.000339514978023016
110	MvSl-1064-A1-R4_MC01-1g02733	-1.55896381244902	3.89659985559724e-06
111	MvSl-1064-A1-R4_MC01-1g02734	-2.16671064194398	3.30495507947209e-10
112	MvSl-1064-A1-R4_MC01-1g02736	-2.19704535492594	1.09905528874716e-06
113	MvSl-1064-A1-R4_MC01-1g02737	-1.77790200133238	5.12604367698156e-06
114	MvSl-1064-A1-R4_MC01-1g02750	-1.31786492297154	0.000376991454882052
115	MvSl-1064-A1-R4_MC01-1g02762	-1.18508487587671	6.65345086313617e-06
116	MvSl-1064-A1-R4_MC01-1g02786	-0.929290551297384	0.0014065948427634
117	MvSl-1064-A1-R4_MC01-1g02787	-2.0978207960235	0.000249485735584181
118	MvSl-1064-A1-R4_MC01-1g02812	-0.975540906633261	0.00166454144573512
119	MvSl-1064-A1-R4_MC01-1g02832	-1.12138737311513	0.00127696438288996
120	MvSl-1064-A1-R4_MC01-1g02833	-7.14544909399733	8.79217037647926e-38
121	MvSl-1064-A1-R4_MC01-1g02853	-1.30178083107017	0.00106146690794153
122	MvSl-1064-A1-R4_MC01-1g02870	-2.66360988773792	6.98590696237863e-10
123	MvSl-1064-A1-R4_MC01-2g02957	-1.28970030116548	0.0281878890541269
124	MvSl-1064-A1-R4_MC01-2g02960	-1.2912016324419	0.000515600053888341
125	MvSl-1064-A1-R4_MC01-2g02967	-1.49889568707425	1.70456986028712e-07
126	MvSl-1064-A1-R4_MC01-2g02970	-2.18882248646119	0.000135673798929276
127	MvSl-1064-A1-R4_MC01-2g02992	-0.606074325603541	0.0425940290749558
128	MvSl-1064-A1-R4_MC01-2g03006	-5.10636757478979	3.7741121045532e-11
129	MvSl-1064-A1-R4_MC01-2g03024	-1.05012004693861	0.0435497730199173
130	MvSl-1064-A1-R4_MC01-2g03069	-1.13329171126067	0.0298220244113646
131	MvSl-1064-A1-R4_MC01-2g03096	-2.61436942432281	1.76213762979252e-08
132	MvSl-1064-A1-R4_MC01-2g03149	-1.18487093305632	0.00135615159105764
133	MvSl-1064-A1-R4_MC01-2g03166	-3.37911919053762	2.65595920228899e-22
134	MvSl-1064-A1-R4_MC02g03227	-0.665702216546165	0.0455109679751852
135	MvSl-1064-A1-R4_MC02g03258	-1.41640989033084	0.00514572873896517
136	MvSl-1064-A1-R4_MC02g03263	-1.52315879954236	0.00122735231114864
137	MvSl-1064-A1-R4_MC02g03268	-0.750752374948494	0.0193430080363142
138	MvSl-1064-A1-R4_MC02g03298	-1.28504581537898	0.00680430280940804
139	MvSl-1064-A1-R4_MC02g03339	-1.24195091006395	3.06085537394681e-05
140	MvSl-1064-A1-R4_MC02g03340	-1.42559729433204	2.08968499833577e-07
141	MvSl-1064-A1-R4_MC02g03341	-1.77372863672432	3.64204876582056e-11
142	MvSl-1064-A1-R4_MC02g03361	-1.92762238034345	0.000275393933707029
143	MvSl-1064-A1-R4_MC02g03362	-1.31231687905721	0.0122051857243198
144	MvSl-1064-A1-R4_MC02g03367	-0.764639292696804	0.0366093737817432
145	MvSl-1064-A1-R4_MC02g03381	-0.972842491238486	0.00327952191968619
146	MvSl-1064-A1-R4_MC02g03385	-1.02796747215529	0.0370855697029914
147	MvSl-1064-A1-R4_MC02g03394	-1.42976767628812	0.00907343927735103
148	MvSl-1064-A1-R4_MC02g03485	-7.55621315365818	1.5941650431701e-81
149	MvSl-1064-A1-R4_MC02g03486	-1.22297677381135	8.58257573151577e-06
150	MvSl-1064-A1-R4_MC02g03495	-1.14853521297816	0.0202011242444713
151	MvSl-1064-A1-R4_MC02g03510	-1.62431255978023	7.41607388435606e-06
152	MvSl-1064-A1-R4_MC02g03511	-0.791662528779314	0.0448334712425208
153	MvSl-1064-A1-R4_MC02g03518	-1.46999302556694	0.000177843144050902
154	MvSl-1064-A1-R4_MC02g03523	-6.01294645967915	1.17374449026338e-14
155	MvSl-1064-A1-R4_MC02g03533	-1.13527449835107	0.0274471993006692
156	MvSl-1064-A1-R4_MC02g03557	-1.07862584243259	0.0113663995981932
157	MvSl-1064-A1-R4_MC02g03569	-1.00114140546345	0.00197003604248581
158	MvSl-1064-A1-R4_MC02g03580	-1.31621002884709	0.000340538118981066
159	MvSl-1064-A1-R4_MC02g03584	-3.42646335177769	6.04130684087033e-22
160	MvSl-1064-A1-R4_MC02g03606	-0.858993684976497	0.00764559317324542
161	MvSl-1064-A1-R4_MC02g03610	-1.62849520724561	0.000663581267684162
162	MvSl-1064-A1-R4_MC02g03638	-1.62265485259541	1.82456191110574e-05
163	MvSl-1064-A1-R4_MC02g03650	-0.662400665689608	0.049854408090395
164	MvSl-1064-A1-R4_MC02g03663	-3.85886984533918	3.56854138047418e-06
165	MvSl-1064-A1-R4_MC02g03674	-2.28722370292245	1.29082577371187e-06
166	MvSl-1064-A1-R4_MC02g03679	-1.08421522514811	0.00241148635354902
167	MvSl-1064-A1-R4_MC02g03708	-2.79700700305472	1.34651252746173e-11
168	MvSl-1064-A1-R4_MC02g03710	-1.0414769701504	0.00122444873868352
169	MvSl-1064-A1-R4_MC02g03713	-0.928364890647362	0.0282499331968895
170	MvSl-1064-A1-R4_MC02g03728	-1.06771321057573	0.02167428448986
171	MvSl-1064-A1-R4_MC02g03734	-1.06892705531035	0.000499256620664729
172	MvSl-1064-A1-R4_MC02g03738	-0.655981983433484	0.0263358885817892
173	MvSl-1064-A1-R4_MC02g03751	-1.01541801505058	8.90807749952894e-05
174	MvSl-1064-A1-R4_MC02g03780	-2.46766570060621	5.78470276206446e-07
175	MvSl-1064-A1-R4_MC02g03781	-2.54219306110311	1.54726202777467e-14
176	MvSl-1064-A1-R4_MC02g03798	-2.43961128138186	2.93897061090303e-10
177	MvSl-1064-A1-R4_MC02g03808	-1.48008677302169	0.000108466696777433
178	MvSl-1064-A1-R4_MC02g03854	-0.917454835474601	0.0145675996058009
179	MvSl-1064-A1-R4_MC02g03855	-1.08090374951573	0.0345933094476943
180	MvSl-1064-A1-R4_MC02g03856	-1.12601875765465	0.00156094637612676
181	MvSl-1064-A1-R4_MC02g03864	-0.845035572826071	0.00309454820063563
182	MvSl-1064-A1-R4_MC02g03895	-2.34997605944383	1.52096604644556e-07
183	MvSl-1064-A1-R4_MC02g03907	-1.14381991681345	0.00148154712079486
184	MvSl-1064-A1-R4_MC02g03915	-2.29340470737034	5.67643694944376e-13
185	MvSl-1064-A1-R4_MC02g03922	-1.65198560797541	3.11986743082855e-05
186	MvSl-1064-A1-R4_MC02g03927	-5.9291232809586	2.6999268800012e-48
187	MvSl-1064-A1-R4_MC02g03944	-1.24512081576407	5.74890516805498e-06
188	MvSl-1064-A1-R4_MC02g03945	-4.03154207754018	1.03567368043911e-24
189	MvSl-1064-A1-R4_MC02g03952	-1.47765581286959	4.42914232580904e-06
190	MvSl-1064-A1-R4_MC02g03955	-0.601090108723823	0.0475606549274969
191	MvSl-1064-A1-R4_MC02g03970	-1.80130799513606	0.01788714539498
192	MvSl-1064-A1-R4_MC02g03977	-2.10542745234239	0.000277074627897815
193	MvSl-1064-A1-R4_MC02g03993	-0.78203700099575	0.0181091976372581
194	MvSl-1064-A1-R4_MC02g04000	-1.11698810741018	0.0158205346731358
195	MvSl-1064-A1-R4_MC02g04016	-2.43488114190725	4.32022197951824e-18
196	MvSl-1064-A1-R4_MC02g04019	-0.668992028069223	0.0311449073453655
197	MvSl-1064-A1-R4_MC02g04020	-0.785348855443051	0.0142274553921581
198	MvSl-1064-A1-R4_MC02g04030	-0.625465772781739	0.0424131462321556
199	MvSl-1064-A1-R4_MC02g04078	-1.26935162825703	0.0168711082792775
200	MvSl-1064-A1-R4_MC02g04090	-4.4244368604212	3.72368848052389e-20
201	MvSl-1064-A1-R4_MC02g04091	-1.68947493621586	5.98359529972056e-08
202	MvSl-1064-A1-R4_MC02g04092	-1.27388452436436	9.49557569926458e-05
203	MvSl-1064-A1-R4_MC02g04102	-1.04848590980746	0.00159091422077509
204	MvSl-1064-A1-R4_MC02g04114	-1.13525666713033	0.00666062037466421
205	MvSl-1064-A1-R4_MC02g04119	-0.676577626965327	0.0277892085894849
206	MvSl-1064-A1-R4_MC02g04123	-1.48702796417386	0.00127108095869603
207	MvSl-1064-A1-R4_MC02g04130	-1.47342905416254	7.26099829602852e-08
208	MvSl-1064-A1-R4_MC02g04132	-1.52454008509734	0.000206154524855886
209	MvSl-1064-A1-R4_MC02g04141	-1.01323637235341	9.17661361272464e-05
210	MvSl-1064-A1-R4_MC02g04185	-1.22270707325139	0.00140223875938186
211	MvSl-1064-A1-R4_MC02g04187	-0.731298798738046	0.0236319719391159
212	MvSl-1064-A1-R4_MC02g04188	-0.913959588600995	0.0416998554149879
213	MvSl-1064-A1-R4_MC02g04192	-4.30127520470972	3.86626418929049e-16
214	MvSl-1064-A1-R4_MC02g04194	-1.36876278212298	7.07053138537091e-05
215	MvSl-1064-A1-R4_MC02g04195	-2.0800901289885	6.17254541672038e-05
216	MvSl-1064-A1-R4_MC02g04197	-2.12114091343426	3.9594435620758e-06
217	MvSl-1064-A1-R4_MC02g04198	-2.17246345985076	5.31996019996605e-08
218	MvSl-1064-A1-R4_MC02g04200	-1.97880583474465	2.93744629346044e-14
219	MvSl-1064-A1-R4_MC02g04201	-2.26152444128002	1.73906381051609e-08
220	MvSl-1064-A1-R4_MC02g04202	-6.54057707764199	9.7345266208232e-39
221	MvSl-1064-A1-R4_MC02g04205	-1.30944749240045	0.0156306595854667
222	MvSl-1064-A1-R4_MC02g04206	-1.65526462490754	0.00168345587658539
223	MvSl-1064-A1-R4_MC02g04218	-1.03642385207885	0.000378050376389313
224	MvSl-1064-A1-R4_MC02g04219	-1.75205040657365	0.0031877012395013
225	MvSl-1064-A1-R4_MC02g04220	-2.30410003653845	0.00437158736983511
226	MvSl-1064-A1-R4_MC02g04224	-5.3369866142125	8.86270663453381e-18
227	MvSl-1064-A1-R4_MC02g04245	-1.12681285312595	0.00846349698456727
228	MvSl-1064-A1-R4_MC03g04292	-0.981104916977952	0.00152295839106491
229	MvSl-1064-A1-R4_MC03g04297	-0.989903750327195	0.00507868931821376
230	MvSl-1064-A1-R4_MC03g04301	-0.770940834518894	0.00688095544943761
231	MvSl-1064-A1-R4_MC03g04304	-0.841808453971001	0.0304787055093347
232	MvSl-1064-A1-R4_MC03g04330	-0.78147029508632	0.0201503154797355
233	MvSl-1064-A1-R4_MC03g04350	-6.24088143561702	2.51498262015612e-16
234	MvSl-1064-A1-R4_MC03g04361	-1.67686606604853	3.49930494977139e-06
235	MvSl-1064-A1-R4_MC03g04367	-1.53449088172936	0.000118310137673647
236	MvSl-1064-A1-R4_MC03g04390	-0.790515156170533	0.0311330317786709
237	MvSl-1064-A1-R4_MC03g04396	-1.02019744917572	0.0482507654699003
238	MvSl-1064-A1-R4_MC03g04400	-0.958193418844702	0.00153670145314991
239	MvSl-1064-A1-R4_MC03g04401	-0.747144756284545	0.024885859395917
240	MvSl-1064-A1-R4_MC03g04419	-3.18419710120132	1.29653575355737e-11
241	MvSl-1064-A1-R4_MC03g04448	-1.17728846388033	0.00475140383316038
242	MvSl-1064-A1-R4_MC03g04449	-0.915267948734015	0.0153299267977496
243	MvSl-1064-A1-R4_MC03g04462	-1.93029139204668	7.99190353324911e-09
244	MvSl-1064-A1-R4_MC03g04472	-0.995608709751849	0.00114461349464757
245	MvSl-1064-A1-R4_MC03g04539	-1.60035652344502	0.00123682024332891
246	MvSl-1064-A1-R4_MC03g04547	-0.914725620310346	0.00304342694992255
247	MvSl-1064-A1-R4_MC03g04548	-0.930382932609754	0.00571970185743586
248	MvSl-1064-A1-R4_MC03g04549	-0.757845532119484	0.0336355763725197
249	MvSl-1064-A1-R4_MC03g04565	-1.01646772250664	0.00517102826376574
250	MvSl-1064-A1-R4_MC03g04579	-0.839711671838423	0.0360236372612368
251	MvSl-1064-A1-R4_MC03g04585	-1.32930280528113	2.51098948887402e-06
252	MvSl-1064-A1-R4_MC03g04658	-2.10563767311743	0.00012118413694648
253	MvSl-1064-A1-R4_MC03g04694	-1.5545981284358	0.000402975335016586
254	MvSl-1064-A1-R4_MC03g04698	-1.47973693449863	2.76967572724509e-05
255	MvSl-1064-A1-R4_MC03g04701	-1.19049374766401	0.00498544717311791
256	MvSl-1064-A1-R4_MC03g04707	-3.17948106729997	3.60497031349197e-13
257	MvSl-1064-A1-R4_MC03g04725	-1.00548927675473	0.00646230062237746
258	MvSl-1064-A1-R4_MC03g04728	-1.79640024767343	0.000343839393108559
259	MvSl-1064-A1-R4_MC03g04729	-1.69664861268177	0.000954651823682455
260	MvSl-1064-A1-R4_MC03g04737	-2.14923435515637	1.46446471922376e-06
261	MvSl-1064-A1-R4_MC03g04738	-1.52112800038318	0.00180368050037939
262	MvSl-1064-A1-R4_MC03g04739	-1.35514103093941	0.00316614560315444
263	MvSl-1064-A1-R4_MC03g04761	-1.22589122049225	0.00137234333930095
264	MvSl-1064-A1-R4_MC03g04773	-1.52504741735897	5.77810558534458e-05
265	MvSl-1064-A1-R4_MC03g04789	-0.919596394629224	0.0138311193130302
266	MvSl-1064-A1-R4_MC03g04792	-0.784032832663504	0.0110901421946624
267	MvSl-1064-A1-R4_MC03g04810	-0.736547543277152	0.0130948790832663
268	MvSl-1064-A1-R4_MC03g04829	-0.723166118249426	0.0150459164871258
269	MvSl-1064-A1-R4_MC03g04834	-1.19792633621415	0.000630632855908139
270	MvSl-1064-A1-R4_MC03g04839	-1.92974450278487	5.59845496432056e-12
271	MvSl-1064-A1-R4_MC03g04847	-1.51318858047666	0.0253575831236945
272	MvSl-1064-A1-R4_MC03g04848	-0.949668239790892	0.00326680584835172
273	MvSl-1064-A1-R4_MC03g04867	-1.04643561805452	0.0112102711766148
274	MvSl-1064-A1-R4_MC03g04879	-2.11961145193716	0.00192429224683054
275	MvSl-1064-A1-R4_MC03g04886	-0.895330268641791	0.0356883824921273
276	MvSl-1064-A1-R4_MC03g04894	-0.720720562530537	0.0452715179838454
277	MvSl-1064-A1-R4_MC03g04909	-1.20437661801738	0.00376478358837561
278	MvSl-1064-A1-R4_MC03g04924	-6.69625039139742	1.30764333643282e-56
279	MvSl-1064-A1-R4_MC03g04931	-0.965240173858945	0.00404876505352443
280	MvSl-1064-A1-R4_MC03g04936	-1.17643576709016	0.0125578831158439
281	MvSl-1064-A1-R4_MC03g04975	-1.80802809435871	2.34679711640472e-08
282	MvSl-1064-A1-R4_MC03g05003	-0.791780405368437	0.0297344151814625
283	MvSl-1064-A1-R4_MC03g05005	-0.762644851628335	0.0181345366075296
284	MvSl-1064-A1-R4_MC03g05022	-3.39218584972748	2.63142074043383e-15
285	MvSl-1064-A1-R4_MC03g05024	-1.51188647205537	0.000441772534501407
286	MvSl-1064-A1-R4_MC03g05026	-0.967241404084598	0.0166462908262217
287	MvSl-1064-A1-R4_MC03g05038	-0.800706774436711	0.0203339407502521
288	MvSl-1064-A1-R4_MC03g05052	-0.859378317845099	0.0198098529469347
289	MvSl-1064-A1-R4_MC03g05058	-0.733148942464264	0.0345592415006204
290	MvSl-1064-A1-R4_MC03g05061	-2.05020673869986	0.000391743406990635
291	MvSl-1064-A1-R4_MC03g05070	-2.92485243499641	0.00282598428135425
292	MvSl-1064-A1-R4_MC03g05072	-0.794163746559619	0.0211672434476157
293	MvSl-1064-A1-R4_MC03g05087	-1.5768803583325	0.000695069258152946
294	MvSl-1064-A1-R4_MC03g05097	-3.6092413146206	1.17350174147038e-17
295	MvSl-1064-A1-R4_MC03g05099	-1.37694009049936	0.000193295420456883
296	MvSl-1064-A1-R4_MC03g05103	-1.88464332291601	2.8052730455265e-10
297	MvSl-1064-A1-R4_MC03g05106	-1.07670980588304	0.00684563811433526
298	MvSl-1064-A1-R4_MC03g05122	-1.18035690706356	1.92747765937808e-05
299	MvSl-1064-A1-R4_MC03g05152	-1.0557414980033	0.0248235395065189
300	MvSl-1064-A1-R4_MC03g05163	-3.05596924013262	2.80342193515774e-14
301	MvSl-1064-A1-R4_MC03g05164	-1.84326750000306	0.000137618711972497
302	MvSl-1064-A1-R4_MC03g05165	-1.78802684500109	0.00442673559172274
303	MvSl-1064-A1-R4_MC03g05176	-2.13779527489436	7.24128874012082e-10
304	MvSl-1064-A1-R4_MC03g05224	-1.84916760470135	0.00045176744524917
305	MvSl-1064-A1-R4_MC03g05242	-0.955018969355718	0.0293283161047791
306	MvSl-1064-A1-R4_MC03g05244	-1.05492918083995	0.00604949134442027
307	MvSl-1064-A1-R4_MC03g05250	-0.72495659268743	0.0308524812851648
308	MvSl-1064-A1-R4_MC03g05252	-0.668694656325682	0.0223561176224462
309	MvSl-1064-A1-R4_MC04-1g05283	-1.08343707077998	0.0128975485631915
310	MvSl-1064-A1-R4_MC04-1g05292	-3.30190909567656	2.72209351139924e-20
311	MvSl-1064-A1-R4_MC04-1g05296	-0.98937762677073	0.00266109130430064
312	MvSl-1064-A1-R4_MC04-1g05304	-8.55710151814299	7.61117461276451e-27
313	MvSl-1064-A1-R4_MC04-1g05313	-2.26966448947378	5.32341651858481e-07
314	MvSl-1064-A1-R4_MC04-1g05315	-3.86766770508562	3.06641562820479e-12
315	MvSl-1064-A1-R4_MC04-1g05375	-1.38565920409904	0.0170251142456637
316	MvSl-1064-A1-R4_MC04-1g05376	-1.2081020683857	2.32436691241044e-05
317	MvSl-1064-A1-R4_MC04-1g05377	-3.06293740241912	2.34679711640472e-08
318	MvSl-1064-A1-R4_MC04-1g05465	-1.14076056634117	0.000341836224529061
319	MvSl-1064-A1-R4_MC04-1g05468	-2.02435204970701	1.00971452564192e-05
320	MvSl-1064-A1-R4_MC04-1g05470	-1.11540836317259	0.000656549623408902
321	MvSl-1064-A1-R4_MC04-1g05478	-0.712446869843361	0.0258720327982783
322	MvSl-1064-A1-R4_MC04-1g05483	-3.31340547865267	1.64559176864952e-06
323	MvSl-1064-A1-R4_MC04-1g05491	-1.0048510772454	0.00209501914200911
324	MvSl-1064-A1-R4_MC04-1g05530	-0.818359905863653	0.0209244609798406
325	MvSl-1064-A1-R4_MC04-1g05585	-0.893058345971236	0.00846349698456727
326	MvSl-1064-A1-R4_MC04-1g05588	-0.880540035844538	0.0489302888182424
327	MvSl-1064-A1-R4_MC04-1g05592	-1.63545337272046	1.04142791988163e-08
328	MvSl-1064-A1-R4_MC04-1g05632	-2.34832761788084	1.46119207520892e-12
329	MvSl-1064-A1-R4_MC04-1g05662	-0.761343748284434	0.0270733055914437
330	MvSl-1064-A1-R4_MC04-1g05664	-0.93461882361399	0.0387786752265631
331	MvSl-1064-A1-R4_MC04-1g05672	-1.58287598402929	9.90919319684080e-09
332	MvSl-1064-A1-R4_MC04-1g05675	-0.768891433740383	0.0177679314843737
333	MvSl-1064-A1-R4_MC04-1g05682	-1.3616649926387	5.72046198725951e-05
334	MvSl-1064-A1-R4_MC04-1g05683	-0.725875702638908	0.0404471616414523
335	MvSl-1064-A1-R4_MC04-1g05712	-3.69388988497061	4.57493822008386e-18
336	MvSl-1064-A1-R4_MC04-1g05749	-4.45360069694433	2.29050036160386e-34
337	MvSl-1064-A1-R4_MC04-1g05764	-4.14563433926953	3.9661569845779e-10
338	MvSl-1064-A1-R4_MC04-1g05801	-2.69496875733294	1.68197416795517e-10
339	MvSl-1064-A1-R4_MC04-1g05810	-9.37035236498357	1.92416816736452e-118
340	MvSl-1064-A1-R4_MC04-1g05815	-1.45971766304134	7.72957866164376e-05
341	MvSl-1064-A1-R4_MC04-1g05832	-4.4215260103995	3.27799399128477e-07
342	MvSl-1064-A1-R4_MC04-1g05833	-4.97618170336042	6.07067941359138e-21
343	MvSl-1064-A1-R4_MC04-1g05834	-1.64283562074793	0.0109808890813579
344	MvSl-1064-A1-R4_MC04-1g05836	-2.07476071565119	7.36051535365195e-05
345	MvSl-1064-A1-R4_MC04-1g05861	-1.83580746280578	9.93900609589822e-06
346	MvSl-1064-A1-R4_MC04-1g05906	-1.03750947258611	0.00192879908711772
347	MvSl-1064-A1-R4_MC04-1g05908	-2.40136225241733	2.2091299296597e-10
348	MvSl-1064-A1-R4_MC04-1g05914	-0.730911295047231	0.0203830999316187
349	MvSl-1064-A1-R4_MC04-1g05935	-0.949328686526818	0.0385903193015333
350	MvSl-1064-A1-R4_MC04-1g05936	-1.04454376540701	0.0103283098648128
351	MvSl-1064-A1-R4_MC04-1g05937	-0.795447780873024	0.0320706816802271
352	MvSl-1064-A1-R4_MC04-1g05942	-1.03463124300288	0.0451630748527501
353	MvSl-1064-A1-R4_MC04-1g06009	-0.723701931900687	0.00945473871897142
354	MvSl-1064-A1-R4_MC04-1g06048	-1.01641963030643	0.00913030925385
355	MvSl-1064-A1-R4_MC04-1g06049	-3.58601144865385	5.75739942542187e-08
356	MvSl-1064-A1-R4_MC04-1g06059	-1.32008085222509	0.0126507104008261
357	MvSl-1064-A1-R4_MC04-1g06060	-0.886487091821275	0.00604291042257307
358	MvSl-1064-A1-R4_MC04-2g06086	-0.955780684279825	0.0199632583439471
359	MvSl-1064-A1-R4_MC04-2g06103	-2.11730725156859	0.000199485224572411
360	MvSl-1064-A1-R4_MC05-1g06148	-0.758732833326164	0.0139100699254102
361	MvSl-1064-A1-R4_MC05-1g06184	-1.50222958904789	6.45515973256463e-05
362	MvSl-1064-A1-R4_MC05-1g06189	-2.74960079882057	5.47422694566604e-22
363	MvSl-1064-A1-R4_MC05-1g06211	-1.00487496520754	0.0214830752140687
364	MvSl-1064-A1-R4_MC05-1g06217	-0.847297120555355	0.00329471759043618
365	MvSl-1064-A1-R4_MC05-1g06223	-3.2935162030063	1.04594730339471e-38
366	MvSl-1064-A1-R4_MC05-1g06241	-1.30123026405192	0.00066276369032956
367	MvSl-1064-A1-R4_MC05-1g06249	-0.808570356485657	0.0423553248340448
368	MvSl-1064-A1-R4_MC05-1g06269	-1.95193097924825	0.00183765414496998
369	MvSl-1064-A1-R4_MC05-2g06318	-1.01132760003368	0.00486850745363001
370	MvSl-1064-A1-R4_MC05-2g06335	-2.96625920646647	4.58265863513344e-14
371	MvSl-1064-A1-R4_MC05-2g06344	-0.925444233224323	0.0314742073865781
372	MvSl-1064-A1-R4_MC05-2g06353	-0.632535565326686	0.0379333868899455
373	MvSl-1064-A1-R4_MC05-2g06365	-1.06142148801138	0.0066882191082218
374	MvSl-1064-A1-R4_MC05-2g06375	-1.59752487255171	7.27499859443143e-05
375	MvSl-1064-A1-R4_MC05-2g06395	-2.79364829832276	9.96787002118254e-07
376	MvSl-1064-A1-R4_MC05-2g06412	-2.56199542273083	5.08254933347245e-15
377	MvSl-1064-A1-R4_MC05-2g06420	-1.65349117613263	3.14790779272264e-05
378	MvSl-1064-A1-R4_MC05-2g06429	-1.01928867292858	0.0383261098848073
379	MvSl-1064-A1-R4_MC05-2g06454	-2.29923170540922	5.80977827612827e-09
380	MvSl-1064-A1-R4_MC05-2g06456	-0.955124574777991	0.0139971639232155
381	MvSl-1064-A1-R4_MC05-3g06507	-1.34929921518285	0.00859696824662067
382	MvSl-1064-A1-R4_MC05-3g06525	-0.79535277712882	0.035503674758029
383	MvSl-1064-A1-R4_MC05-3g06556	-0.705731162563614	0.0437537001823954
384	MvSl-1064-A1-R4_MC05-3g06593	-2.1905676051329	6.64003946277068e-06
385	MvSl-1064-A1-R4_MC05-3g06594	-1.96974238554679	1.93857941338525e-06
386	MvSl-1064-A1-R4_MC05-3g06611	-1.30706862796798	0.00211235087361711
387	MvSl-1064-A1-R4_MC05-3g06616	-0.711865150160692	0.011619307226813
388	MvSl-1064-A1-R4_MC05-3g06617	-4.29192870310168	1.00887412859151e-17
389	MvSl-1064-A1-R4_MC05-3g06621	-2.22528982164804	7.79378984041078e-07
390	MvSl-1064-A1-R4_MC05-3g06642	-3.31368770872284	1.46489770245513e-09
391	MvSl-1064-A1-R4_MC05-3g06674	-0.605105171242155	0.0457247476212557
392	MvSl-1064-A1-R4_MC05-3g06682	-1.21282796015916	0.000495137139091961
393	MvSl-1064-A1-R4_MC05-3g06688	-2.59162790028075	7.72729368879213e-17
394	MvSl-1064-A1-R4_MC05-3g06689	-1.05107286279951	0.00109774999503154
395	MvSl-1064-A1-R4_MC05-3g06713	-0.646407306646553	0.0451839855630529
396	MvSl-1064-A1-R4_MC05-3g06733	-1.15534317377011	4.88370596033806e-05
397	MvSl-1064-A1-R4_MC05-3g06739	-1.45916482642589	1.00611235459234e-05
398	MvSl-1064-A1-R4_MC05-3g06742	-1.08172101774254	0.0184395232195231
399	MvSl-1064-A1-R4_MC05-3g06790	-1.26070527725757	0.000579954891770434
400	MvSl-1064-A1-R4_MC05-3g06803	-0.993696100907715	0.0360236372612368
401	MvSl-1064-A1-R4_MC05-3g06813	-2.04914727104373	2.5400041206975e-09
402	MvSl-1064-A1-R4_MC05-3g06833	-3.32875085189506	1.90637098437469e-09
403	MvSl-1064-A1-R4_MC06g06861	-1.1628147951738	0.0184916865185382
404	MvSl-1064-A1-R4_MC06g06866	-1.38485911844091	0.000295432868286025
405	MvSl-1064-A1-R4_MC06g06870	-0.78271519150706	0.0066882191082218
406	MvSl-1064-A1-R4_MC06g06875	-0.902407835755299	0.0136543329204724
407	MvSl-1064-A1-R4_MC06g06883	-1.18331489420111	0.00586240957519369
408	MvSl-1064-A1-R4_MC06g06914	-0.770545229731368	0.0130280559985322
409	MvSl-1064-A1-R4_MC06g06923	-0.878720348032097	0.00186665031232652
410	MvSl-1064-A1-R4_MC06g06929	-1.08274073899535	0.00296662648485394
411	MvSl-1064-A1-R4_MC06g06938	-0.698115742125461	0.0272926838959321
412	MvSl-1064-A1-R4_MC06g06940	-1.72715432189537	0.00105662575952718
413	MvSl-1064-A1-R4_MC06g06942	-0.961604523879375	0.0145675996058009
414	MvSl-1064-A1-R4_MC06g06943	-0.899506538769547	0.0112450571708722
415	MvSl-1064-A1-R4_MC06g06944	-3.8091867350845	1.13461441064925e-18
416	MvSl-1064-A1-R4_MC06g06962	-0.923573606233943	0.00302358580154318
417	MvSl-1064-A1-R4_MC06g07064	-1.56078430372867	0.000278249791270623
418	MvSl-1064-A1-R4_MC06g07099	-2.58704610858389	7.27622629586643e-06
419	MvSl-1064-A1-R4_MC06g07119	-0.745458949077458	0.0141071978891227
420	MvSl-1064-A1-R4_MC06g07138	-1.42650385289252	2.47960232081683e-08
421	MvSl-1064-A1-R4_MC06g07150	-0.767665439398217	0.0402398823495433
422	MvSl-1064-A1-R4_MC06g07161	-1.0958924147192	0.0348759340537442
423	MvSl-1064-A1-R4_MC06g07164	-1.01776930448791	0.0179025025123056
424	MvSl-1064-A1-R4_MC06g07178	-1.65411840074078	0.0082986029023712
425	MvSl-1064-A1-R4_MC06g07235	-4.47679873586256	3.51970716390798e-41
426	MvSl-1064-A1-R4_MC06g07236	-3.92352292272028	1.75666678016164e-10
427	MvSl-1064-A1-R4_MC06g07255	-2.14714443651552	7.66968696001043e-11
428	MvSl-1064-A1-R4_MC06g07260	-1.22698869666503	7.3490508982642e-07
429	MvSl-1064-A1-R4_MC06g07269	-1.10685527705438	0.0112450571708722
430	MvSl-1064-A1-R4_MC06g07287	-1.15416269724735	0.00732988358053445
431	MvSl-1064-A1-R4_MC06g07288	-1.57061365768536	0.000222062745518167
432	MvSl-1064-A1-R4_MC06g07310	-0.832593484217268	0.0321353805808236
433	MvSl-1064-A1-R4_MC06g07315	-1.11055030458444	8.6228196748556e-05
434	MvSl-1064-A1-R4_MC06g07329	-6.18647500860092	5.25492333376684e-11
435	MvSl-1064-A1-R4_MC06g07342	-5.0951092577629	4.95601060631922e-44
436	MvSl-1064-A1-R4_MC06g07356	-0.968626123790116	0.00870136083565546
437	MvSl-1064-A1-R4_MC06g07360	-1.12934228551625	9.68815510297662e-05
438	MvSl-1064-A1-R4_MC06g07362	-0.797623367900355	0.0498813888013051
439	MvSl-1064-A1-R4_MC06g07397	-2.62926705513972	9.49557569926458e-05
440	MvSl-1064-A1-R4_MC06g07428	-0.8239544870347	0.00368817179757149
441	MvSl-1064-A1-R4_MC06g07447	-0.953855011509017	0.00242695973917958
442	MvSl-1064-A1-R4_MC06g07454	-3.098095666396	2.00332408597435e-12
443	MvSl-1064-A1-R4_MC06g07468	-0.700213576653324	0.0254464709779692
444	MvSl-1064-A1-R4_MC06g07478	-2.81374700498435	1.40043795498585e-07
445	MvSl-1064-A1-R4_MC06g07517	-1.01955021782937	0.000524415030591244
446	MvSl-1064-A1-R4_MC07g07549	-2.37281818138193	8.0108152973685e-05
447	MvSl-1064-A1-R4_MC07g07565	-1.19690916411653	3.44434799175447e-05
448	MvSl-1064-A1-R4_MC07g07587	-0.784342134973877	0.00758024782440157
449	MvSl-1064-A1-R4_MC07g07590	-0.919161501242855	0.0222410792955449
450	MvSl-1064-A1-R4_MC07g07592	-1.41339771160757	0.00103233982581117
451	MvSl-1064-A1-R4_MC07g07609	-2.16283152785162	2.32190086345392e-05
452	MvSl-1064-A1-R4_MC07g07693	-1.79565702104778	0.000539901058649492
453	MvSl-1064-A1-R4_MC07g07696	-1.30281567760937	1.22811783532683e-05
454	MvSl-1064-A1-R4_MC07g07719	-1.1387372204459	0.0110927472699401
455	MvSl-1064-A1-R4_MC07g07734	-2.01362447255898	1.83662134728576e-13
456	MvSl-1064-A1-R4_MC07g07744	-0.739838199548715	0.0147296069739828
457	MvSl-1064-A1-R4_MC07g07837	-1.85033471827156	5.98359529972056e-08
458	MvSl-1064-A1-R4_MC07g07841	-1.22969567677554	7.77936862057935e-05
459	MvSl-1064-A1-R4_MC07g07852	-0.681028384180733	0.0317773788621986
460	MvSl-1064-A1-R4_MC07g07864	-0.762739893229057	0.0111011894473541
461	MvSl-1064-A1-R4_MC07g07868	-1.11097679741543	0.00422929437202162
462	MvSl-1064-A1-R4_MC07g07882	-1.54267758106246	3.06729737590532e-06
463	MvSl-1064-A1-R4_MC07g07887	-2.9942905321316	0.000192739141576131
464	MvSl-1064-A1-R4_MC07g07913	-0.934949488440484	0.0446589886143465
465	MvSl-1064-A1-R4_MC07g07941	-0.991269426603294	0.00062682231155989
466	MvSl-1064-A1-R4_MC07g07945	-1.96122842068642	0.000112754756635136
467	MvSl-1064-A1-R4_MC07g07946	-1.72338941781407	7.90740948372388e-10
468	MvSl-1064-A1-R4_MC07g07953	-1.68726008673402	7.45965864373898e-11
469	MvSl-1064-A1-R4_MC07g07961	-1.4170966744127	0.00908943469236132
470	MvSl-1064-A1-R4_MC07g07977	-0.721382655560923	0.0336418682499803
471	MvSl-1064-A1-R4_MC07g07978	-1.5932184370786	0.00163210341568192
472	MvSl-1064-A1-R4_MC07g07982	-1.15334901217028	0.0447925658191598
473	MvSl-1064-A1-R4_MC07g07984	-1.3774169671872	0.0146716694366917
474	MvSl-1064-A1-R4_MC07g08004	-1.45675234238681	0.00127108095869603
475	MvSl-1064-A1-R4_MC07g08016	-2.4003834411834	2.06711482836689e-22
476	MvSl-1064-A1-R4_MC07g08018	-1.09712263177703	0.000182708922464538
477	MvSl-1064-A1-R4_MC07g08025	-1.78687144796229	6.72647880247848e-11
478	MvSl-1064-A1-R4_MC07g08031	-0.747787750607838	0.0418369883503101
479	MvSl-1064-A1-R4_MC07g08037	-2.00405313497508	2.63766966945268e-10
480	MvSl-1064-A1-R4_MC07g08038	-1.45908146897886	0.00198705890263457
481	MvSl-1064-A1-R4_MC07g08062	-1.27057099910261	6.39900396378623e-06
482	MvSl-1064-A1-R4_MC07g08080	-1.76513133439015	3.45369165192059e-05
483	MvSl-1064-A1-R4_MC07g08101	-1.21579723900385	0.00128506809960165
484	MvSl-1064-A1-R4_MC07g08103	-1.08226351860951	0.000714351373105149
485	MvSl-1064-A1-R4_MC07g08106	-1.91160289472219	0.00024637395629455
486	MvSl-1064-A1-R4_MC07g08146	-0.913926585517565	0.00454337868263697
487	MvSl-1064-A1-R4_MC07g08163	-0.858246440527074	0.0261293313683174
488	MvSl-1064-A1-R4_MC07g08197	-0.65021155023385	0.0365297303077569
489	MvSl-1064-A1-R4_MC07g08198	-2.0471898764234	0.00155731538881994
490	MvSl-1064-A1-R4_MC07g08201	-1.06511092467698	0.0148883469037106
491	MvSl-1064-A1-R4_MC07g08206	-0.941211459351487	0.0149294919955157
492	MvSl-1064-A1-R4_MC07g08208	-2.3793168698008	3.60497031349197e-13
493	MvSl-1064-A1-R4_MC07g08209	-2.31616073844378	5.50287158719699e-11
494	MvSl-1064-A1-R4_MC07g08235	-0.819401662274508	0.011170300948308
495	MvSl-1064-A1-R4_MC07g08246	-0.971253249767564	0.0140325939739278
496	MvSl-1064-A1-R4_MC08g08277	-5.81660034389855	8.12726430360049e-34
497	MvSl-1064-A1-R4_MC08g08298	-1.20265542899214	0.0199194068307997
498	MvSl-1064-A1-R4_MC08g08301	-0.818837712058651	0.0132387045177617
499	MvSl-1064-A1-R4_MC08g08311	-0.960400066912361	0.00382835447931475
500	MvSl-1064-A1-R4_MC08g08337	-2.69929423642792	2.65400212061107e-05
501	MvSl-1064-A1-R4_MC08g08338	-1.29942332879106	0.000548281954988728
502	MvSl-1064-A1-R4_MC08g08360	-0.939843975280538	0.00802394669841995
503	MvSl-1064-A1-R4_MC08g08361	-1.4065661515306	8.25036742129128e-07
504	MvSl-1064-A1-R4_MC08g08367	-1.13099465967187	0.0268345627484788
505	MvSl-1064-A1-R4_MC08g08369	-1.38967389797084	0.00471122341953955
506	MvSl-1064-A1-R4_MC08g08428	-0.616004185839612	0.0432622054393233
507	MvSl-1064-A1-R4_MC08g08432	-0.6221145114394	0.0452715179838454
508	MvSl-1064-A1-R4_MC08g08445	-1.42242616679565	2.46093379018458e-08
509	MvSl-1064-A1-R4_MC08g08469	-1.43288577752043	0.00345430462183343
510	MvSl-1064-A1-R4_MC08g08474	-0.70968883052714	0.011170300948308
511	MvSl-1064-A1-R4_MC08g08477	-1.67063245551597	0.000943715061978172
512	MvSl-1064-A1-R4_MC08g08479	-4.85514471564089	2.68761352062085e-20
513	MvSl-1064-A1-R4_MC08g08480	-7.73675121812053	3.07664156834989e-21
514	MvSl-1064-A1-R4_MC08g08481	-12.5701430109146	1.5941650431701e-81
515	MvSl-1064-A1-R4_MC08g08482	-13.0457648240982	2.49857218998978e-102
516	MvSl-1064-A1-R4_MC08g08504	-1.77483100317236	1.27191781290163e-09
517	MvSl-1064-A1-R4_MC08g08542	-0.851392700347884	0.0234030364916019
518	MvSl-1064-A1-R4_MC08g08570	-0.941299341156201	0.0474420907881099
519	MvSl-1064-A1-R4_MC08g08595	-0.732085672078768	0.0182540686517628
520	MvSl-1064-A1-R4_MC08g08628	-5.1082288436688	3.55612873539477e-19
521	MvSl-1064-A1-R4_MC08g08639	-0.929340937675221	0.025321927556964
522	MvSl-1064-A1-R4_MC08g08672	-0.782742035190274	0.00755785421102362
523	MvSl-1064-A1-R4_MC08g08776	-2.68219169781661	1.50562947130147e-07
524	MvSl-1064-A1-R4_MC08g08777	-2.5688421420846	1.38000350535287e-07
525	MvSl-1064-A1-R4_MC08g08800	-3.26633162283139	4.8301608055476e-12
526	MvSl-1064-A1-R4_MC08g08817	-2.73803911328419	2.55832569996708e-15
527	MvSl-1064-A1-R4_MC08g08818	-1.81596315346307	0.016371218993971
528	MvSl-1064-A1-R4_MC08g08826	-0.743675946488255	0.0227207951794144
529	MvSl-1064-A1-R4_MC08g08828	-0.869955636440251	0.0117455348574567
530	MvSl-1064-A1-R4_MC08g08838	-1.25330994721325	0.0220609700599954
531	MvSl-1064-A1-R4_MC08g08855	-3.58915574997887	5.64265010633954e-29
532	MvSl-1064-A1-R4_MC08g08860	-2.13470507516435	1.42085734287305e-15
533	MvSl-1064-A1-R4_MC08g08861	-2.24059405121579	4.28272763825901e-13
534	MvSl-1064-A1-R4_MC09-1g08909	-1.5237810034108	0.000635588064421533
535	MvSl-1064-A1-R4_MC09-2g08938	-4.55126895740704	2.67698618213642e-08
536	MvSl-1064-A1-R4_MC09-2g08939	-2.39344138894979	1.64673294762122e-05
537	MvSl-1064-A1-R4_MC09-2g08940	-0.939928410402035	0.000954651823682455
538	MvSl-1064-A1-R4_MC09-2g08965	-0.88544171112315	0.0148597829049457
539	MvSl-1064-A1-R4_MC09-2g08966	-1.24849936229812	0.000892599996251931
540	MvSl-1064-A1-R4_MC09-2g09008	-1.29281093511614	0.0125416283419175
541	MvSl-1064-A1-R4_MC09-2g09050	-1.30519225227485	0.0036661081673594
542	MvSl-1064-A1-R4_MC09-2g09051	-1.34365461902114	0.000377749136649758
543	MvSl-1064-A1-R4_MC09-2g09053	-1.44151758520817	4.76877513600296e-05
544	MvSl-1064-A1-R4_MC09-2g09067	-4.96648483175473	3.4597173271567e-15
545	MvSl-1064-A1-R4_MC09-2g09069	-1.13625294550797	0.0029416939145861
546	MvSl-1064-A1-R4_MC09-2g09072	-0.76364025090622	0.0495723600284916
547	MvSl-1064-A1-R4_MC09-2g09078	-1.29626780419492	0.0329343552109354
548	MvSl-1064-A1-R4_MC09-2g09089	-0.896892684925022	0.0107850873132757
549	MvSl-1064-A1-R4_MC09-2g09120	-1.11723597172214	0.00305329034405335
550	MvSl-1064-A1-R4_MC09-2g09123	-1.53673414097063	7.72830206055518e-05
551	MvSl-1064-A1-R4_MC09-2g09131	-3.21438536741514	5.86164659489448e-05
552	MvSl-1064-A1-R4_MC09-2g09132	-3.28739110004787	5.42292574160871e-06
553	MvSl-1064-A1-R4_MC09-2g09141	-1.49633483625435	6.45187644411618e-07
554	MvSl-1064-A1-R4_MC09-2g09144	-3.92671503263179	1.49710049622767e-36
555	MvSl-1064-A1-R4_MC09-2g09157	-1.02930372216611	0.0484682432177088
556	MvSl-1064-A1-R4_MC09-2g09159	-1.19524086935797	0.00759305057491219
557	MvSl-1064-A1-R4_MC09-2g09160	-1.07270245259766	0.000302753156903307
558	MvSl-1064-A1-R4_MC09-2g09187	-0.656332132448252	0.0201503154797355
559	MvSl-1064-A1-R4_MC09-2g09191	-1.35095832224377	3.88575832617161e-07
560	MvSl-1064-A1-R4_MC09-2g09225	-0.793448864541967	0.010032290411015
561	MvSl-1064-A1-R4_MC09-2g09237	-0.673641289588697	0.0266607041042734
562	MvSl-1064-A1-R4_MC09-2g09247	-0.790791717326811	0.0332600528013289
563	MvSl-1064-A1-R4_MC09-2g09255	-0.929489087057069	0.00068950652869149
564	MvSl-1064-A1-R4_MC09-2g09256	-0.99194438844317	0.0059780538353194
565	MvSl-1064-A1-R4_MC09-2g09269	-1.83256118599309	0.000280267714192426
566	MvSl-1064-A1-R4_MC09-2g09283	-1.26663435017356	0.00020019691264983
567	MvSl-1064-A1-R4_MC09-2g09289	-1.26964935765967	0.0023476162070986
568	MvSl-1064-A1-R4_MC09-2g09292	-0.947770253180271	0.017576105641983
569	MvSl-1064-A1-R4_MC09-2g09305	-1.33888800059957	0.00618785866691174
570	MvSl-1064-A1-R4_MC09-2g09306	-2.63525131482373	0.00443372044993616
571	MvSl-1064-A1-R4_MC09-2g09324	-0.671702175121299	0.0322201449956554
572	MvSl-1064-A1-R4_MC09-2g09353	-0.680363509543561	0.0201052239129144
573	MvSl-1064-A1-R4_MC09-2g09373	-2.31153336431174	5.57507892226278e-06
574	MvSl-1064-A1-R4_MC09-2g09374	-0.736615873386331	0.036450666994128
575	MvSl-1064-A1-R4_MC09-2g09396	-0.887226026656674	0.00309196492892453
576	MvSl-1064-A1-R4_MC09-2g09412	-0.834436362862515	0.00280697803394124
577	MvSl-1064-A1-R4_MC09-2g09415	-0.942889907307494	0.00572388446983706
578	MvSl-1064-A1-R4_MC09-2g09419	-1.05371085598587	0.00228346978997993
579	MvSl-1064-A1-R4_MC09-2g09440	-0.975336085720408	0.000540818822099784
580	MvSl-1064-A1-R4_MC09-2g09469	-1.56170105511772	7.0604094927446e-10
581	MvSl-1064-A1-R4_MC09-2g09477	-1.26868808184458	0.0176614007165407
582	MvSl-1064-A1-R4_MC09-2g09478	-1.60838687201174	0.000616164749661163
583	MvSl-1064-A1-R4_MC09-2g09485	-2.11368174859212	0.00231921610425012
584	MvSl-1064-A1-R4_MC09-2g09486	-2.70087838367628	5.81002641007072e-09
585	MvSl-1064-A1-R4_MC09-2g09487	-2.69271277586794	7.66821901683024e-13
586	MvSl-1064-A1-R4_MC09-2g09488	-2.38400805349361	1.52432797740071e-10
587	MvSl-1064-A1-R4_MC09-2g09489	-2.47963689711095	5.65431048321117e-19
588	MvSl-1064-A1-R4_MC09-2g09490	-2.67284346631293	1.07567988587236e-13
589	MvSl-1064-A1-R4_MC09-2g09506	-1.4030439756195	0.000770728246983481
590	MvSl-1064-A1-R4_MC09-2g09507	-1.30894953239311	0.00872923104565578
591	MvSl-1064-A1-R4_MC09-2g09509	-1.36701151459683	7.59796384863961e-07
592	MvSl-1064-A1-R4_MC09-2g09511	-0.802269847400949	0.00764559317324542
593	MvSl-1064-A1-R4_MC09-2g09532	-0.909096673818491	0.00725116104343229
594	MvSl-1064-A1-R4_MC09-2g09536	-1.66810406911909	0.0218293136025803
595	MvSl-1064-A1-R4_MC09-2g09552	-0.815959830415903	0.0156306595854667
596	MvSl-1064-A1-R4_MC09-2g09561	-0.919538264356126	0.0051247095085033
597	MvSl-1064-A1-R4_MC09-2g09573	-3.32830826203469	1.40043795498585e-07
598	MvSl-1064-A1-R4_MC10-1g09614	-1.46600858745442	0.0209356509915785
599	MvSl-1064-A1-R4_MC10-1g09615	-0.882296660805847	0.018914223526417
600	MvSl-1064-A1-R4_MC10-1g09628	-1.18467883658828	0.000268332093986484
601	MvSl-1064-A1-R4_MC10-1g09635	-1.19263761303324	6.93469077140158e-05
602	MvSl-1064-A1-R4_MC10-1g09642	-1.04760261473821	0.00118626631286167
603	MvSl-1064-A1-R4_MC10-1g09656	-1.34226149632662	4.72906982348447e-05
604	MvSl-1064-A1-R4_MC10-1g09691	-0.911693417176492	0.0338351895310296
605	MvSl-1064-A1-R4_MC10-1g09697	-1.39462125585994	2.32190086345392e-05
606	MvSl-1064-A1-R4_MC10-1g09698	-1.07022014689899	0.0187356059542785
607	MvSl-1064-A1-R4_MC10-1g09704	-1.44844049448027	9.25425784305504e-09
608	MvSl-1064-A1-R4_MC10-1g09716	-0.763071676440599	0.00773986335946271
609	MvSl-1064-A1-R4_MC10-1g09719	-0.75531979085879	0.0110859633596454
610	MvSl-1064-A1-R4_MC10-1g09724	-2.68518686100362	6.74324660612555e-12
611	MvSl-1064-A1-R4_MC10-1g09725	-0.867780529925052	0.0102051909518845
612	MvSl-1064-A1-R4_MC10-1g09729	-1.08885197329393	0.0113716533092115
613	MvSl-1064-A1-R4_MC10-1g09752	-2.98489751235287	3.11986743082855e-05
614	MvSl-1064-A1-R4_MC10-1g09764	-1.38134639347032	6.39926637629018e-05
615	MvSl-1064-A1-R4_MC10-1g09776	-1.20599425010649	5.28503968619221e-06
616	MvSl-1064-A1-R4_MC10-1g09808	-0.768844009448015	0.0162686902458408
617	MvSl-1064-A1-R4_MC10-2g09871	-1.52889430931489	0.048783674292818
618	MvSl-1064-A1-R4_MC10-2g09908	-1.02005172437896	0.0187356059542785
619	MvSl-1064-A1-R4_MC10-2g09910	-1.7955091954288	0.00397315414202498
620	MvSl-1064-A1-R4_MC10-2g09930	-0.984940058360636	0.000465050047263992
621	MvSl-1064-A1-R4_MC10-2g09961	-1.76814617226142	3.99571774591229e-08
622	MvSl-1064-A1-R4_MC10-2g09962	-1.1063640912302	0.0203348283873321
623	MvSl-1064-A1-R4_MC10-2g09963	-1.06666354802751	0.0176527090758402
624	MvSl-1064-A1-R4_MC10-2g09964	-6.76817680125971	1.88791804148921e-61
625	MvSl-1064-A1-R4_MC10-2g09968	-0.935835709865426	0.0251944082095481
626	MvSl-1064-A1-R4_MC10-2g09988	-1.7400769827731	8.44099436547122e-11
627	MvSl-1064-A1-R4_MC10-2g09989	-1.58304729450039	2.55489999460751e-08
628	MvSl-1064-A1-R4_MC10-2g10014	-2.47914282354669	4.1639066767005e-07
629	MvSl-1064-A1-R4_MC10-2g10016	-1.36025222300815	0.00125193284430096
630	MvSl-1064-A1-R4_MC10-2g10019	-0.759103228866381	0.00973895822336539
631	MvSl-1064-A1-R4_MC10-2g10036	-3.39000324463812	6.44548512635071e-20
632	MvSl-1064-A1-R4_MC10-2g10037	-1.12724578519096	0.000391743406990635
633	MvSl-1064-A1-R4_MC10-2g10038	-2.23232185675422	6.49313444798821e-05
634	MvSl-1064-A1-R4_MC10-2g10039	-0.909256201076854	0.000523940305265652
635	MvSl-1064-A1-R4_MC10-2g10068	-2.97218462331282	9.79574915823957e-06
636	MvSl-1064-A1-R4_MC10-2g10074	-1.22014039114734	0.00128836823417697
637	MvSl-1064-A1-R4_MC10-2g10100	-2.79990766603444	1.35669521744053e-15
638	MvSl-1064-A1-R4_MC10-2g10101	-9.78512304632847	1.5941650431701e-81
639	MvSl-1064-A1-R4_MC10-2g10115	-4.44640133888835	8.05545297487077e-31
640	MvSl-1064-A1-R4_MC10-2g10118	-1.99694442560806	9.67366240698697e-06
641	MvSl-1064-A1-R4_MC10-2g10119	-1.66179689987841	0.000332161171956762
642	MvSl-1064-A1-R4_MC10-2g10134	-3.6755355282114	5.3969172697919e-08
643	MvSl-1064-A1-R4_MC10-2g10136	-1.92744061402518	8.93440907426667e-07
644	MvSl-1064-A1-R4_MC11g10160	-0.970638183744473	0.00172979486164075
645	MvSl-1064-A1-R4_MC11g10174	-2.67108701622406	5.02085616365982e-11
646	MvSl-1064-A1-R4_MC11g10180	-1.38065168969335	0.0269250890954603
647	MvSl-1064-A1-R4_MC11g10210	-0.671462991923835	0.0429790834435724
648	MvSl-1064-A1-R4_MC11g10224	-2.23434565043557	3.18830111100376e-05
649	MvSl-1064-A1-R4_MC11g10228	-0.644456351368419	0.0292900102997795
650	MvSl-1064-A1-R4_MC11g10238	-1.46790715380976	0.0036810196518492
651	MvSl-1064-A1-R4_MC11g10248	-1.99872202357028	3.73438986704474e-09
652	MvSl-1064-A1-R4_MC11g10299	-1.01891631834223	0.00454103490915255
653	MvSl-1064-A1-R4_MC11g10300	-0.718620146530751	0.0336418682499803
654	MvSl-1064-A1-R4_MC11g10305	-1.76992010107135	2.26768535323219e-09
655	MvSl-1064-A1-R4_MC11g10306	-4.27255455595665	1.48960326123389e-49
656	MvSl-1064-A1-R4_MC11g10353	-1.84673606291274	2.58720701935852e-08
657	MvSl-1064-A1-R4_MC11g10354	-1.31475176138807	4.50708615374956e-05
658	MvSl-1064-A1-R4_MC11g10369	-0.86478952500197	0.023527882937035
659	MvSl-1064-A1-R4_MC11g10370	-5.91188032535263	1.5941650431701e-81
660	MvSl-1064-A1-R4_MC11g10378	-1.1325987241295	0.00262396714645492
661	MvSl-1064-A1-R4_MC11g10379	-0.830251183259254	0.0111787607221108
662	MvSl-1064-A1-R4_MC11g10394	-2.00317455060843	0.000186505191224245
663	MvSl-1064-A1-R4_MC11g10399	-4.74457340745005	8.80628509475375e-17
664	MvSl-1064-A1-R4_MC11g10421	-0.666214214317256	0.0199909087742144
665	MvSl-1064-A1-R4_MC11g10444	-3.96354162364117	2.95673818021517e-06
666	MvSl-1064-A1-R4_MC11g10477	-1.99493460143133	7.55146796427523e-05
667	MvSl-1064-A1-R4_MC11g10489	-1.01395252171272	0.00479142621159047
668	MvSl-1064-A1-R4_MC11g10490	-1.02809777363193	0.00515989545817997
669	MvSl-1064-A1-R4_MC11g10537	-0.757670390037562	0.0363639767532032
670	MvSl-1064-A1-R4_MC11g10542	-0.904716790819368	0.0106363143436236
671	MvSl-1064-A1-R4_MC11g10550	-1.25221497860748	1.80739208228533e-05
672	MvSl-1064-A1-R4_MC11g10572	-0.715038573578218	0.0179758114920171
673	MvSl-1064-A1-R4_MC11g10576	-6.83228630065959	7.38804187474539e-37
674	MvSl-1064-A1-R4_MC11g10605	-0.650856037790578	0.0406400714111647
675	MvSl-1064-A1-R4_MC11g10610	-1.22588387485244	0.0230148695475387
676	MvSl-1064-A1-R4_MC11g10617	-3.33732287688166	6.79015501412325e-09
677	MvSl-1064-A1-R4_MC11g10620	-0.943229522590154	0.0254464709779692
678	MvSl-1064-A1-R4_MC11g10624	-1.58278470091311	3.72984268169555e-08
679	MvSl-1064-A1-R4_MC11g10640	-1.32507373391783	0.0301233288162182
680	MvSl-1064-A1-R4_MC11g10647	-2.54457679554215	4.449105043253e-05
681	MvSl-1064-A1-R4_MC11g10654	-1.31050870745018	0.0177986024880356
682	MvSl-1064-A1-R4_MC11g10722	-0.773684767091967	0.0349060101050831
683	MvSl-1064-A1-R4_MC12g10760	-1.3896621600617	1.91582100874813e-07
684	MvSl-1064-A1-R4_MC12g10761	-1.01773446819518	0.0125416283419175
685	MvSl-1064-A1-R4_MC12g10763	-1.56237267679236	1.28359812468141e-07
686	MvSl-1064-A1-R4_MC12g10764	-4.26065725847885	3.49203361743118e-09
687	MvSl-1064-A1-R4_MC12g10795	-1.419817199869	1.08851415275958e-08
688	MvSl-1064-A1-R4_MC12g10807	-3.85276269610609	1.96046834297859e-07
689	MvSl-1064-A1-R4_MC12g10823	-0.68057917590362	0.0360236372612368
690	MvSl-1064-A1-R4_MC12g10824	-9.44937613518441	6.26493650296949e-114
691	MvSl-1064-A1-R4_MC12g10826	-1.11260488504642	0.00459150510586777
692	MvSl-1064-A1-R4_MC12g10827	-3.49931929418865	2.39815232943724e-05
693	MvSl-1064-A1-R4_MC12g10833	-0.969106953574939	0.0207301233894296
694	MvSl-1064-A1-R4_MC12g10837	-0.947664109007786	0.0177679314843737
695	MvSl-1064-A1-R4_MC12g10838	-0.663476635360224	0.0334033893585681
696	MvSl-1064-A1-R4_MC12g10840	-2.67187192303614	3.26578455145694e-14
697	MvSl-1064-A1-R4_MC12g10849	-1.14792374700069	0.00297624724997627
698	MvSl-1064-A1-R4_MC12g10850	-9.16507283951335	1.41380626512444e-118
699	MvSl-1064-A1-R4_MC12g10851	-1.88355921357194	1.15025210450226e-13
700	MvSl-1064-A1-R4_MC12g10859	-0.860821922455484	0.0264722339477134
701	MvSl-1064-A1-R4_MC12g10860	-2.68032914607687	1.62342295027962e-18
702	MvSl-1064-A1-R4_MC12g10872	-1.33050478968124	0.0101231943265224
703	MvSl-1064-A1-R4_MC12g10896	-0.93116473928363	0.00077936723189839
704	MvSl-1064-A1-R4_MC12g10905	-0.879480462798187	0.0112962694207836
705	MvSl-1064-A1-R4_MC12g10922	-1.11652007833821	0.028973472602051
706	MvSl-1064-A1-R4_MC12g10923	-3.67457466177987	1.0557492073512e-28
707	MvSl-1064-A1-R4_MC12g10946	-1.22324108542582	0.00145594713164185
708	MvSl-1064-A1-R4_MC12g10958	-2.03676310413737	1.20080782119326e-06
709	MvSl-1064-A1-R4_MC12g10974	-1.54205392935149	0.00821835162871032
710	MvSl-1064-A1-R4_MC12g10985	-1.38991379260556	0.00666062037466421
711	MvSl-1064-A1-R4_MC12g10986	-2.52435621902757	3.12427712208498e-11
712	MvSl-1064-A1-R4_MC12g11020	-0.922720751483025	0.0015471852236945
713	MvSl-1064-A1-R4_MC12g11025	-0.948200352736003	0.00412914523454678
714	MvSl-1064-A1-R4_MC12g11038	-1.47034577663793	7.39853622548794e-06
715	MvSl-1064-A1-R4_MC12g11041	-10.0595420946792	4.44191071879751e-23
716	MvSl-1064-A1-R4_MC12g11043	-0.614979266809337	0.046883433182303
717	MvSl-1064-A1-R4_MC12g11094	-0.729875868909406	0.0263871797121423
718	MvSl-1064-A1-R4_MC12g11095	-2.45085947584075	5.88513577894356e-05
719	MvSl-1064-A1-R4_MC12g11124	-0.807935007292501	0.0173087587695956
720	MvSl-1064-A1-R4_MC12g11139	-3.89461658544709	2.51190484793424e-12
721	MvSl-1064-A1-R4_MC12g11142	-0.988975588996033	0.0122792988496469
722	MvSl-1064-A1-R4_MC12g11162	-1.28841667256708	2.04199631089976e-06
723	MvSl-1064-A1-R4_MC12g11183	-3.0410871670232	3.0224370130273e-12
724	MvSl-1064-A1-R4_MC12g11202	-0.691862350207898	0.048783674292818
725	MvSl-1064-A1-R4_MC12g11222	-1.02720625516827	0.0482757297240978
726	MvSl-1064-A1-R4_MC12g11232	-0.997442371247431	0.000478301062236194
727	MvSl-1064-A1-R4_MC12g11274	-1.41950417633799	3.21579370362922e-05
728	MvSl-1064-A1-R4_MC13g11315	-1.83100550190045	6.06429793817217e-07
729	MvSl-1064-A1-R4_MC13g11325	-1.1465287647663	0.000402896994747176
730	MvSl-1064-A1-R4_MC13g11379	-0.828096989817416	0.0222760885012436
731	MvSl-1064-A1-R4_MC13g11396	-2.16526309133424	4.88802675560239e-05
732	MvSl-1064-A1-R4_MC13g11400	-1.16909266452891	0.00473833303927603
733	MvSl-1064-A1-R4_MC13g11421	-8.1162291740044	1.92416816736452e-118
734	MvSl-1064-A1-R4_MC13g11422	-1.65619493080774	1.84778028930305e-09
735	MvSl-1064-A1-R4_MC13g11443	-2.09414191673525	4.26345468549255e-10
736	MvSl-1064-A1-R4_MC13g11449	-1.31792311423431	0.000544219813307602
737	MvSl-1064-A1-R4_MC13g11465	-4.15721633411452	1.54064411500905e-15
738	MvSl-1064-A1-R4_MC13g11466	-1.93748297329513	0.00316125747464545
739	MvSl-1064-A1-R4_MC13g11475	-3.49040646361382	0.000505761964427428
740	MvSl-1064-A1-R4_MC13g11538	-0.858060792694726	0.0387704140770626
741	MvSl-1064-A1-R4_MC13g11584	-2.05617190438028	8.80643001355034e-08
742	MvSl-1064-A1-R4_MC13g11610	-1.13238782398855	0.0494260270524493
743	MvSl-1064-A1-R4_MC13g11612	-4.2352592760641	6.81819034155577e-08
744	MvSl-1064-A1-R4_MC13g11613	-3.11043878077254	6.32386477853218e-12
745	MvSl-1064-A1-R4_MC13g11622	-2.0438252865499	0.00171085480146817
746	MvSl-1064-A1-R4_MC13g11629	-1.64354336487363	0.000417809357932893
747	MvSl-1064-A1-R4_MC13g11640	-0.957717938882953	0.00211965747186152
748	MvSl-1064-A1-R4_MC13g11654	-0.728767945072412	0.0169119049320921
749	MvSl-1064-A1-R4_MC13g11671	-1.53945018045429	2.49492499905452e-08
750	MvSl-1064-A1-R4_MC13g11692	-0.945829027253986	0.0117004801449209
751	MvSl-1064-A1-R4_MC13g11710	-1.04099764691656	0.022118977297351
752	MvSl-1064-A1-R4_MC14g11735	-0.704727186722892	0.0220609700599954
753	MvSl-1064-A1-R4_MC14g11740	-5.10916098631366	7.71752859450052e-34
754	MvSl-1064-A1-R4_MC14g11760	-1.79556114301896	1.23802022033308e-11
755	MvSl-1064-A1-R4_MC14g11773	-1.07927055619251	3.71431982993072e-05
756	MvSl-1064-A1-R4_MC14g11774	-2.28979817580595	0.000504927074744379
757	MvSl-1064-A1-R4_MC14g11811	-0.852764327770719	0.00370051732856544
758	MvSl-1064-A1-R4_MC14g11851	-0.7902415747026	0.0470788390797946
759	MvSl-1064-A1-R4_MC14g11869	-1.71042258651735	1.87389630041718e-08
760	MvSl-1064-A1-R4_MC14g11871	-1.66236650919639	2.84568021701153e-05
761	MvSl-1064-A1-R4_MC14g11874	-0.807021088381708	0.0110089521020327
762	MvSl-1064-A1-R4_MC14g11895	-0.614225736998036	0.0384358937281526
763	MvSl-1064-A1-R4_MC14g11899	-1.31053104902913	0.0414658828675006
764	MvSl-1064-A1-R4_MC14g11912	-1.00656055323687	0.0308524812851648
765	MvSl-1064-A1-R4_MC14g11916	-3.25985483954595	2.11386318944453e-34
766	MvSl-1064-A1-R4_MC14g11932	-1.19822753408305	0.00251526722461328
767	MvSl-1064-A1-R4_MC14g11937	-1.07402375690408	3.63064979658431e-05
768	MvSl-1064-A1-R4_MC14g11965	-1.82066514248919	6.11746185382665e-06
769	MvSl-1064-A1-R4_MC14g11969	-1.0225639282743	0.000267915690334439
770	MvSl-1064-A1-R4_MC14g11974	-1.56537603791473	0.000172749963248362
771	MvSl-1064-A1-R4_MC14g11983	-4.24296726343672	1.38610598473264e-13
772	MvSl-1064-A1-R4_MC14g11984	-1.51986645053074	0.0142619895832386
773	MvSl-1064-A1-R4_MC15g12024	-1.11457083242755	0.00382835447931475
774	MvSl-1064-A1-R4_MC15g12034	-0.98426282614504	0.000175011152079855
775	MvSl-1064-A1-R4_MC15g12125	-1.84583847266413	1.46446471922376e-06
776	MvSl-1064-A1-R4_MC15g12138	-1.2803261509601	0.00153147366207917
777	MvSl-1064-A1-R4_MC15g12139	-1.17353020328832	0.00919779191033119
778	MvSl-1064-A1-R4_MC15g12147	-1.17462513640005	0.00519674864677523
779	MvSl-1064-A1-R4_MC16g12175	-2.54221781402262	0.00026368754320061
780	MvSl-1064-A1-R4_MC16g12196	-1.73375838545511	3.9831152692979e-09
781	MvSl-1064-A1-R4_MC17g12239	-1.55018745986987	8.99618204809079e-05
782	MvSl-1064-A1-R4_MC17g12240	-0.99622201870972	0.000865541378365617
783	MvSl-1064-A1-R4_MC18g12262	-2.02490084332412	4.99859720796399e-07
