gene	logFC	FDR
1	MvSl-1064-A1-R4_A1g00009	1.02277939396567	0.0415451102653016
2	MvSl-1064-A1-R4_A1g00040	1.64249686667525	0.00599807369232382
3	MvSl-1064-A1-R4_A1g00079	0.788482532255849	0.0322201449956554
4	MvSl-1064-A1-R4_A1g00080	1.00251294648198	0.0109808890813579
5	MvSl-1064-A1-R4_A1g00081	1.2490171618822	0.00127108095869603
6	MvSl-1064-A1-R4_A1g00270	0.711436468410516	0.018659477000807
7	MvSl-1064-A1-R4_A1g00292	0.749019139686527	0.00938521484815596
8	MvSl-1064-A1-R4_A1g00312	3.15882404677696	5.63067761033237e-26
9	MvSl-1064-A1-R4_A1g00375	1.43159947385869	6.56502687765718e-05
10	MvSl-1064-A1-R4_A1g00380	0.941413222268699	0.000344497187909134
11	MvSl-1064-A1-R4_A1g00405	0.854275521946751	0.037306223230082
12	MvSl-1064-A1-R4_A1g00495	0.895488134224209	0.00133773526880542
13	MvSl-1064-A1-R4_A1g00515	1.12156105649885	0.000247896431033272
14	MvSl-1064-A1-R4_A1g00516	1.3328929007885	3.13311146813895e-05
15	MvSl-1064-A1-R4_A1g00522	2.55982266539913	3.97485885373906e-07
16	MvSl-1064-A1-R4_A1g00594	0.749277077257589	0.0397091321020812
17	MvSl-1064-A1-R4_A1g00635	1.4772343679435	0.00018166586201075
18	MvSl-1064-A1-R4_A1g00646	0.880205902535439	0.0140127986784558
19	MvSl-1064-A1-R4_A1g00757	1.71616340722594	0.00703776723735697
20	MvSl-1064-A1-R4_A1g00869	1.03914239437216	0.037977491679015
21	MvSl-1064-A1-R4_A1g00960	1.57338686141616	2.14946263293795e-09
22	MvSl-1064-A1-R4_A1g00977	1.46868863132994	0.000284868231939032
23	MvSl-1064-A1-R4_A1g01129	0.642894412468988	0.0284464637152693
24	MvSl-1064-A1-R4_A1g01136	0.952794465551075	0.0258720327982783
25	MvSl-1064-A1-R4_A1g01164	0.684197155883782	0.0261207404900006
26	MvSl-1064-A1-R4_A1g01219	1.29864274689425	0.00981108494610399
27	MvSl-1064-A1-R4_A1g01261	2.11694692199878	2.89059208353873e-06
28	MvSl-1064-A1-R4_A1g01389	0.678120235655272	0.0347817718695506
29	MvSl-1064-A1-R4_A1g01487	1.27157341953177	0.0176903828909703
30	MvSl-1064-A1-R4_MC01-1g01707	1.394537290054	0.0222637790860241
31	MvSl-1064-A1-R4_MC01-1g01735	2.16779559368115	0.00022058706625925
32	MvSl-1064-A1-R4_MC01-1g01740	1.78841193693329	9.19564209109626e-05
33	MvSl-1064-A1-R4_MC01-1g01768	0.995544555041168	0.0168756889881721
34	MvSl-1064-A1-R4_MC01-1g01789	0.762088525881112	0.0329343552109354
35	MvSl-1064-A1-R4_MC01-1g01790	0.763918028907093	0.011170300948308
36	MvSl-1064-A1-R4_MC01-1g01797	1.2043561964552	0.00477479834558322
37	MvSl-1064-A1-R4_MC01-1g01820	1.41452277449858	0.000262696438778645
38	MvSl-1064-A1-R4_MC01-1g01821	2.89350634826303	6.35826578403124e-10
39	MvSl-1064-A1-R4_MC01-1g01843	1.80926689854282	0.0385636602991461
40	MvSl-1064-A1-R4_MC01-1g01846	0.708146631078679	0.0215746867113247
41	MvSl-1064-A1-R4_MC01-1g01868	0.83190163903656	0.0193360185842537
42	MvSl-1064-A1-R4_MC01-1g01880	1.06173211600108	0.00336516655525641
43	MvSl-1064-A1-R4_MC01-1g01882	0.917932124049276	0.00226234295887474
44	MvSl-1064-A1-R4_MC01-1g01883	0.845294599332296	0.0485648767521818
45	MvSl-1064-A1-R4_MC01-1g01887	2.78539660996886	1.58193604292019e-10
46	MvSl-1064-A1-R4_MC01-1g01888	1.16371701092739	0.00892630118820847
47	MvSl-1064-A1-R4_MC01-1g01906	0.963511307549611	0.00115197264296657
48	MvSl-1064-A1-R4_MC01-1g01922	1.43957844182738	3.6410941904564e-05
49	MvSl-1064-A1-R4_MC01-1g01962	1.53555669254	0.000421918394834927
50	MvSl-1064-A1-R4_MC01-1g01988	1.14850252175682	0.00152295839106491
51	MvSl-1064-A1-R4_MC01-1g01993	0.987140798555937	0.0199909087742144
52	MvSl-1064-A1-R4_MC01-1g02019	2.09143010825693	2.91147042230952e-06
53	MvSl-1064-A1-R4_MC01-1g02036	0.805943454603198	0.0337960975343187
54	MvSl-1064-A1-R4_MC01-1g02106	1.03634070390283	0.0275252469560821
55	MvSl-1064-A1-R4_MC01-1g02134	1.43310587628242	0.00228686178685055
56	MvSl-1064-A1-R4_MC01-1g02135	0.830312167224058	0.00730985278114121
57	MvSl-1064-A1-R4_MC01-1g02139	0.687788093949374	0.0319615180428856
58	MvSl-1064-A1-R4_MC01-1g02145	1.17468390377502	0.00225907983293753
59	MvSl-1064-A1-R4_MC01-1g02147	0.762647950735504	0.0178917178000207
60	MvSl-1064-A1-R4_MC01-1g02176	1.09327545305794	0.00488945518864384
61	MvSl-1064-A1-R4_MC01-1g02211	0.67316807190662	0.0328214864491342
62	MvSl-1064-A1-R4_MC01-1g02267	1.56778788044891	0.000264659225513358
63	MvSl-1064-A1-R4_MC01-1g02271	0.758393473504317	0.0155165878906762
64	MvSl-1064-A1-R4_MC01-1g02274	0.746627191124474	0.0146016486598091
65	MvSl-1064-A1-R4_MC01-1g02302	0.64807997862965	0.0437254415123412
66	MvSl-1064-A1-R4_MC01-1g02313	0.792639193870193	0.0210798912575833
67	MvSl-1064-A1-R4_MC01-1g02317	1.84083289354932	8.46079470185451e-05
68	MvSl-1064-A1-R4_MC01-1g02322	1.40084187067677	3.89659985559724e-06
69	MvSl-1064-A1-R4_MC01-1g02335	3.02849197151849	2.57678062269346e-22
70	MvSl-1064-A1-R4_MC01-1g02351	1.10879293491812	0.000647609746776708
71	MvSl-1064-A1-R4_MC01-1g02365	0.675999561051625	0.023722167979162
72	MvSl-1064-A1-R4_MC01-1g02400	3.97590264051912	1.2815949923044e-15
73	MvSl-1064-A1-R4_MC01-1g02401	2.4968440893907	3.94968269360939e-08
74	MvSl-1064-A1-R4_MC01-1g02438	1.25918465215904	0.00561210293760118
75	MvSl-1064-A1-R4_MC01-1g02439	0.728891768633779	0.0119898361391646
76	MvSl-1064-A1-R4_MC01-1g02457	1.1501936976242	0.0193371192041219
77	MvSl-1064-A1-R4_MC01-1g02486	1.093590666332	0.0382242026350892
78	MvSl-1064-A1-R4_MC01-1g02489	1.20864798387916	0.00127108095869603
79	MvSl-1064-A1-R4_MC01-1g02494	1.11198837966887	0.0202015447113705
80	MvSl-1064-A1-R4_MC01-1g02500	0.969472438628771	0.00190727058184511
81	MvSl-1064-A1-R4_MC01-1g02503	0.703863374123821	0.0335930574245579
82	MvSl-1064-A1-R4_MC01-1g02504	2.66807904936219	3.19299860355091e-17
83	MvSl-1064-A1-R4_MC01-1g02507	1.22261065972135	0.0356883824921273
84	MvSl-1064-A1-R4_MC01-1g02509	0.926077007847608	0.0181091976372581
85	MvSl-1064-A1-R4_MC01-1g02510	1.00592910719358	0.000502899889637334
86	MvSl-1064-A1-R4_MC01-1g02592	0.834753658219658	0.0110089521020327
87	MvSl-1064-A1-R4_MC01-1g02593	1.26424268230578	0.0015471852236945
88	MvSl-1064-A1-R4_MC01-1g02608	0.937248365626333	0.0122051857243198
89	MvSl-1064-A1-R4_MC01-1g02617	0.901055257151038	0.0285308158996624
90	MvSl-1064-A1-R4_MC01-1g02638	1.07866518680395	0.00327952191968619
91	MvSl-1064-A1-R4_MC01-1g02646	1.60156042225879	5.67888745473464e-05
92	MvSl-1064-A1-R4_MC01-1g02647	2.81330763106141	6.93637908688144e-18
93	MvSl-1064-A1-R4_MC01-1g02648	3.23792654177623	4.25234372033151e-19
94	MvSl-1064-A1-R4_MC01-1g02651	0.734141635238529	0.0395269847818959
95	MvSl-1064-A1-R4_MC01-1g02670	1.29342187214369	0.0129363186885436
96	MvSl-1064-A1-R4_MC01-1g02753	1.39394762502901	0.00760185067721938
97	MvSl-1064-A1-R4_MC01-1g02754	1.58416561339598	1.41180135191666e-05
98	MvSl-1064-A1-R4_MC01-1g02763	1.75016243032294	1.04142791988163e-08
99	MvSl-1064-A1-R4_MC01-1g02809	0.910930566394641	0.0210050992757175
100	MvSl-1064-A1-R4_MC01-1g02823	0.676580391232051	0.0375182163354949
101	MvSl-1064-A1-R4_MC01-1g02824	1.80664283809665	1.9032370836709e-05
102	MvSl-1064-A1-R4_MC01-1g02837	2.13875200204949	0.000182708922464538
103	MvSl-1064-A1-R4_MC01-1g02838	0.940907951450741	0.0171667654383933
104	MvSl-1064-A1-R4_MC01-1g02849	1.13368265716285	0.0122853607370007
105	MvSl-1064-A1-R4_MC01-1g02861	1.56880906550802	0.000445227222980236
106	MvSl-1064-A1-R4_MC01-2g02961	1.19891556015854	0.00487971021481661
107	MvSl-1064-A1-R4_MC01-2g02962	1.37012307234688	0.0082986029023712
108	MvSl-1064-A1-R4_MC01-2g02971	1.04317625838074	0.00188643239399527
109	MvSl-1064-A1-R4_MC01-2g03038	0.808366190364339	0.0397091321020812
110	MvSl-1064-A1-R4_MC01-2g03039	0.850173305502384	0.00622468333039228
111	MvSl-1064-A1-R4_MC01-2g03057	1.06031041858306	0.00213624473216546
112	MvSl-1064-A1-R4_MC01-2g03063	1.11517543245739	0.00974952339459036
113	MvSl-1064-A1-R4_MC01-2g03064	1.81301779172736	3.33879993952143e-05
114	MvSl-1064-A1-R4_MC01-2g03082	1.01585893490858	0.00352624104407331
115	MvSl-1064-A1-R4_MC01-2g03083	0.97802609583146	0.0466550028147048
116	MvSl-1064-A1-R4_MC01-2g03085	1.51861911243922	0.0219068497945761
117	MvSl-1064-A1-R4_MC01-2g03086	1.01527539420064	0.0302472360205885
118	MvSl-1064-A1-R4_MC01-2g03112	2.12226251637191	1.35203257922758e-07
119	MvSl-1064-A1-R4_MC01-2g03113	2.37739892206671	2.46051694033383e-07
120	MvSl-1064-A1-R4_MC01-2g03116	2.58945720803892	0.000203766598786248
121	MvSl-1064-A1-R4_MC01-2g03117	1.90878829820064	3.4305388875144e-08
122	MvSl-1064-A1-R4_MC01-2g03121	0.852914095393957	0.00186665031232652
123	MvSl-1064-A1-R4_MC01-2g03164	0.650934382412836	0.046527675414503
124	MvSl-1064-A1-R4_MC01-2g03165	0.990075459513876	0.0433896743480319
125	MvSl-1064-A1-R4_MC02g03178	0.95295978554698	0.032772876315215
126	MvSl-1064-A1-R4_MC02g03201	0.933427322158327	0.00108959885834405
127	MvSl-1064-A1-R4_MC02g03221	0.803622355703755	0.0363045986276733
128	MvSl-1064-A1-R4_MC02g03224	1.04727069780884	0.0398453268720998
129	MvSl-1064-A1-R4_MC02g03246	1.44480543797469	3.89659985559724e-06
130	MvSl-1064-A1-R4_MC02g03251	0.930425649766874	0.0177329229134381
131	MvSl-1064-A1-R4_MC02g03262	1.30540014411246	0.000621059092390812
132	MvSl-1064-A1-R4_MC02g03294	2.05739126876253	5.36709491716601e-08
133	MvSl-1064-A1-R4_MC02g03295	2.12421999393518	2.17122204142963e-09
134	MvSl-1064-A1-R4_MC02g03296	0.860345583160944	0.0110927472699401
135	MvSl-1064-A1-R4_MC02g03382	0.641714026040797	0.0274242374779875
136	MvSl-1064-A1-R4_MC02g03402	1.82757672295955	0.00646230062237746
137	MvSl-1064-A1-R4_MC02g03489	0.945706840034829	0.0266607041042734
138	MvSl-1064-A1-R4_MC02g03498	1.57883091436361	1.5099667604629e-06
139	MvSl-1064-A1-R4_MC02g03505	0.985108462878849	0.000429837138695817
140	MvSl-1064-A1-R4_MC02g03548	0.875515393558018	0.024069746779563
141	MvSl-1064-A1-R4_MC02g03613	1.68010157702179	0.000318330113006698
142	MvSl-1064-A1-R4_MC02g03640	0.91903898359535	0.00988347466123339
143	MvSl-1064-A1-R4_MC02g03644	2.28879001625231	1.75666678016164e-10
144	MvSl-1064-A1-R4_MC02g03654	1.52443216984613	0.00171085480146817
145	MvSl-1064-A1-R4_MC02g03664	2.05001583987515	0.000770728246983481
146	MvSl-1064-A1-R4_MC02g03698	0.789423528494235	0.0134977683967834
147	MvSl-1064-A1-R4_MC02g03699	0.956545426527465	0.0210501637205406
148	MvSl-1064-A1-R4_MC02g03700	0.835665676321515	0.0437595560313126
149	MvSl-1064-A1-R4_MC02g03770	0.735627753280474	0.0119896385953732
150	MvSl-1064-A1-R4_MC02g03795	0.917700808066833	0.0139257671254928
151	MvSl-1064-A1-R4_MC02g03879	0.999636518688622	0.0269250890954603
152	MvSl-1064-A1-R4_MC02g03900	0.766724478770099	0.00646269252196706
153	MvSl-1064-A1-R4_MC02g03919	0.80695302249449	0.0190074562716579
154	MvSl-1064-A1-R4_MC02g03949	1.76464407339483	0.00974976271465307
155	MvSl-1064-A1-R4_MC02g03950	2.12712442712897	4.36713165790289e-06
156	MvSl-1064-A1-R4_MC02g03992	1.2959717703067	2.62565229800002e-05
157	MvSl-1064-A1-R4_MC02g04041	1.97326953720669	9.44198947234344e-08
158	MvSl-1064-A1-R4_MC02g04171	0.89520784267106	0.045975073006785
159	MvSl-1064-A1-R4_MC02g04172	1.31645862020137	0.00118362615449776
160	MvSl-1064-A1-R4_MC02g04176	1.36540623759027	0.000573509045419082
161	MvSl-1064-A1-R4_MC02g04209	2.18319007501277	5.77733628878465e-08
162	MvSl-1064-A1-R4_MC03g04281	1.51830582103611	7.39853622548794e-06
163	MvSl-1064-A1-R4_MC03g04282	1.32646138706972	1.90796718706875e-05
164	MvSl-1064-A1-R4_MC03g04286	1.07161893244223	0.0141561054435883
165	MvSl-1064-A1-R4_MC03g04317	0.806280454751077	0.0193430080363142
166	MvSl-1064-A1-R4_MC03g04353	1.04395783637394	0.0233840096724152
167	MvSl-1064-A1-R4_MC03g04356	0.645659907401915	0.0387786752265631
168	MvSl-1064-A1-R4_MC03g04383	0.902295482682344	0.0109011332121511
169	MvSl-1064-A1-R4_MC03g04393	1.35994621708719	0.0406400714111647
170	MvSl-1064-A1-R4_MC03g04405	1.62559185281656	0.0336418682499803
171	MvSl-1064-A1-R4_MC03g04416	1.52896001176338	3.14790779272264e-05
172	MvSl-1064-A1-R4_MC03g04417	1.46594356200544	0.000430057263675884
173	MvSl-1064-A1-R4_MC03g04442	1.20879646671497	0.000776280645222259
174	MvSl-1064-A1-R4_MC03g04480	0.768928689036701	0.0282499331968895
175	MvSl-1064-A1-R4_MC03g04522	0.968402340952898	0.0264285711011646
176	MvSl-1064-A1-R4_MC03g04546	0.932134127405706	0.0275961349145213
177	MvSl-1064-A1-R4_MC03g04582	1.36376043409951	0.0287755201041548
178	MvSl-1064-A1-R4_MC03g04607	2.64456368823196	2.07833428629182e-10
179	MvSl-1064-A1-R4_MC03g04614	0.720217748289047	0.0274669439985367
180	MvSl-1064-A1-R4_MC03g04641	2.08071087062527	7.90740948372388e-10
181	MvSl-1064-A1-R4_MC03g04642	2.06381977220728	1.38441271630138e-09
182	MvSl-1064-A1-R4_MC03g04643	0.918984270875965	0.00522667991011078
183	MvSl-1064-A1-R4_MC03g04646	1.22305883937798	0.00152295839106491
184	MvSl-1064-A1-R4_MC03g04661	0.733402622404141	0.0139100699254102
185	MvSl-1064-A1-R4_MC03g04712	1.13697123838578	0.00119269356192841
186	MvSl-1064-A1-R4_MC03g04713	1.25370742300769	8.80312712461016e-05
187	MvSl-1064-A1-R4_MC03g04724	1.02211736234876	8.26607076803657e-05
188	MvSl-1064-A1-R4_MC03g04732	1.77899855957926	0.011201153605322
189	MvSl-1064-A1-R4_MC03g04733	1.74830795762976	0.00280697803394124
190	MvSl-1064-A1-R4_MC03g04807	1.65250640158005	0.000396638470142597
191	MvSl-1064-A1-R4_MC03g04815	1.32828249185729	0.0217248797778735
192	MvSl-1064-A1-R4_MC03g04846	0.786535433430716	0.0452464632472485
193	MvSl-1064-A1-R4_MC03g04857	1.20468558825465	0.000722418738797115
194	MvSl-1064-A1-R4_MC03g04864	1.02037902735968	0.0475606549274969
195	MvSl-1064-A1-R4_MC03g04929	1.25286049653512	0.0129363186885436
196	MvSl-1064-A1-R4_MC03g04979	1.33565831194635	2.70897317991466e-07
197	MvSl-1064-A1-R4_MC03g04986	1.24593854245288	0.00171085480146817
198	MvSl-1064-A1-R4_MC03g04993	1.23767247284406	0.000273960271917682
199	MvSl-1064-A1-R4_MC03g05017	0.845748938189812	0.0269250890954603
200	MvSl-1064-A1-R4_MC03g05034	0.676625035676502	0.0425173419321068
201	MvSl-1064-A1-R4_MC03g05075	2.18510660081026	3.1028470508987e-07
202	MvSl-1064-A1-R4_MC03g05076	1.40745446528238	0.00168345587658539
203	MvSl-1064-A1-R4_MC03g05077	1.58788840438529	0.0268175334348371
204	MvSl-1064-A1-R4_MC03g05082	2.54127074232068	1.22611776108345e-09
205	MvSl-1064-A1-R4_MC03g05090	0.634848562016142	0.0419727179530792
206	MvSl-1064-A1-R4_MC03g05092	1.24585275673238	2.49205373794134e-05
207	MvSl-1064-A1-R4_MC03g05119	0.932955031750521	0.0168729977128487
208	MvSl-1064-A1-R4_MC03g05120	0.869924902224038	0.0233839505681474
209	MvSl-1064-A1-R4_MC03g05131	0.862410007788258	0.0158205346731358
210	MvSl-1064-A1-R4_MC03g05141	0.859637444567826	0.028973472602051
211	MvSl-1064-A1-R4_MC03g05143	2.16864792849948	8.99696673154543e-11
212	MvSl-1064-A1-R4_MC03g05154	1.80166762145073	2.02838472343004e-09
213	MvSl-1064-A1-R4_MC03g05159	0.668703876090017	0.0264739217401045
214	MvSl-1064-A1-R4_MC03g05175	1.50613090277664	0.00888936591244848
215	MvSl-1064-A1-R4_MC03g05199	1.10502255114925	0.000812050806435326
216	MvSl-1064-A1-R4_MC03g05227	1.26350059709413	0.0014920431559754
217	MvSl-1064-A1-R4_MC03g05235	2.9918908479186	4.82602627350446e-06
218	MvSl-1064-A1-R4_MC04-1g05309	0.986980811189093	0.0305587812888225
219	MvSl-1064-A1-R4_MC04-1g05310	1.24024371335805	0.00134757911514244
220	MvSl-1064-A1-R4_MC04-1g05311	0.964191321788219	0.00094523785484983
221	MvSl-1064-A1-R4_MC04-1g05322	2.43571023692621	7.83380575835119e-07
222	MvSl-1064-A1-R4_MC04-1g05333	0.837109527221683	0.020690499210023
223	MvSl-1064-A1-R4_MC04-1g05336	2.45932277755354	1.37419221735234e-08
224	MvSl-1064-A1-R4_MC04-1g05352	0.77271783879783	0.0287755201041548
225	MvSl-1064-A1-R4_MC04-1g05357	1.15842958732336	0.00704400473637936
226	MvSl-1064-A1-R4_MC04-1g05384	0.918734588815219	0.0242834872801756
227	MvSl-1064-A1-R4_MC04-1g05455	1.05040168943526	0.00510919254278739
228	MvSl-1064-A1-R4_MC04-1g05486	1.60125122843826	3.06085537394681e-05
229	MvSl-1064-A1-R4_MC04-1g05524	2.5754348922892	2.79605783750231e-09
230	MvSl-1064-A1-R4_MC04-1g05551	2.30240163296317	1.0023190135058e-08
231	MvSl-1064-A1-R4_MC04-1g05604	2.37238369112094	3.06085537394681e-05
232	MvSl-1064-A1-R4_MC04-1g05605	1.9648740274494	8.49178384331159e-15
233	MvSl-1064-A1-R4_MC04-1g05618	1.39664762221883	0.000323092614774633
234	MvSl-1064-A1-R4_MC04-1g05626	1.35414401390929	0.00498544717311791
235	MvSl-1064-A1-R4_MC04-1g05678	1.80009687123818	0.00511150428183833
236	MvSl-1064-A1-R4_MC04-1g05687	1.2284965920454	0.0190631000870606
237	MvSl-1064-A1-R4_MC04-1g05688	1.23831220947186	0.00988347466123339
238	MvSl-1064-A1-R4_MC04-1g05689	0.967409164214254	0.0347546106886566
239	MvSl-1064-A1-R4_MC04-1g05690	0.951978403897968	0.0054284342103058
240	MvSl-1064-A1-R4_MC04-1g05697	1.26299469601704	0.00372757072804178
241	MvSl-1064-A1-R4_MC04-1g05700	0.905657536495553	0.0190203867953355
242	MvSl-1064-A1-R4_MC04-1g05709	1.4274368969126	1.83675942380595e-06
243	MvSl-1064-A1-R4_MC04-1g05782	0.631321708274182	0.0330382008374143
244	MvSl-1064-A1-R4_MC04-1g05873	0.798893658295604	0.00360976498473311
245	MvSl-1064-A1-R4_MC04-1g05886	0.809244072237853	0.02587019884061
246	MvSl-1064-A1-R4_MC04-1g05888	0.922791597972595	0.0135954932257529
247	MvSl-1064-A1-R4_MC04-1g05922	0.627321459120014	0.0416998554149879
248	MvSl-1064-A1-R4_MC04-1g05945	1.60902605033015	2.23291420369566e-06
249	MvSl-1064-A1-R4_MC04-1g05972	1.07813466440744	0.00702080879729803
250	MvSl-1064-A1-R4_MC04-1g05988	0.769475615173793	0.0338766996177137
251	MvSl-1064-A1-R4_MC04-1g05989	0.763579284462278	0.0185186572785788
252	MvSl-1064-A1-R4_MC04-1g06065	1.30404351338976	0.0121818199067235
253	MvSl-1064-A1-R4_MC04-1g06070	2.03917346853539	0.00806822209605552
254	MvSl-1064-A1-R4_MC04-2g06098	1.80589590223505	4.13823470196843e-05
255	MvSl-1064-A1-R4_MC04-2g06106	1.04556518400932	0.00643536174342817
256	MvSl-1064-A1-R4_MC05-1g06160	2.36519801573372	1.22653493232795e-11
257	MvSl-1064-A1-R4_MC05-1g06191	0.942278602919003	0.00910755451043993
258	MvSl-1064-A1-R4_MC05-1g06203	1.04177125916168	0.0039992788641299
259	MvSl-1064-A1-R4_MC05-1g06212	1.7159991471514	1.87389630041718e-08
260	MvSl-1064-A1-R4_MC05-1g06213	1.96298008078361	1.37038161749753e-07
261	MvSl-1064-A1-R4_MC05-1g06220	2.07894496124947	9.72820505865995e-13
262	MvSl-1064-A1-R4_MC05-2g06334	0.977472826560556	0.0211885000854216
263	MvSl-1064-A1-R4_MC05-2g06370	0.931502999044236	0.0447925658191598
264	MvSl-1064-A1-R4_MC05-2g06371	1.06652068127053	0.0171479360414621
265	MvSl-1064-A1-R4_MC05-2g06387	0.847299244781518	0.0223561176224462
266	MvSl-1064-A1-R4_MC05-2g06388	1.81211576303135	8.46495479904035e-05
267	MvSl-1064-A1-R4_MC05-2g06389	1.50917101981097	1.03348252239181e-05
268	MvSl-1064-A1-R4_MC05-2g06390	1.2318101767541	0.0047767304905211
269	MvSl-1064-A1-R4_MC05-2g06430	0.793658651733467	0.0265039756100269
270	MvSl-1064-A1-R4_MC05-3g06512	1.39436938059731	0.038214393645212
271	MvSl-1064-A1-R4_MC05-3g06519	2.50901889633308	1.28865880826251e-20
272	MvSl-1064-A1-R4_MC05-3g06520	2.02964064189435	2.19815175089615e-08
273	MvSl-1064-A1-R4_MC05-3g06544	1.02583955318406	0.0172154027188735
274	MvSl-1064-A1-R4_MC05-3g06549	0.925982118221528	0.0178165296971925
275	MvSl-1064-A1-R4_MC05-3g06573	2.06098384460897	4.6353384069597e-14
276	MvSl-1064-A1-R4_MC05-3g06574	2.90692336558564	2.67910561639026e-24
277	MvSl-1064-A1-R4_MC05-3g06575	2.66667972061441	3.25575668453662e-18
278	MvSl-1064-A1-R4_MC05-3g06634	3.19294757521957	1.63953731475082e-14
279	MvSl-1064-A1-R4_MC05-3g06650	1.20909184024121	0.00525273304955015
280	MvSl-1064-A1-R4_MC05-3g06651	1.57482530161496	0.00115737735050326
281	MvSl-1064-A1-R4_MC05-3g06653	0.942784947460913	0.0434917714656334
282	MvSl-1064-A1-R4_MC05-3g06706	1.04403373645363	0.0193430080363142
283	MvSl-1064-A1-R4_MC05-3g06707	1.37225995146182	2.49492499905452e-08
284	MvSl-1064-A1-R4_MC05-3g06753	0.839560510632372	0.0470982544963542
285	MvSl-1064-A1-R4_MC05-3g06757	1.76011696938949	9.37845632760112e-09
286	MvSl-1064-A1-R4_MC05-3g06766	2.11138486421044	2.98890064223772e-05
287	MvSl-1064-A1-R4_MC05-3g06778	1.17182149515824	0.00147484254863355
288	MvSl-1064-A1-R4_MC05-3g06801	1.67581826726893	0.0416998554149879
289	MvSl-1064-A1-R4_MC05-3g06805	2.45310539262726	1.60783226237777e-05
290	MvSl-1064-A1-R4_MC05-3g06826	0.970529231040024	0.0224161850829668
291	MvSl-1064-A1-R4_MC06g06896	0.975087272801855	0.00268669353459699
292	MvSl-1064-A1-R4_MC06g06933	1.53673401550375	4.95865253641484e-05
293	MvSl-1064-A1-R4_MC06g06945	3.66134993059793	2.7614573487443e-19
294	MvSl-1064-A1-R4_MC06g06946	3.03848606475904	6.7255018841122e-32
295	MvSl-1064-A1-R4_MC06g06947	3.64712208696835	1.5684895499235e-31
296	MvSl-1064-A1-R4_MC06g06958	1.58905321270733	1.41852449414766e-07
297	MvSl-1064-A1-R4_MC06g06997	2.07362119447422	0.000314126850252934
298	MvSl-1064-A1-R4_MC06g06998	2.378059613721	3.06085537394681e-05
299	MvSl-1064-A1-R4_MC06g07013	1.06365765888744	0.0127371968907399
300	MvSl-1064-A1-R4_MC06g07014	0.985851579423903	0.00259597457282206
301	MvSl-1064-A1-R4_MC06g07136	2.20668953026391	2.44451651544252e-19
302	MvSl-1064-A1-R4_MC06g07137	3.73971615475407	7.4814473399916e-30
303	MvSl-1064-A1-R4_MC06g07139	1.13598472945508	0.000465329823847401
304	MvSl-1064-A1-R4_MC06g07152	0.941871590209273	0.00114461349464757
305	MvSl-1064-A1-R4_MC06g07222	0.946042087134848	0.0451630748527501
306	MvSl-1064-A1-R4_MC06g07256	0.695677661121456	0.0149198029315458
307	MvSl-1064-A1-R4_MC06g07261	0.616100109840335	0.0487951915461277
308	MvSl-1064-A1-R4_MC06g07267	1.18557676087725	4.47096942618364e-05
309	MvSl-1064-A1-R4_MC06g07283	1.30149061342373	0.00353133093422172
310	MvSl-1064-A1-R4_MC06g07311	1.05374430451367	3.92446067510693e-05
311	MvSl-1064-A1-R4_MC06g07335	0.722744781844629	0.0119896385953732
312	MvSl-1064-A1-R4_MC06g07377	1.66214727645008	1.0023190135058e-08
313	MvSl-1064-A1-R4_MC06g07405	0.757284498532008	0.0302689555810485
314	MvSl-1064-A1-R4_MC06g07412	2.6047827460115	1.10163008526399e-09
315	MvSl-1064-A1-R4_MC06g07441	2.08854658168519	4.32212645518486e-13
316	MvSl-1064-A1-R4_MC06g07442	2.00184699895377	9.67031330028594e-15
317	MvSl-1064-A1-R4_MC06g07443	1.26914495001983	0.000684294433530794
318	MvSl-1064-A1-R4_MC06g07455	0.721010837124833	0.0268175334348371
319	MvSl-1064-A1-R4_MC06g07466	0.902952474774919	0.0429561662078982
320	MvSl-1064-A1-R4_MC06g07489	2.95480907302416	2.02984070129614e-13
321	MvSl-1064-A1-R4_MC06g07502	0.695426370452275	0.0471280268721019
322	MvSl-1064-A1-R4_MC06g07522	1.14495101613261	0.0291781455479351
323	MvSl-1064-A1-R4_MC07g07550	0.755656024523738	0.0431363376754337
324	MvSl-1064-A1-R4_MC07g07561	2.11637166820579	7.95860748828528e-16
325	MvSl-1064-A1-R4_MC07g07586	1.1243375000381	0.0138553348425396
326	MvSl-1064-A1-R4_MC07g07657	1.10634031703261	0.000400114576005024
327	MvSl-1064-A1-R4_MC07g07676	2.5833098380144	8.82627244479256e-11
328	MvSl-1064-A1-R4_MC07g07677	2.30476133384743	2.77552956320322e-17
329	MvSl-1064-A1-R4_MC07g07678	2.32667353616796	2.35758882078591e-20
330	MvSl-1064-A1-R4_MC07g07689	0.733232287286956	0.0266607041042734
331	MvSl-1064-A1-R4_MC07g07698	0.899673717087494	0.0168265969060996
332	MvSl-1064-A1-R4_MC07g07745	0.95542979169714	0.0328214864491342
333	MvSl-1064-A1-R4_MC07g07806	0.941252232218764	0.00887749992553757
334	MvSl-1064-A1-R4_MC07g07807	1.56321379915059	0.000638503798438474
335	MvSl-1064-A1-R4_MC07g07808	0.90798208614507	0.0124408788509877
336	MvSl-1064-A1-R4_MC07g07828	0.92757676456975	0.00773986335946271
337	MvSl-1064-A1-R4_MC07g07839	1.16182030007084	0.00164880445276676
338	MvSl-1064-A1-R4_MC07g07891	0.794964906002261	0.0485648767521818
339	MvSl-1064-A1-R4_MC07g07911	0.808910487423121	0.0153299267977496
340	MvSl-1064-A1-R4_MC07g07993	0.866877670334035	0.010486131865569
341	MvSl-1064-A1-R4_MC07g08057	2.14165706135411	2.40603253576523e-10
342	MvSl-1064-A1-R4_MC07g08063	2.36544227573878	7.37268296988767e-12
343	MvSl-1064-A1-R4_MC07g08094	0.784373454919448	0.00728365338700637
344	MvSl-1064-A1-R4_MC07g08097	2.38329101787377	6.59543930516453e-13
345	MvSl-1064-A1-R4_MC07g08104	0.820838654013868	0.00269746046142232
346	MvSl-1064-A1-R4_MC07g08118	0.907657244220089	0.00761303394924804
347	MvSl-1064-A1-R4_MC07g08138	0.904358517883113	0.0177329229134381
348	MvSl-1064-A1-R4_MC07g08189	2.41795486814269	9.75595283850238e-08
349	MvSl-1064-A1-R4_MC07g08211	1.59836380822875	2.8885200238066e-05
350	MvSl-1064-A1-R4_MC08g08275	1.40545086888016	0.00106634297558721
351	MvSl-1064-A1-R4_MC08g08285	2.98336586197738	7.52160723627932e-06
352	MvSl-1064-A1-R4_MC08g08302	1.67921496073323	1.93857941338525e-06
353	MvSl-1064-A1-R4_MC08g08306	1.35471470528524	0.00173534117565529
354	MvSl-1064-A1-R4_MC08g08307	1.24219384086052	0.0344537865317022
355	MvSl-1064-A1-R4_MC08g08318	2.18533759348988	1.96246576109027e-05
356	MvSl-1064-A1-R4_MC08g08332	1.49718360097885	0.000359005604121684
357	MvSl-1064-A1-R4_MC08g08333	0.67969867655823	0.0258720327982783
358	MvSl-1064-A1-R4_MC08g08350	1.98504443867171	4.60178235026487e-11
359	MvSl-1064-A1-R4_MC08g08351	1.18222209966135	2.04421182926133e-05
360	MvSl-1064-A1-R4_MC08g08372	0.857044046134079	0.0109676173066576
361	MvSl-1064-A1-R4_MC08g08383	0.725656575113424	0.0321409579440587
362	MvSl-1064-A1-R4_MC08g08392	0.750664229855444	0.00946488922522871
363	MvSl-1064-A1-R4_MC08g08429	0.813057387216068	0.0428865150601324
364	MvSl-1064-A1-R4_MC08g08450	1.22956698137343	0.0127337854524009
365	MvSl-1064-A1-R4_MC08g08478	1.45707805359283	0.000403055816859198
366	MvSl-1064-A1-R4_MC08g08498	1.79712960325557	0.00057004414811905
367	MvSl-1064-A1-R4_MC08g08499	1.49568242469098	0.0285308158996624
368	MvSl-1064-A1-R4_MC08g08567	0.862881416954042	0.00295764052965623
369	MvSl-1064-A1-R4_MC08g08590	1.47412542147623	0.00376478358837561
370	MvSl-1064-A1-R4_MC08g08591	1.00524743651218	0.00757855999353652
371	MvSl-1064-A1-R4_MC08g08608	0.728520214036539	0.0237457492242027
372	MvSl-1064-A1-R4_MC08g08629	0.868387517486764	0.0138553348425396
373	MvSl-1064-A1-R4_MC08g08632	1.28855837258346	0.000757578522234419
374	MvSl-1064-A1-R4_MC08g08636	1.23826117750436	0.0205334507435791
375	MvSl-1064-A1-R4_MC08g08646	1.04994250676282	0.00374159298576363
376	MvSl-1064-A1-R4_MC08g08647	2.30139165392568	4.40840897938723e-15
377	MvSl-1064-A1-R4_MC08g08649	1.89232265301026	8.61407955302214e-08
378	MvSl-1064-A1-R4_MC08g08656	0.652000788869964	0.0488578757226744
379	MvSl-1064-A1-R4_MC08g08667	3.60479234389074	0.00122444873868352
380	MvSl-1064-A1-R4_MC08g08685	0.914686540885648	0.00397315414202498
381	MvSl-1064-A1-R4_MC08g08692	0.859171678196465	0.023778017970727
382	MvSl-1064-A1-R4_MC08g08693	0.870365675953998	0.0120955015442264
383	MvSl-1064-A1-R4_MC08g08709	0.983652573108047	0.0148883469037106
384	MvSl-1064-A1-R4_MC08g08736	0.813333862938643	0.00561619922884794
385	MvSl-1064-A1-R4_MC08g08737	0.760636279396875	0.0301583795439966
386	MvSl-1064-A1-R4_MC08g08760	3.17828260416713	6.24455344891386e-28
387	MvSl-1064-A1-R4_MC08g08761	1.54730322864985	5.89356023744169e-10
388	MvSl-1064-A1-R4_MC08g08762	1.3800705066464	2.32436691241044e-05
389	MvSl-1064-A1-R4_MC08g08774	1.02417741650328	0.0105046030828579
390	MvSl-1064-A1-R4_MC08g08781	1.85942981446251	0.00637358432237872
391	MvSl-1064-A1-R4_MC08g08783	1.28166789709848	3.94565631047387e-07
392	MvSl-1064-A1-R4_MC09-2g08941	1.09426053790941	0.0028448922195685
393	MvSl-1064-A1-R4_MC09-2g08942	1.12339261808237	0.0385442967934326
394	MvSl-1064-A1-R4_MC09-2g09031	1.58076693790484	0.000308518569667635
395	MvSl-1064-A1-R4_MC09-2g09040	1.10295387847843	0.0041052099387855
396	MvSl-1064-A1-R4_MC09-2g09054	0.868854762292987	0.0486416223161899
397	MvSl-1064-A1-R4_MC09-2g09073	0.704071960830022	0.0422397024788254
398	MvSl-1064-A1-R4_MC09-2g09115	1.02776003986544	0.000353249294309672
399	MvSl-1064-A1-R4_MC09-2g09142	1.1208517328004	0.000303403465012674
400	MvSl-1064-A1-R4_MC09-2g09201	0.8150715604655	0.0286108878012362
401	MvSl-1064-A1-R4_MC09-2g09303	0.959070614798469	0.00281182180937255
402	MvSl-1064-A1-R4_MC09-2g09342	0.786917452458892	0.0246411432961752
403	MvSl-1064-A1-R4_MC09-2g09343	1.31596901426825	0.00350470489086442
404	MvSl-1064-A1-R4_MC09-2g09357	1.08959327873157	0.0201131821916061
405	MvSl-1064-A1-R4_MC09-2g09380	1.62349120895224	2.00467358278701e-05
406	MvSl-1064-A1-R4_MC09-2g09413	0.730724420685624	0.0355246623637168
407	MvSl-1064-A1-R4_MC09-2g09464	1.56756601541113	4.46767573611475e-06
408	MvSl-1064-A1-R4_MC09-2g09471	0.954724724937691	0.000616164749661163
409	MvSl-1064-A1-R4_MC09-2g09472	0.870536447809854	0.00253012036514014
410	MvSl-1064-A1-R4_MC09-2g09521	1.37927049185138	0.0332600528013289
411	MvSl-1064-A1-R4_MC09-2g09529	0.75540073239646	0.0260884248355737
412	MvSl-1064-A1-R4_MC09-2g09531	1.31512225266306	0.000244427697913602
413	MvSl-1064-A1-R4_MC10-1g09620	1.14545772024116	0.0106480420642671
414	MvSl-1064-A1-R4_MC10-1g09640	1.06203662166952	0.000940186465566536
415	MvSl-1064-A1-R4_MC10-1g09645	1.04269560660495	0.000735561047944029
416	MvSl-1064-A1-R4_MC10-1g09695	0.631773832019832	0.0422397024788254
417	MvSl-1064-A1-R4_MC10-1g09718	1.21033804874946	0.0176903828909703
418	MvSl-1064-A1-R4_MC10-1g09734	1.31722052665702	3.13311146813895e-05
419	MvSl-1064-A1-R4_MC10-1g09746	0.83151937250027	0.00856111794903839
420	MvSl-1064-A1-R4_MC10-1g09754	1.48043322660309	0.0106987047278586
421	MvSl-1064-A1-R4_MC10-1g09761	1.21332056206292	0.00353332627722587
422	MvSl-1064-A1-R4_MC10-1g09766	0.88148032246675	0.0466205987521807
423	MvSl-1064-A1-R4_MC10-1g09814	1.68346589079494	0.000160953974987253
424	MvSl-1064-A1-R4_MC10-2g09915	1.2531404619848	0.024069746779563
425	MvSl-1064-A1-R4_MC10-2g09921	1.54014285273691	0.0214938481696236
426	MvSl-1064-A1-R4_MC10-2g09922	1.27799064373841	0.0379135890187398
427	MvSl-1064-A1-R4_MC10-2g09954	1.43482370217055	0.00280697803394124
428	MvSl-1064-A1-R4_MC10-2g09958	1.41796713098606	0.021962278243062
429	MvSl-1064-A1-R4_MC10-2g09986	2.21849330983536	6.29171333079305e-08
430	MvSl-1064-A1-R4_MC10-2g10025	0.792537801706926	0.0329343552109354
431	MvSl-1064-A1-R4_MC10-2g10045	2.08383265841956	3.74713436089378e-05
432	MvSl-1064-A1-R4_MC10-2g10062	1.43108737103831	0.0161611742308467
433	MvSl-1064-A1-R4_MC10-2g10090	2.16427473235409	0.000534741879284513
434	MvSl-1064-A1-R4_MC10-2g10098	3.89508392100361	1.66984156803708e-21
435	MvSl-1064-A1-R4_MC10-2g10108	1.18111269945288	0.000388846322422299
436	MvSl-1064-A1-R4_MC10-2g10128	0.804985254817952	0.0264285711011646
437	MvSl-1064-A1-R4_MC11g10198	0.849224368466423	0.0452715179838454
438	MvSl-1064-A1-R4_MC11g10208	0.673889951233447	0.028973472602051
439	MvSl-1064-A1-R4_MC11g10230	1.30040254887409	0.0155286394299526
440	MvSl-1064-A1-R4_MC11g10245	0.686259965510961	0.049939940013615
441	MvSl-1064-A1-R4_MC11g10261	1.53261311829736	0.000144562758760109
442	MvSl-1064-A1-R4_MC11g10264	0.831370874312474	0.0125104165267677
443	MvSl-1064-A1-R4_MC11g10308	0.663358559810965	0.0322201449956554
444	MvSl-1064-A1-R4_MC11g10315	2.3645027566543	0.0028426801968166
445	MvSl-1064-A1-R4_MC11g10342	1.36199762985027	3.72134068104225e-06
446	MvSl-1064-A1-R4_MC11g10343	1.28775455854244	0.000223676397569413
447	MvSl-1064-A1-R4_MC11g10367	0.857628725645355	0.0126014658403536
448	MvSl-1064-A1-R4_MC11g10383	0.707120219734218	0.0452715179838454
449	MvSl-1064-A1-R4_MC11g10385	1.02600444910994	0.00571970185743586
450	MvSl-1064-A1-R4_MC11g10386	1.47481229018987	0.0105220950452117
451	MvSl-1064-A1-R4_MC11g10398	0.850718936854279	0.0267090159971988
452	MvSl-1064-A1-R4_MC11g10404	0.836370076890217	0.0296190234636727
453	MvSl-1064-A1-R4_MC11g10412	0.812555331216029	0.0122051857243198
454	MvSl-1064-A1-R4_MC11g10427	3.35670333338166	3.48922586896265e-09
455	MvSl-1064-A1-R4_MC11g10435	1.1751242544527	0.0209848902097253
456	MvSl-1064-A1-R4_MC11g10438	0.700063362595197	0.0214938481696236
457	MvSl-1064-A1-R4_MC11g10452	1.54650319563477	2.68483468882185e-05
458	MvSl-1064-A1-R4_MC11g10453	1.31819210387255	0.000375963100899507
459	MvSl-1064-A1-R4_MC11g10482	1.06033195789559	0.00148370210452898
460	MvSl-1064-A1-R4_MC11g10536	1.27369321361165	1.37144306116201e-06
461	MvSl-1064-A1-R4_MC11g10543	1.07589233557813	0.00496158353024717
462	MvSl-1064-A1-R4_MC11g10584	0.846869513756006	0.00215288433796151
463	MvSl-1064-A1-R4_MC11g10585	3.21831270779391	7.65129860364759e-21
464	MvSl-1064-A1-R4_MC11g10606	2.48349791604302	1.44346384485757e-12
465	MvSl-1064-A1-R4_MC11g10608	1.74237510109022	3.223836530123e-08
466	MvSl-1064-A1-R4_MC11g10613	0.924679160648096	0.00414495350703432
467	MvSl-1064-A1-R4_MC11g10634	1.01814837436881	0.00471965999095446
468	MvSl-1064-A1-R4_MC11g10635	0.784164080430971	0.00887067923167062
469	MvSl-1064-A1-R4_MC11g10648	1.56408155356433	0.000344698786738463
470	MvSl-1064-A1-R4_MC11g10658	1.1470107496041	0.0193776343307434
471	MvSl-1064-A1-R4_MC11g10659	1.58949234977717	0.000437781999198163
472	MvSl-1064-A1-R4_MC11g10660	1.39277479198487	0.000836910793159768
473	MvSl-1064-A1-R4_MC11g10661	1.06331571044352	0.00856111794903839
474	MvSl-1064-A1-R4_MC11g10680	1.4864915762673	0.000283875845655007
475	MvSl-1064-A1-R4_MC11g10681	1.3618551289884	0.00390626695530533
476	MvSl-1064-A1-R4_MC11g10696	1.12163639911758	0.000244894490630847
477	MvSl-1064-A1-R4_MC11g10719	0.744271446981063	0.0116607663524531
478	MvSl-1064-A1-R4_MC11g10727	1.81867433186597	0.0196059587007519
479	MvSl-1064-A1-R4_MC11g10733	0.86053576181522	0.036450666994128
480	MvSl-1064-A1-R4_MC12g10749	1.1729935575117	0.00464744546118626
481	MvSl-1064-A1-R4_MC12g10751	2.82369982403962	3.43124829146268e-11
482	MvSl-1064-A1-R4_MC12g10757	3.30701768309336	7.13240817453087e-18
483	MvSl-1064-A1-R4_MC12g10758	1.83283943590971	3.99571774591229e-08
484	MvSl-1064-A1-R4_MC12g10778	3.02954800301576	1.68098972390455e-18
485	MvSl-1064-A1-R4_MC12g10779	1.83058093200542	4.44897747734638e-05
486	MvSl-1064-A1-R4_MC12g10808	1.29693728270633	0.000127087485355648
487	MvSl-1064-A1-R4_MC12g10810	2.32336296083026	1.90637098437469e-09
488	MvSl-1064-A1-R4_MC12g10841	0.773600741695619	0.0298220244113646
489	MvSl-1064-A1-R4_MC12g10848	0.692544944532374	0.021130837328802
490	MvSl-1064-A1-R4_MC12g10876	1.25066175543955	0.0364188037996841
491	MvSl-1064-A1-R4_MC12g10904	0.735229592604323	0.0404741157787893
492	MvSl-1064-A1-R4_MC12g10910	1.34486532116575	0.000434307343683938
493	MvSl-1064-A1-R4_MC12g10920	1.5930117512511	0.000519471469027903
494	MvSl-1064-A1-R4_MC12g10979	1.33038965682045	0.0147976671413852
495	MvSl-1064-A1-R4_MC12g10988	1.15981858764165	0.00149835622273941
496	MvSl-1064-A1-R4_MC12g11002	0.737394203569175	0.0186372842698287
497	MvSl-1064-A1-R4_MC12g11008	0.743006634407915	0.00758024782440157
498	MvSl-1064-A1-R4_MC12g11010	0.758948913611179	0.0183548226940583
499	MvSl-1064-A1-R4_MC12g11028	1.15555712807681	0.0347546106886566
500	MvSl-1064-A1-R4_MC12g11030	1.39853017520539	0.000374830324748106
501	MvSl-1064-A1-R4_MC12g11036	1.58980556626517	0.00533180978118961
502	MvSl-1064-A1-R4_MC12g11048	0.962580286800312	0.0177632760009229
503	MvSl-1064-A1-R4_MC12g11088	1.19501139000604	0.000620961915805608
504	MvSl-1064-A1-R4_MC12g11126	0.828115875683991	0.0474492815087947
505	MvSl-1064-A1-R4_MC12g11135	1.51021045555672	0.0020735822559898
506	MvSl-1064-A1-R4_MC12g11148	1.2860049444135	0.00572388446983706
507	MvSl-1064-A1-R4_MC12g11164	1.40240239265151	0.0141296004326311
508	MvSl-1064-A1-R4_MC12g11170	1.10916992525531	0.0285308158996624
509	MvSl-1064-A1-R4_MC12g11186	1.78538582946286	0.00110496742902045
510	MvSl-1064-A1-R4_MC12g11187	0.671845420868223	0.0488193167014778
511	MvSl-1064-A1-R4_MC12g11198	1.22436775230833	5.88513577894356e-05
512	MvSl-1064-A1-R4_MC12g11205	1.12449106441099	0.00809300561156913
513	MvSl-1064-A1-R4_MC12g11206	1.73762196538835	2.06746679929047e-08
514	MvSl-1064-A1-R4_MC13g11329	2.4105796543178	1.40043795498585e-07
515	MvSl-1064-A1-R4_MC13g11330	2.86982208833313	9.76345640245348e-18
516	MvSl-1064-A1-R4_MC13g11331	2.98542739840299	1.29755619693775e-21
517	MvSl-1064-A1-R4_MC13g11365	1.04560425890385	0.0416998554149879
518	MvSl-1064-A1-R4_MC13g11386	0.831743429431694	0.00530964614360202
519	MvSl-1064-A1-R4_MC13g11388	0.816514051829179	0.0172662150781014
520	MvSl-1064-A1-R4_MC13g11394	2.5371473878079	1.14591556047467e-08
521	MvSl-1064-A1-R4_MC13g11418	1.1416245437438	0.027222889298654
522	MvSl-1064-A1-R4_MC13g11429	4.19366699149265	2.50559764883133e-18
523	MvSl-1064-A1-R4_MC13g11433	1.47613886580817	7.57599232380967e-06
524	MvSl-1064-A1-R4_MC13g11440	1.05551336507968	0.000262696438778645
525	MvSl-1064-A1-R4_MC13g11474	0.836498029635056	0.0127337854524009
526	MvSl-1064-A1-R4_MC13g11519	1.4294641718258	0.00154266847607937
527	MvSl-1064-A1-R4_MC13g11520	1.30170805381276	0.00279341575306608
528	MvSl-1064-A1-R4_MC13g11521	1.15806185394627	3.6410941904564e-05
529	MvSl-1064-A1-R4_MC13g11530	1.55930945060443	0.0108282080425134
530	MvSl-1064-A1-R4_MC13g11541	2.36978638082327	0.0156306595854667
531	MvSl-1064-A1-R4_MC13g11579	0.691270318990975	0.0465212704986781
532	MvSl-1064-A1-R4_MC13g11588	0.874475347238618	0.0321409579440587
533	MvSl-1064-A1-R4_MC13g11597	1.11274566860998	0.0136649691757277
534	MvSl-1064-A1-R4_MC13g11598	1.72864670719577	0.00859696824662067
535	MvSl-1064-A1-R4_MC13g11599	1.55963383987472	0.00535530267067368
536	MvSl-1064-A1-R4_MC13g11607	1.20109513534845	0.000371227173961886
537	MvSl-1064-A1-R4_MC13g11608	0.955286639516307	0.0240419988967639
538	MvSl-1064-A1-R4_MC13g11616	1.14140972504022	0.00148370210452898
539	MvSl-1064-A1-R4_MC13g11645	1.45896490330755	0.00195292660762209
540	MvSl-1064-A1-R4_MC13g11653	1.03081773728815	0.00346113314348563
541	MvSl-1064-A1-R4_MC13g11664	0.81268992054493	0.0251013636801671
542	MvSl-1064-A1-R4_MC13g11680	2.1221198278578	0.00242825432051927
543	MvSl-1064-A1-R4_MC13g11703	1.66755427412028	1.00685496541977e-05
544	MvSl-1064-A1-R4_MC14g11750	1.25054885936368	2.22100784362176e-05
545	MvSl-1064-A1-R4_MC14g11751	0.601896375542198	0.0459193515346092
546	MvSl-1064-A1-R4_MC14g11820	1.14657562800106	0.0182540686517628
547	MvSl-1064-A1-R4_MC14g11832	1.47480442954176	0.0227195071632747
548	MvSl-1064-A1-R4_MC14g11907	0.909071058678577	0.0151865687400056
549	MvSl-1064-A1-R4_MC14g11939	0.996938978549129	0.0147390896279657
550	MvSl-1064-A1-R4_MC14g11962	0.871620711508681	0.046638811897615
551	MvSl-1064-A1-R4_MC14g11972	1.06664388526548	0.00773515408859581
552	MvSl-1064-A1-R4_MC15g12015	1.16895763071459	0.00212407917673787
553	MvSl-1064-A1-R4_MC15g12019	1.5455774634398	5.05554603780844e-05
554	MvSl-1064-A1-R4_MC15g12072	5.08720197269441	4.92359725991245e-09
555	MvSl-1064-A1-R4_MC15g12082	2.23645172849851	4.65448905820932e-05
556	MvSl-1064-A1-R4_MC15g12083	2.94354747387358	8.08175652536927e-06
557	MvSl-1064-A1-R4_MC15g12102	1.29132663483689	0.00870136083565546
558	MvSl-1064-A1-R4_MC16g12181	1.12129916408339	0.00791901895436158
559	MvSl-1064-A1-R4_MC16g12183	0.894156107401747	0.00376837724215346
