MvSl-1064-A1-R4_A1g00367	genomic_compartment	4	75.25	301	MvSl-1064-A2-R4_A2g00124	4	75.25	301	0	0	0
MvSl-1064-A1-R4_A1g00368	Red	3	85.6667	257	MvSl-1064-A2-R4_A2g00125	3	86	258	0	-0.3333	-1
MvSl-1064-A1-R4_A1g00369	Red	5	75.8	379	MvSl-1064-A2-R4_A2g00126	5	75.8	379	0	0	0
MvSl-1064-A1-R4_A1g00370	Red	5	64.8	324	MvSl-1064-A2-R4_A2g00127	5	64.8	324	0	0	0
MvSl-1064-A1-R4_A1g00371	Red	6	91.3333	548	MvSl-1064-A2-R4_A2g00128	6	88.6667	532	0	2.6666	16
MvSl-1064-A1-R4_A1g00372	Red	5	79	395	MvSl-1064-A2-R4_A2g00129	5	79	395	0	0	0
MvSl-1064-A1-R4_A1g00373	Red	3	100	300	MvSl-1064-A2-R4_A2g00130	3	100	300	0	0	0
MvSl-1064-A1-R4_A1g00374	Red	4	71.5	286	MvSl-1064-A2-R4_A2g00131	4	71.5	286	0	0	0
MvSl-1064-A1-R4_A1g00375	Red	1	75	75	MvSl-1064-A2-R4_A2g00132	1	75	75	0	0	0
MvSl-1064-A1-R4_A1g00405	Red	5	80.2	401	MvSl-1064-A2-R4_A2g00365	5	80.2	401	0	0	0
MvSl-1064-A1-R4_A1g00404	Red	5	70.4	352	MvSl-1064-A2-R4_A2g00366	5	70.4	352	0	0	0
MvSl-1064-A1-R4_A1g00403	Red	7	66.7143	467	MvSl-1064-A2-R4_A2g00367	7	66.7143	467	0	0	0
MvSl-1064-A1-R4_A1g00402	Red	3	82.3333	247	MvSl-1064-A2-R4_A2g00368	4	79.75	319	-1	2.5833	-72
MvSl-1064-A1-R4_A1g00401	Red	4	93.5	374	MvSl-1064-A2-R4_A2g00369	4	93.5	374	0	0	0
MvSl-1064-A1-R4_A1g00400	Red	7	91.2857	639	MvSl-1064-A2-R4_A2g00370	7	90.8571	636	0	0.4286	3
MvSl-1064-A1-R4_A1g00399	Red	2	74.5	149	MvSl-1064-A2-R4_A2g00371	2	74.5	149	0	0	0
MvSl-1064-A1-R4_A1g00398	Red	4	183.75	735	MvSl-1064-A2-R4_A2g00372	4	183.75	735	0	0	0
MvSl-1064-A1-R4_A1g00397	Red	3	121	363	MvSl-1064-A2-R4_A2g00373	3	120.667	362	0	0.333	1
MvSl-1064-A1-R4_A1g00396	Red	5	83.6	418	MvSl-1064-A2-R4_A2g00374	5	83.6	418	0	0	0
MvSl-1064-A1-R4_A1g00395	Red	9	73.2222	659	MvSl-1064-A2-R4_A2g00375	9	73.2222	659	0	0	0
MvSl-1064-A1-R4_A1g00394	Red	3	108.333	325	MvSl-1064-A2-R4_A2g00376	3	108.333	325	0	0	0
MvSl-1064-A1-R4_A1g00393	Red	1	0	0	MvSl-1064-A2-R4_A2g00377	1	0	0	0	0	0
MvSl-1064-A1-R4_A1g00392	Red	1	131	131	MvSl-1064-A2-R4_A2g00378	1	131	131	0	0	0
MvSl-1064-A1-R4_A1g00391	Red	6	102.5	615	MvSl-1064-A2-R4_A2g00379	5	104.8	524	1	-2.3	91
MvSl-1064-A1-R4_A1g00390	Red	1	280	280	MvSl-1064-A2-R4_A2g00380	1	283	283	0	-3	-3
MvSl-1064-A1-R4_A1g00389	Red	6	191	1146	MvSl-1064-A2-R4_A2g00383	3	106.333	319	3	84.667	827
MvSl-1064-A1-R4_A1g00380	Red	2	210.5	421	MvSl-1064-A2-R4_A2g00393	2	210.5	421	0	0	0
MvSl-1064-A1-R4_A1g00379	Red	1	0	0	MvSl-1064-A2-R4_A2g00394	1	0	0	0	0	0
MvSl-1064-A1-R4_A1g00406	Red	1	83	83	MvSl-1064-A2-R4_A2g00732	1	83	83	0	0	0
MvSl-1064-A1-R4_A1g00407	Red	1	166	166	MvSl-1064-A2-R4_A2g01066	1	79	79	0	87	87
