MvSl-1064-A1-R4_A1g00002	1	0	0	MvSl-1064-A2-R4_A2g00002	1	0	0	0	0	0
MvSl-1064-A1-R4_A1g00004	4	75.25	301	MvSl-1064-A2-R4_A2g00004	4	75	300	0	0.25	1
MvSl-1064-A1-R4_A1g00005	1	0	0	MvSl-1064-A2-R4_A2g00005	1	0	0	0	0	0
MvSl-1064-A1-R4_A1g00006	3	308.333	925	MvSl-1064-A2-R4_A2g00006	3	308.333	925	0	0	0
MvSl-1064-A1-R4_A1g00007	5	103.2	516	MvSl-1064-A2-R4_A2g00007	5	103.2	516	0	0	0
MvSl-1064-A1-R4_A1g00008	3	85	255	MvSl-1064-A2-R4_A2g00008	3	85	255	0	0	0
MvSl-1064-A1-R4_A1g00009	2	121.5	243	MvSl-1064-A2-R4_A2g00009	2	121.5	243	0	0	0
MvSl-1064-A1-R4_A1g00010	4	152.75	611	MvSl-1064-A2-R4_A2g00010	4	152.75	611	0	0	0
MvSl-1064-A1-R4_A1g00011	2	67.5	135	MvSl-1064-A2-R4_A2g00011	2	67.5	135	0	0	0
MvSl-1064-A1-R4_A1g00013	6	75.6667	454	MvSl-1064-A2-R4_A2g00013	6	75.6667	454	0	0	0
MvSl-1064-A1-R4_A1g00014	3	74	222	MvSl-1064-A2-R4_A2g00014	3	74	222	0	0	0
MvSl-1064-A1-R4_A1g00015	2	42	84	MvSl-1064-A2-R4_A2g00015	2	42	84	0	0	0
MvSl-1064-A1-R4_A1g00016	1	0	0	MvSl-1064-A2-R4_A2g00016	1	0	0	0	0	0
MvSl-1064-A1-R4_A1g00017	8	87.375	699	MvSl-1064-A2-R4_A2g00017	8	87.375	699	0	0	0
MvSl-1064-A1-R4_A1g00018	1	70	70	MvSl-1064-A2-R4_A2g00018	1	70	70	0	0	0
MvSl-1064-A1-R4_A1g00019	3	216.667	650	MvSl-1064-A2-R4_A2g00019	3	216.667	650	0	0	0
MvSl-1064-A1-R4_A1g00020	1	0	0	MvSl-1064-A2-R4_A2g00020	1	0	0	0	0	0
MvSl-1064-A1-R4_A1g00021	1	142	142	MvSl-1064-A2-R4_A2g00021	1	142	142	0	0	0
MvSl-1064-A1-R4_A1g00022	2	59.5	119	MvSl-1064-A2-R4_A2g00022	2	59.5	119	0	0	0
MvSl-1064-A1-R4_A1g00023	4	203	812	MvSl-1064-A2-R4_A2g00023	4	203	812	0	0	0
MvSl-1064-A1-R4_A1g00024	3	98	294	MvSl-1064-A2-R4_A2g00024	3	98	294	0	0	0
MvSl-1064-A1-R4_A1g00025	7	87.7143	614	MvSl-1064-A2-R4_A2g00025	7	87.7143	614	0	0	0
MvSl-1064-A1-R4_A1g00026	13	92.1538	1198	MvSl-1064-A2-R4_A2g00026	13	92.1538	1198	0	0	0
MvSl-1064-A1-R4_A1g00027	1	0	0	MvSl-1064-A2-R4_A2g00027	1	0	0	0	0	0
MvSl-1064-A1-R4_A1g00028	3	56.6667	170	MvSl-1064-A2-R4_A2g00028	3	56.6667	170	0	0	0
MvSl-1064-A1-R4_A1g00029	2	77	154	MvSl-1064-A2-R4_A2g00029	2	77	154	0	0	0
MvSl-1064-A1-R4_A1g00030	1	85	85	MvSl-1064-A2-R4_A2g00030	1	85	85	0	0	0
MvSl-1064-A1-R4_A1g00031	7	93.5714	655	MvSl-1064-A2-R4_A2g00031	7	93.4286	654	0	0.1428	1
MvSl-1064-A1-R4_A1g00032	12	93.6667	1124	MvSl-1064-A2-R4_A2g00032	12	93.6667	1124	0	0	0
MvSl-1064-A1-R4_A1g00033	3	51.6667	155	MvSl-1064-A2-R4_A2g00033	3	51.6667	155	0	0	0
MvSl-1064-A1-R4_A1g00034	1	77	77	MvSl-1064-A2-R4_A2g00034	1	77	77	0	0	0
MvSl-1064-A1-R4_A1g00035	1	0	0	MvSl-1064-A2-R4_A2g00035	1	0	0	0	0	0
MvSl-1064-A1-R4_A1g00036	3	93	279	MvSl-1064-A2-R4_A2g00036	3	93	279	0	0	0
MvSl-1064-A1-R4_A1g00037	2	85.5	171	MvSl-1064-A2-R4_A2g00037	2	85.5	171	0	0	0
MvSl-1064-A1-R4_A1g00038	2	271.5	543	MvSl-1064-A2-R4_A2g00038	2	271.5	543	0	0	0
MvSl-1064-A1-R4_A1g00039	12	90.0833	1081	MvSl-1064-A2-R4_A2g00039	12	90.0833	1081	0	0	0
MvSl-1064-A1-R4_A1g00040	7	87.5714	613	MvSl-1064-A2-R4_A2g00040	7	87.5714	613	0	0	0
MvSl-1064-A1-R4_A1g00041	1	0	0	MvSl-1064-A2-R4_A2g00041	1	0	0	0	0	0
MvSl-1064-A1-R4_A1g00042	1	0	0	MvSl-1064-A2-R4_A2g00042	1	0	0	0	0	0
MvSl-1064-A1-R4_A1g00043	2	76	152	MvSl-1064-A2-R4_A2g00043	2	76	152	0	0	0
MvSl-1064-A1-R4_A1g00044	4	72.75	291	MvSl-1064-A2-R4_A2g00044	4	72.75	291	0	0	0
MvSl-1064-A1-R4_A1g00045	5	128.6	643	MvSl-1064-A2-R4_A2g00045	5	128.6	643	0	0	0
MvSl-1064-A1-R4_A1g00046	7	83.1429	582	MvSl-1064-A2-R4_A2g00046	7	83.1429	582	0	0	0
MvSl-1064-A1-R4_A1g00047	5	74	370	MvSl-1064-A2-R4_A2g00047	5	74	370	0	0	0
MvSl-1064-A1-R4_A1g00048	1	0	0	MvSl-1064-A2-R4_A2g00048	1	0	0	0	0	0
MvSl-1064-A1-R4_A1g00049	7	79.1429	554	MvSl-1064-A2-R4_A2g00049	7	79.1429	554	0	0	0
MvSl-1064-A1-R4_A1g00050	3	72.6667	218	MvSl-1064-A2-R4_A2g00050	3	72.6667	218	0	0	0
MvSl-1064-A1-R4_A1g00051	4	85	340	MvSl-1064-A2-R4_A2g00051	4	85	340	0	0	0
MvSl-1064-A1-R4_A1g00052	1	180	180	MvSl-1064-A2-R4_A2g00052	1	180	180	0	0	0
MvSl-1064-A1-R4_A1g00053	5	71.4	357	MvSl-1064-A2-R4_A2g00053	5	71.4	357	0	0	0
MvSl-1064-A1-R4_A1g00054	7	76.7143	537	MvSl-1064-A2-R4_A2g00054	7	76.7143	537	0	0	0
MvSl-1064-A1-R4_A1g00055	2	72	144	MvSl-1064-A2-R4_A2g00055	2	72	144	0	0	0
MvSl-1064-A1-R4_A1g00056	6	94.6667	568	MvSl-1064-A2-R4_A2g00056	6	94.6667	568	0	0	0
MvSl-1064-A1-R4_A1g00057	1	0	0	MvSl-1064-A2-R4_A2g00057	1	0	0	0	0	0
MvSl-1064-A1-R4_A1g00058	1	128	128	MvSl-1064-A2-R4_A2g00058	1	128	128	0	0	0
MvSl-1064-A1-R4_A1g00059	1	0	0	MvSl-1064-A2-R4_A2g00059	1	0	0	0	0	0
MvSl-1064-A1-R4_A1g00060	5	119.8	599	MvSl-1064-A2-R4_A2g00060	5	119.8	599	0	0	0
MvSl-1064-A1-R4_A1g00061	3	100.333	301	MvSl-1064-A2-R4_A2g00061	3	100	300	0	0.333	1
MvSl-1064-A1-R4_A1g00062	5	129	645	MvSl-1064-A2-R4_A2g00062	5	129	645	0	0	0
MvSl-1064-A1-R4_A1g00063	3	108.333	325	MvSl-1064-A2-R4_A2g00063	3	108	324	0	0.333	1
MvSl-1064-A1-R4_A1g00064	3	151.667	455	MvSl-1064-A2-R4_A2g00064	3	151.667	455	0	0	0
MvSl-1064-A1-R4_A1g00065	10	81.9	819	MvSl-1064-A2-R4_A2g00065	10	81.8	818	0	0.1	1
MvSl-1064-A1-R4_A1g00066	2	73	146	MvSl-1064-A2-R4_A2g00066	2	73	146	0	0	0
MvSl-1064-A1-R4_A1g00067	8	105	840	MvSl-1064-A2-R4_A2g00067	8	105	840	0	0	0
MvSl-1064-A1-R4_A1g00068	3	124.667	374	MvSl-1064-A2-R4_A2g00068	3	124.667	374	0	0	0
MvSl-1064-A1-R4_A1g00069	2	98	196	MvSl-1064-A2-R4_A2g00069	2	98	196	0	0	0
MvSl-1064-A1-R4_A1g00070	1	84	84	MvSl-1064-A2-R4_A2g00070	1	84	84	0	0	0
MvSl-1064-A1-R4_A1g00071	4	97.5	390	MvSl-1064-A2-R4_A2g00071	4	97.5	390	0	0	0
MvSl-1064-A1-R4_A1g00072	4	110.25	441	MvSl-1064-A2-R4_A2g00072	4	110.25	441	0	0	0
MvSl-1064-A1-R4_A1g00073	3	107.667	323	MvSl-1064-A2-R4_A2g00073	3	107.667	323	0	0	0
MvSl-1064-A1-R4_A1g00074	10	124.3	1243	MvSl-1064-A2-R4_A2g00074	10	124.3	1243	0	0	0
MvSl-1064-A1-R4_A1g00075	6	99.3333	596	MvSl-1064-A2-R4_A2g00075	6	99.3333	596	0	0	0
MvSl-1064-A1-R4_A1g00076	1	125	125	MvSl-1064-A2-R4_A2g00076	1	125	125	0	0	0
MvSl-1064-A1-R4_A1g00077	1	93	93	MvSl-1064-A2-R4_A2g00077	1	93	93	0	0	0
MvSl-1064-A1-R4_A1g00078	1	0	0	MvSl-1064-A2-R4_A2g00078	1	0	0	0	0	0
MvSl-1064-A1-R4_A1g00079	10	83.6	836	MvSl-1064-A2-R4_A2g00079	10	83.5	835	0	0.1	1
MvSl-1064-A1-R4_A1g00080	3	92	276	MvSl-1064-A2-R4_A2g00080	3	92	276	0	0	0
MvSl-1064-A1-R4_A1g01440	6	113.5	681	MvSl-1064-A2-R4_A2g01753	6	113.5	681	0	0	0
MvSl-1064-A1-R4_A1g01441	6	72	432	MvSl-1064-A2-R4_A2g01754	6	72	432	0	0	0
MvSl-1064-A1-R4_A1g01442	1	0	0	MvSl-1064-A2-R4_A2g01755	1	0	0	0	0	0
MvSl-1064-A1-R4_A1g01443	1	0	0	MvSl-1064-A2-R4_A2g01756	1	0	0	0	0	0
MvSl-1064-A1-R4_A1g01444	3	126.333	379	MvSl-1064-A2-R4_A2g01757	3	126.333	379	0	0	0
MvSl-1064-A1-R4_A1g01445	2	62	124	MvSl-1064-A2-R4_A2g01758	2	62	124	0	0	0
MvSl-1064-A1-R4_A1g01446	1	0	0	MvSl-1064-A2-R4_A2g01759	1	0	0	0	0	0
MvSl-1064-A1-R4_A1g01447	4	160.75	643	MvSl-1064-A2-R4_A2g01760	4	160.75	643	0	0	0
MvSl-1064-A1-R4_A1g01448	1	72	72	MvSl-1064-A2-R4_A2g01761	1	72	72	0	0	0
MvSl-1064-A1-R4_A1g01450	5	86.6	433	MvSl-1064-A2-R4_A2g01763	5	86.6	433	0	0	0
MvSl-1064-A1-R4_A1g01451	5	90.4	452	MvSl-1064-A2-R4_A2g01764	5	90.4	452	0	0	0
MvSl-1064-A1-R4_A1g01452	1	0	0	MvSl-1064-A2-R4_A2g01765	1	0	0	0	0	0
MvSl-1064-A1-R4_A1g01453	5	136.2	681	MvSl-1064-A2-R4_A2g01766	5	136.2	681	0	0	0
MvSl-1064-A1-R4_A1g01454	2	216.5	433	MvSl-1064-A2-R4_A2g01767	2	216.5	433	0	0	0
MvSl-1064-A1-R4_A1g01455	1	0	0	MvSl-1064-A2-R4_A2g01768	1	0	0	0	0	0
MvSl-1064-A1-R4_A1g01456	1	74	74	MvSl-1064-A2-R4_A2g01769	1	74	74	0	0	0
MvSl-1064-A1-R4_A1g01457	1	0	0	MvSl-1064-A2-R4_A2g01770	1	0	0	0	0	0
MvSl-1064-A1-R4_A1g01458	7	71.1429	498	MvSl-1064-A2-R4_A2g01771	7	71.1429	498	0	0	0
MvSl-1064-A1-R4_A1g01459	1	0	0	MvSl-1064-A2-R4_A2g01772	1	0	0	0	0	0
MvSl-1064-A1-R4_A1g01460	3	84.3333	253	MvSl-1064-A2-R4_A2g01773	3	84.3333	253	0	0	0
MvSl-1064-A1-R4_A1g01461	1	153	153	MvSl-1064-A2-R4_A2g01774	1	153	153	0	0	0
MvSl-1064-A1-R4_A1g01462	5	88.4	442	MvSl-1064-A2-R4_A2g01775	5	88.4	442	0	0	0
MvSl-1064-A1-R4_A1g01463	1	0	0	MvSl-1064-A2-R4_A2g01776	1	0	0	0	0	0
MvSl-1064-A1-R4_A1g01464	4	102.5	410	MvSl-1064-A2-R4_A2g01777	4	102.5	410	0	0	0
MvSl-1064-A1-R4_A1g01465	1	92	92	MvSl-1064-A2-R4_A2g01778	1	92	92	0	0	0
MvSl-1064-A1-R4_A1g01466	1	0	0	MvSl-1064-A2-R4_A2g01779	1	0	0	0	0	0
MvSl-1064-A1-R4_A1g01467	6	85.6667	514	MvSl-1064-A2-R4_A2g01780	6	85.6667	514	0	0	0
MvSl-1064-A1-R4_A1g01468	1	71	71	MvSl-1064-A2-R4_A2g01781	1	71	71	0	0	0
MvSl-1064-A1-R4_A1g01469	1	75	75	MvSl-1064-A2-R4_A2g01782	1	75	75	0	0	0
MvSl-1064-A1-R4_A1g01470	3	108	324	MvSl-1064-A2-R4_A2g01783	3	108	324	0	0	0
MvSl-1064-A1-R4_A1g01471	3	126.667	380	MvSl-1064-A2-R4_A2g01784	3	127	381	0	-0.333	-1
MvSl-1064-A1-R4_A1g01472	1	76	76	MvSl-1064-A2-R4_A2g01785	1	76	76	0	0	0
MvSl-1064-A1-R4_A1g01473	3	114	342	MvSl-1064-A2-R4_A2g01786	3	114	342	0	0	0
MvSl-1064-A1-R4_A1g01474	2	112	224	MvSl-1064-A2-R4_A2g01787	2	112	224	0	0	0
MvSl-1064-A1-R4_A1g01475	1	0	0	MvSl-1064-A2-R4_A2g01788	1	0	0	0	0	0
MvSl-1064-A1-R4_A1g01476	1	69	69	MvSl-1064-A2-R4_A2g01789	1	69	69	0	0	0
MvSl-1064-A1-R4_A1g01477	4	63.25	253	MvSl-1064-A2-R4_A2g01790	4	63.25	253	0	0	0
MvSl-1064-A1-R4_A1g01478	3	125.667	377	MvSl-1064-A2-R4_A2g01791	3	125.667	377	0	0	0
MvSl-1064-A1-R4_A1g01479	1	311	311	MvSl-1064-A2-R4_A2g01792	1	311	311	0	0	0
MvSl-1064-A1-R4_A1g01480	1	0	0	MvSl-1064-A2-R4_A2g01793	1	0	0	0	0	0
MvSl-1064-A1-R4_A1g01481	1	64	64	MvSl-1064-A2-R4_A2g01794	1	64	64	0	0	0
MvSl-1064-A1-R4_A1g01482	3	115	345	MvSl-1064-A2-R4_A2g01795	3	115	345	0	0	0
MvSl-1064-A1-R4_A1g01483	1	42	42	MvSl-1064-A2-R4_A2g01796	1	42	42	0	0	0
MvSl-1064-A1-R4_A1g01484	3	138	414	MvSl-1064-A2-R4_A2g01797	3	138	414	0	0	0
MvSl-1064-A1-R4_A1g01485	4	78.5	314	MvSl-1064-A2-R4_A2g01798	4	78.5	314	0	0	0
MvSl-1064-A1-R4_A1g01486	2	67	134	MvSl-1064-A2-R4_A2g01799	2	67	134	0	0	0
MvSl-1064-A1-R4_A1g01487	4	86.25	345	MvSl-1064-A2-R4_A2g01800	4	86.25	345	0	0	0
MvSl-1064-A1-R4_A1g01488	6	93.8333	563	MvSl-1064-A2-R4_A2g01801	6	94	564	0	-0.1667	-1
MvSl-1064-A1-R4_A1g01489	3	140.333	421	MvSl-1064-A2-R4_A2g01802	3	140.333	421	0	0	0
MvSl-1064-A1-R4_A1g01490	2	117.5	235	MvSl-1064-A2-R4_A2g01803	2	117.5	235	0	0	0
MvSl-1064-A1-R4_A1g01491	2	104	208	MvSl-1064-A2-R4_A2g01804	2	104	208	0	0	0
MvSl-1064-A1-R4_A1g01492	2	105	210	MvSl-1064-A2-R4_A2g01805	2	105	210	0	0	0
MvSl-1064-A1-R4_A1g01493	7	92.2857	646	MvSl-1064-A2-R4_A2g01806	7	92.2857	646	0	0	0
MvSl-1064-A1-R4_A1g01494	1	42	42	MvSl-1064-A2-R4_A2g01807	1	42	42	0	0	0
MvSl-1064-A1-R4_A1g01495	3	70.3333	211	MvSl-1064-A2-R4_A2g01808	3	70.3333	211	0	0	0
MvSl-1064-A1-R4_A1g01496	1	0	0	MvSl-1064-A2-R4_A2g01809	1	0	0	0	0	0
MvSl-1064-A1-R4_A1g01497	4	107.25	429	MvSl-1064-A2-R4_A2g01810	4	107.25	429	0	0	0
MvSl-1064-A1-R4_A1g01498	4	105.25	421	MvSl-1064-A2-R4_A2g01811	4	105.25	421	0	0	0
MvSl-1064-A1-R4_A1g01499	1	107	107	MvSl-1064-A2-R4_A2g01812	1	107	107	0	0	0
MvSl-1064-A1-R4_A1g01500	5	84.4	422	MvSl-1064-A2-R4_A2g01813	5	84.4	422	0	0	0
MvSl-1064-A1-R4_A1g01501	4	106.75	427	MvSl-1064-A2-R4_A2g01814	4	106.75	427	0	0	0
MvSl-1064-A1-R4_A1g01502	3	73.6667	221	MvSl-1064-A2-R4_A2g01815	3	81.3333	244	0	-7.6666	-23
MvSl-1064-A1-R4_A1g01503	1	68	68	MvSl-1064-A2-R4_A2g01816	2	54.5	109	-1	13.5	-41
MvSl-1064-A1-R4_A1g01504	1	0	0	MvSl-1064-A2-R4_A2g01817	1	0	0	0	0	0
MvSl-1064-A1-R4_A1g01505	3	118.667	356	MvSl-1064-A2-R4_A2g01818	3	118.667	356	0	0	0
MvSl-1064-A1-R4_A1g01506	1	0	0	MvSl-1064-A2-R4_A2g01819	1	0	0	0	0	0
MvSl-1064-A1-R4_A1g01507	1	0	0	MvSl-1064-A2-R4_A2g01820	1	0	0	0	0	0
MvSl-1064-A1-R4_A1g01508	4	105.5	422	MvSl-1064-A2-R4_A2g01821	4	105.5	422	0	0	0
MvSl-1064-A1-R4_A1g01509	7	108.714	761	MvSl-1064-A2-R4_A2g01822	7	108.714	761	0	0	0
MvSl-1064-A1-R4_A1g01510	1	0	0	MvSl-1064-A2-R4_A2g01823	1	0	0	0	0	0
MvSl-1064-A1-R4_A1g01511	1	0	0	MvSl-1064-A2-R4_A2g01824	1	0	0	0	0	0
MvSl-1064-A1-R4_A1g01512	5	102.6	513	MvSl-1064-A2-R4_A2g01825	5	102.6	513	0	0	0
MvSl-1064-A1-R4_A1g00003	4	125.5	502	MvSl-1064-A2-R4_A2g01827	4	269.25	1077	0	-143.75	-575
MvSl-1064-A1-R4_A1g01515	1	0	0	MvSl-1064-A2-R4_A2g01828	1	0	0	0	0	0
MvSl-1064-A1-R4_A1g01516	2	88.5	177	MvSl-1064-A2-R4_A2g01829	2	88.5	177	0	0	0
