MvSl-1064-A1-R4_A1g00081	8	84	672	MvSl-1064-A2-R4_A2g00081	8	83.75	670	0	0.25	2
MvSl-1064-A1-R4_A1g00083	9	82.8889	746	MvSl-1064-A2-R4_A2g00083	9	83.3333	750	0	-0.4444	-4
MvSl-1064-A1-R4_A1g00084	1	81	81	MvSl-1064-A2-R4_A2g00084	1	81	81	0	0	0
MvSl-1064-A1-R4_A1g00106	3	81	243	MvSl-1064-A2-R4_A2g00116	3	90.3333	271	0	-9.3333	-28
MvSl-1064-A1-R4_A1g00107	11	89	979	MvSl-1064-A2-R4_A2g00117	11	89	979	0	0	0
MvSl-1064-A1-R4_A1g00108	1	0	0	MvSl-1064-A2-R4_A2g00118	1	0	0	0	0	0
MvSl-1064-A1-R4_A1g01392	4	72.5	290	MvSl-1064-A2-R4_A2g00153	4	77	308	0	-4.5	-18
MvSl-1064-A1-R4_A1g01393	2	81	162	MvSl-1064-A2-R4_A2g00154	3	77.3333	232	-1	3.6667	-70
MvSl-1064-A1-R4_A1g00209	3	204.667	614	MvSl-1064-A2-R4_A2g00160	1	61	61	2	143.667	553
MvSl-1064-A1-R4_A1g01415	10	107.8	1078	MvSl-1064-A2-R4_A2g00163	10	107.7	1077	0	0.1	1
MvSl-1064-A1-R4_A1g00290	4	86.75	347	MvSl-1064-A2-R4_A2g00169	4	86.25	345	0	0.5	2
MvSl-1064-A1-R4_A1g01389	1	0	0	MvSl-1064-A2-R4_A2g00185	1	0	0	0	0	0
MvSl-1064-A1-R4_A1g01388	2	65.5	131	MvSl-1064-A2-R4_A2g00186	2	64	128	0	1.5	3
MvSl-1064-A1-R4_A1g01253	4	105	420	MvSl-1064-A2-R4_A2g00196	4	95	380	0	10	40
MvSl-1064-A1-R4_A1g00800	8	102.375	819	MvSl-1064-A2-R4_A2g00203	9	96.1111	865	-1	6.2639	-46
MvSl-1064-A1-R4_A1g00808	2	73	146	MvSl-1064-A2-R4_A2g00206	1	204	204	1	-131	-58
MvSl-1064-A1-R4_A1g00589	1	54	54	MvSl-1064-A2-R4_A2g00207	1	73	73	0	-19	-19
MvSl-1064-A1-R4_A1g00591	1	0	0	MvSl-1064-A2-R4_A2g00208	1	0	0	0	0	0
MvSl-1064-A1-R4_A1g00592	1	56	56	MvSl-1064-A2-R4_A2g00209	1	60	60	0	-4	-4
MvSl-1064-A1-R4_A1g00608	1	127	127	MvSl-1064-A2-R4_A2g00220	1	0	0	0	127	127
MvSl-1064-A1-R4_A1g00641	1	128	128	MvSl-1064-A2-R4_A2g00231	1	129	129	0	-1	-1
MvSl-1064-A1-R4_A1g00726	6	114.833	689	MvSl-1064-A2-R4_A2g00239	7	111	777	-1	3.833	-88
MvSl-1064-A1-R4_A1g00120	7	81	567	MvSl-1064-A2-R4_A2g00240	7	66	462	0	15	105
MvSl-1064-A1-R4_A1g00246	2	173	346	MvSl-1064-A2-R4_A2g00241	2	170	340	0	3	6
MvSl-1064-A1-R4_A1g00215	1	0	0	MvSl-1064-A2-R4_A2g00258	1	0	0	0	0	0
MvSl-1064-A1-R4_A1g00102	5	89	445	MvSl-1064-A2-R4_A2g00279	4	84.5	338	1	4.5	107
MvSl-1064-A1-R4_A1g00233	1	0	0	MvSl-1064-A2-R4_A2g00289	1	0	0	0	0	0
MvSl-1064-A1-R4_A1g00165	6	82.8333	497	MvSl-1064-A2-R4_A2g00290	6	85.3333	512	0	-2.5	-15
MvSl-1064-A1-R4_A1g00481	2	49.5	99	MvSl-1064-A2-R4_A2g00295	2	65.5	131	0	-16	-32
MvSl-1064-A1-R4_A1g00718	2	71.5	143	MvSl-1064-A2-R4_A2g00298	2	71	142	0	0.5	1
MvSl-1064-A1-R4_A1g00254	3	73	219	MvSl-1064-A2-R4_A2g00300	3	72.6667	218	0	0.3333	1
MvSl-1064-A1-R4_A1g00359	8	125.375	1003	MvSl-1064-A2-R4_A2g00301	8	125.25	1002	0	0.125	1
MvSl-1064-A1-R4_A1g00281	9	77	693	MvSl-1064-A2-R4_A2g00303	8	69.125	553	1	7.875	140
MvSl-1064-A1-R4_A1g00280	9	70	630	MvSl-1064-A2-R4_A2g00304	9	70	630	0	0	0
MvSl-1064-A1-R4_A1g00168	4	107.75	431	MvSl-1064-A2-R4_A2g00313	6	92.5	555	-2	15.25	-124
MvSl-1064-A1-R4_A1g00648	3	109.667	329	MvSl-1064-A2-R4_A2g00314	3	109.667	329	0	0	0
MvSl-1064-A1-R4_A1g00647	3	147.333	442	MvSl-1064-A2-R4_A2g00315	6	84.3333	506	-3	62.9997	-64
MvSl-1064-A1-R4_A1g00492	1	52	52	MvSl-1064-A2-R4_A2g00319	1	0	0	0	52	52
MvSl-1064-A1-R4_A1g00778	7	76.8571	538	MvSl-1064-A2-R4_A2g00328	7	77.1429	540	0	-0.2858	-2
MvSl-1064-A1-R4_A1g00779	10	96	960	MvSl-1064-A2-R4_A2g00329	10	95.2	952	0	0.8	8
MvSl-1064-A1-R4_A1g01282	3	115	345	MvSl-1064-A2-R4_A2g00349	3	114.333	343	0	0.667	2
MvSl-1064-A1-R4_A1g00869	10	84.8	848	MvSl-1064-A2-R4_A2g00351	10	84	840	0	0.8	8
MvSl-1064-A1-R4_A1g00384	2	97.5	195	MvSl-1064-A2-R4_A2g00387	1	92	92	1	5.5	103
MvSl-1064-A1-R4_A1g00383	2	73	146	MvSl-1064-A2-R4_A2g00388	1	157	157	1	-84	-11
MvSl-1064-A1-R4_A1g01189	2	79	158	MvSl-1064-A2-R4_A2g00403	2	81	162	0	-2	-4
MvSl-1064-A1-R4_A1g01375	2	71	142	MvSl-1064-A2-R4_A2g00417	2	65.5	131	0	5.5	11
MvSl-1064-A1-R4_A1g01376	11	71.8182	790	MvSl-1064-A2-R4_A2g00418	12	99.3333	1192	-1	-27.5151	-402
MvSl-1064-A1-R4_A1g01378	2	83.5	167	MvSl-1064-A2-R4_A2g00420	1	110	110	1	-26.5	57
MvSl-1064-A1-R4_A1g01383	7	79.4286	556	MvSl-1064-A2-R4_A2g00527	5	117.6	588	2	-38.1714	-32
MvSl-1064-A1-R4_A1g00652	10	168.1	1681	MvSl-1064-A2-R4_A2g00532	10	94.9	949	0	73.2	732
MvSl-1064-A1-R4_A1g00355	4	137.25	549	MvSl-1064-A2-R4_A2g00539	6	82	492	-2	55.25	57
MvSl-1064-A1-R4_A1g00568	1	231	231	MvSl-1064-A2-R4_A2g00548	1	0	0	0	231	231
MvSl-1064-A1-R4_A1g00575	7	116.286	814	MvSl-1064-A2-R4_A2g00559	7	117.714	824	0	-1.428	-10
MvSl-1064-A1-R4_A1g00576	1	0	0	MvSl-1064-A2-R4_A2g00560	1	0	0	0	0	0
MvSl-1064-A1-R4_A1g00757	2	99	198	MvSl-1064-A2-R4_A2g00565	1	49	49	1	50	149
MvSl-1064-A1-R4_A1g00756	1	0	0	MvSl-1064-A2-R4_A2g00566	1	0	0	0	0	0
MvSl-1064-A1-R4_A1g00752	2	64	128	MvSl-1064-A2-R4_A2g00568	5	100.2	501	-3	-36.2	-373
MvSl-1064-A1-R4_A1g00751	10	72.7	727	MvSl-1064-A2-R4_A2g00569	10	72.7	727	0	0	0
MvSl-1064-A1-R4_A1g00750	4	79.5	318	MvSl-1064-A2-R4_A2g00570	4	79.5	318	0	0	0
MvSl-1064-A1-R4_A1g00594	3	102.333	307	MvSl-1064-A2-R4_A2g00575	4	73	292	-1	29.333	15
MvSl-1064-A1-R4_A1g00749	2	81.5	163	MvSl-1064-A2-R4_A2g00576	2	81.5	163	0	0	0
MvSl-1064-A1-R4_A1g00745	3	74.3333	223	MvSl-1064-A2-R4_A2g00577	4	72.5	290	-1	1.8333	-67
MvSl-1064-A1-R4_A1g01135	3	80.6667	242	MvSl-1064-A2-R4_A2g00602	1	87	87	2	-6.3333	155
MvSl-1064-A1-R4_A1g00245	1	72	72	MvSl-1064-A2-R4_A2g00611	1	72	72	0	0	0
MvSl-1064-A1-R4_A1g00635	10	66.5	665	MvSl-1064-A2-R4_A2g00615	8	87.5	700	2	-21	-35
MvSl-1064-A1-R4_A1g00241	1	0	0	MvSl-1064-A2-R4_A2g00643	1	0	0	0	0	0
MvSl-1064-A1-R4_A1g00242	4	84.25	337	MvSl-1064-A2-R4_A2g00644	4	84.5	338	0	-0.25	-1
MvSl-1064-A1-R4_A1g00243	1	85	85	MvSl-1064-A2-R4_A2g00645	2	57	114	-1	28	-29
MvSl-1064-A1-R4_A1g00270	3	208	624	MvSl-1064-A2-R4_A2g00647	3	209	627	0	-1	-3
MvSl-1064-A1-R4_A1g00269	5	116.6	583	MvSl-1064-A2-R4_A2g00651	4	106.25	425	1	10.35	158
MvSl-1064-A1-R4_A1g00098	1	0	0	MvSl-1064-A2-R4_A2g00655	1	0	0	0	0	0
MvSl-1064-A1-R4_A1g00763	5	67.4	337	MvSl-1064-A2-R4_A2g00660	6	69.8333	419	-1	-2.4333	-82
MvSl-1064-A1-R4_A1g01267	6	135.167	811	MvSl-1064-A2-R4_A2g00664	7	94.1429	659	-1	41.0241	152
MvSl-1064-A1-R4_A1g00211	8	76.5	612	MvSl-1064-A2-R4_A2g00698	8	76.5	612	0	0	0
MvSl-1064-A1-R4_A1g00210	4	105	420	MvSl-1064-A2-R4_A2g00699	4	105.25	421	0	-0.25	-1
MvSl-1064-A1-R4_A1g01418	9	84.5556	761	MvSl-1064-A2-R4_A2g00702	10	88	880	-1	-3.4444	-119
MvSl-1064-A1-R4_A1g00292	8	90.125	721	MvSl-1064-A2-R4_A2g00711	8	90	720	0	0.125	1
MvSl-1064-A1-R4_A1g00144	3	121.333	364	MvSl-1064-A2-R4_A2g00759	3	114.333	343	0	7	21
MvSl-1064-A1-R4_A1g01369	5	103	515	MvSl-1064-A2-R4_A2g00773	6	93.1667	559	-1	9.8333	-44
MvSl-1064-A1-R4_A1g01368	7	64	448	MvSl-1064-A2-R4_A2g00774	8	64.375	515	-1	-0.375	-67
MvSl-1064-A1-R4_A1g01367	3	65	195	MvSl-1064-A2-R4_A2g00775	1	70	70	2	-5	125
MvSl-1064-A1-R4_A1g01366	1	138	138	MvSl-1064-A2-R4_A2g00776	1	138	138	0	0	0
MvSl-1064-A1-R4_A1g00194	6	82.3333	494	MvSl-1064-A2-R4_A2g00791	8	143.5	1148	-2	-61.1667	-654
MvSl-1064-A1-R4_A1g01290	9	92.8889	836	MvSl-1064-A2-R4_A2g00797	9	80	720	0	12.8889	116
MvSl-1064-A1-R4_A1g01288	1	0	0	MvSl-1064-A2-R4_A2g00799	1	0	0	0	0	0
MvSl-1064-A1-R4_A1g00327	4	91.75	367	MvSl-1064-A2-R4_A2g00818	4	85.75	343	0	6	24
MvSl-1064-A1-R4_A1g00326	1	0	0	MvSl-1064-A2-R4_A2g00819	1	0	0	0	0	0
MvSl-1064-A1-R4_A1g01404	1	71	71	MvSl-1064-A2-R4_A2g00821	1	0	0	0	71	71
MvSl-1064-A1-R4_A1g01405	5	109	545	MvSl-1064-A2-R4_A2g00822	2	102	204	3	7	341
MvSl-1064-A1-R4_A1g01137	6	77.5	465	MvSl-1064-A2-R4_A2g00825	6	75.8333	455	0	1.6667	10
MvSl-1064-A1-R4_A1g01136	1	0	0	MvSl-1064-A2-R4_A2g00826	1	0	0	0	0	0
MvSl-1064-A1-R4_A1g00475	1	158	158	MvSl-1064-A2-R4_A2g00828	1	61	61	0	97	97
MvSl-1064-A1-R4_A1g01212	7	79.5714	557	MvSl-1064-A2-R4_A2g00841	6	76.1667	457	1	3.4047	100
MvSl-1064-A1-R4_A1g00533	4	107.25	429	MvSl-1064-A2-R4_A2g00864	6	160.667	964	-2	-53.417	-535
MvSl-1064-A1-R4_A1g00534	9	110	990	MvSl-1064-A2-R4_A2g00865	9	110	990	0	0	0
MvSl-1064-A1-R4_A1g00541	3	71.3333	214	MvSl-1064-A2-R4_A2g00866	3	72.6667	218	0	-1.3334	-4
MvSl-1064-A1-R4_A1g00542	4	79.5	318	MvSl-1064-A2-R4_A2g00867	4	79.5	318	0	0	0
MvSl-1064-A1-R4_A1g00543	9	97.2222	875	MvSl-1064-A2-R4_A2g00868	9	97.2222	875	0	0	0
MvSl-1064-A1-R4_A1g00544	2	153.5	307	MvSl-1064-A2-R4_A2g00869	3	181.667	545	-1	-28.167	-238
MvSl-1064-A1-R4_A1g00527	2	88.5	177	MvSl-1064-A2-R4_A2g00885	1	107	107	1	-18.5	70
MvSl-1064-A1-R4_A1g00525	3	105.333	316	MvSl-1064-A2-R4_A2g00886	3	105.333	316	0	0	0
MvSl-1064-A1-R4_A1g00524	1	40	40	MvSl-1064-A2-R4_A2g00887	1	40	40	0	0	0
MvSl-1064-A1-R4_A1g00523	1	0	0	MvSl-1064-A2-R4_A2g00888	1	0	0	0	0	0
MvSl-1064-A1-R4_A1g00522	6	84.6667	508	MvSl-1064-A2-R4_A2g00889	6	82.6667	496	0	2	12
MvSl-1064-A1-R4_A1g01007	4	118.25	473	MvSl-1064-A2-R4_A2g00894	4	218.75	875	0	-100.5	-402
MvSl-1064-A1-R4_A1g00312	1	118	118	MvSl-1064-A2-R4_A2g00914	1	120	120	0	-2	-2
MvSl-1064-A1-R4_A1g00311	9	86.1111	775	MvSl-1064-A2-R4_A2g00915	9	85.3333	768	0	0.7778	7
MvSl-1064-A1-R4_A1g00842	6	114.333	686	MvSl-1064-A2-R4_A2g00923	5	101	505	1	13.333	181
MvSl-1064-A1-R4_A1g00843	2	129.5	259	MvSl-1064-A2-R4_A2g00924	3	115.333	346	-1	14.167	-87
MvSl-1064-A1-R4_A1g00844	1	110	110	MvSl-1064-A2-R4_A2g00925	1	112	112	0	-2	-2
MvSl-1064-A1-R4_A1g01021	2	126.5	253	MvSl-1064-A2-R4_A2g00954	6	112	672	-4	14.5	-419
MvSl-1064-A1-R4_A1g01022	1	0	0	MvSl-1064-A2-R4_A2g00961	1	0	0	0	0	0
MvSl-1064-A1-R4_A1g00352	2	60	120	MvSl-1064-A2-R4_A2g00968	2	76	152	0	-16	-32
MvSl-1064-A1-R4_A1g00351	9	70.8889	638	MvSl-1064-A2-R4_A2g00969	9	75.1111	676	0	-4.2222	-38
MvSl-1064-A1-R4_A1g00350	2	155.5	311	MvSl-1064-A2-R4_A2g00970	1	71	71	1	84.5	240
MvSl-1064-A1-R4_A1g00694	4	76.5	306	MvSl-1064-A2-R4_A2g00975	4	76.75	307	0	-0.25	-1
MvSl-1064-A1-R4_A1g00693	5	98.6	493	MvSl-1064-A2-R4_A2g00976	5	98.6	493	0	0	0
MvSl-1064-A1-R4_A1g00642	1	0	0	MvSl-1064-A2-R4_A2g00977	1	0	0	0	0	0
MvSl-1064-A1-R4_A1g00193	8	105.75	846	MvSl-1064-A2-R4_A2g00991	7	114.429	801	1	-8.679	45
MvSl-1064-A1-R4_A1g00433	3	74.3333	223	MvSl-1064-A2-R4_A2g00993	3	74.3333	223	0	0	0
MvSl-1064-A1-R4_A1g00432	3	111.667	335	MvSl-1064-A2-R4_A2g00994	3	104.667	314	0	7	21
MvSl-1064-A1-R4_A1g00349	9	97.1111	874	MvSl-1064-A2-R4_A2g00995	9	108.667	978	0	-11.5559	-104
MvSl-1064-A1-R4_A1g00644	1	156	156	MvSl-1064-A2-R4_A2g01002	1	45	45	0	111	111
MvSl-1064-A1-R4_A1g01129	1	126	126	MvSl-1064-A2-R4_A2g01028	2	94	188	-1	32	-62
MvSl-1064-A1-R4_A1g00835	2	65.5	131	MvSl-1064-A2-R4_A2g01032	2	68.5	137	0	-3	-6
MvSl-1064-A1-R4_A1g00845	3	92.3333	277	MvSl-1064-A2-R4_A2g01038	4	91	364	-1	1.3333	-87
MvSl-1064-A1-R4_A1g00163	1	56	56	MvSl-1064-A2-R4_A2g01041	1	56	56	0	0	0
MvSl-1064-A1-R4_A1g00546	2	72.5	145	MvSl-1064-A2-R4_A2g01042	2	60.5	121	0	12	24
MvSl-1064-A1-R4_A1g01346	5	380.4	1902	MvSl-1064-A2-R4_A2g01083	5	202	1010	0	178.4	892
MvSl-1064-A1-R4_A1g01358	1	55	55	MvSl-1064-A2-R4_A2g01109	1	46	46	0	9	9
MvSl-1064-A1-R4_A1g01359	5	78.2	391	MvSl-1064-A2-R4_A2g01110	5	66.2	331	0	12	60
MvSl-1064-A1-R4_A1g01385	2	72	144	MvSl-1064-A2-R4_A2g01134	2	70.5	141	0	1.5	3
MvSl-1064-A1-R4_A1g01384	1	77	77	MvSl-1064-A2-R4_A2g01135	1	129	129	0	-52	-52
MvSl-1064-A1-R4_A1g00956	1	83	83	MvSl-1064-A2-R4_A2g01182	1	92	92	0	-9	-9
MvSl-1064-A1-R4_A1g00957	2	105.5	211	MvSl-1064-A2-R4_A2g01186	2	105	210	0	0.5	1
MvSl-1064-A1-R4_A1g00958	4	73.25	293	MvSl-1064-A2-R4_A2g01187	4	73	292	0	0.25	1
MvSl-1064-A1-R4_A1g00959	1	79	79	MvSl-1064-A2-R4_A2g01188	1	150	150	0	-71	-71
MvSl-1064-A1-R4_A1g00960	4	67.5	270	MvSl-1064-A2-R4_A2g01189	4	75.75	303	0	-8.25	-33
MvSl-1064-A1-R4_A1g00968	4	89.5	358	MvSl-1064-A2-R4_A2g01198	4	65.5	262	0	24	96
MvSl-1064-A1-R4_A1g00316	2	77.5	155	MvSl-1064-A2-R4_A2g01247	8	136.375	1091	-6	-58.875	-936
MvSl-1064-A1-R4_A1g00515	3	69.6667	209	MvSl-1064-A2-R4_A2g01249	3	69.6667	209	0	0	0
MvSl-1064-A1-R4_A1g00514	2	82	164	MvSl-1064-A2-R4_A2g01252	2	82	164	0	0	0
MvSl-1064-A1-R4_A1g00307	1	80	80	MvSl-1064-A2-R4_A2g01256	1	54	54	0	26	26
MvSl-1064-A1-R4_A1g00503	8	78.625	629	MvSl-1064-A2-R4_A2g01265	8	78.625	629	0	0	0
MvSl-1064-A1-R4_A1g00504	4	76.5	306	MvSl-1064-A2-R4_A2g01266	4	76.5	306	0	0	0
MvSl-1064-A1-R4_A1g00505	8	114.625	917	MvSl-1064-A2-R4_A2g01267	10	105.6	1056	-2	9.025	-139
MvSl-1064-A1-R4_A1g00506	8	80	640	MvSl-1064-A2-R4_A2g01268	8	80	640	0	0	0
MvSl-1064-A1-R4_A1g00507	13	96.3846	1253	MvSl-1064-A2-R4_A2g01269	13	96.6154	1256	0	-0.2308	-3
MvSl-1064-A1-R4_A1g00508	6	112	672	MvSl-1064-A2-R4_A2g01271	8	85.75	686	-2	26.25	-14
MvSl-1064-A1-R4_A1g00510	1	0	0	MvSl-1064-A2-R4_A2g01274	1	0	0	0	0	0
MvSl-1064-A1-R4_A1g00511	7	75.8571	531	MvSl-1064-A2-R4_A2g01275	7	75.8571	531	0	0	0
MvSl-1064-A1-R4_A1g00512	7	105.429	738	MvSl-1064-A2-R4_A2g01276	7	105	735	0	0.429	3
MvSl-1064-A1-R4_A1g00513	9	71.3333	642	MvSl-1064-A2-R4_A2g01277	9	71.3333	642	0	0	0
MvSl-1064-A1-R4_A1g00969	1	0	0	MvSl-1064-A2-R4_A2g01286	1	0	0	0	0	0
MvSl-1064-A1-R4_A1g00970	3	71.3333	214	MvSl-1064-A2-R4_A2g01287	3	71.3333	214	0	0	0
MvSl-1064-A1-R4_A1g00971	1	118	118	MvSl-1064-A2-R4_A2g01288	1	118	118	0	0	0
MvSl-1064-A1-R4_A1g00972	3	81.3333	244	MvSl-1064-A2-R4_A2g01289	3	81.3333	244	0	0	0
MvSl-1064-A1-R4_A1g01184	1	97	97	MvSl-1064-A2-R4_A2g01305	2	153.5	307	-1	-56.5	-210
MvSl-1064-A1-R4_A1g00804	1	0	0	MvSl-1064-A2-R4_A2g01310	1	0	0	0	0	0
MvSl-1064-A1-R4_A1g00252	2	64.5	129	MvSl-1064-A2-R4_A2g01311	5	73	365	-3	-8.5	-236
MvSl-1064-A1-R4_A1g00253	8	70.125	561	MvSl-1064-A2-R4_A2g01312	7	80.2857	562	1	-10.1607	-1
MvSl-1064-A1-R4_A1g00732	1	60	60	MvSl-1064-A2-R4_A2g01321	1	60	60	0	0	0
MvSl-1064-A1-R4_A1g01407	5	98	490	MvSl-1064-A2-R4_A2g01322	4	123	492	1	-25	-2
MvSl-1064-A1-R4_A1g01406	8	162.375	1299	MvSl-1064-A2-R4_A2g01323	8	164.875	1319	0	-2.5	-20
MvSl-1064-A1-R4_A1g01219	4	152	608	MvSl-1064-A2-R4_A2g01387	4	151.5	606	0	0.5	2
MvSl-1064-A1-R4_A1g01220	8	86.125	689	MvSl-1064-A2-R4_A2g01388	7	101.286	709	1	-15.161	-20
MvSl-1064-A1-R4_A1g01174	5	91	455	MvSl-1064-A2-R4_A2g01392	5	95.8	479	0	-4.8	-24
MvSl-1064-A1-R4_A1g01173	5	155.2	776	MvSl-1064-A2-R4_A2g01393	5	157	785	0	-1.8	-9
MvSl-1064-A1-R4_A1g01271	5	101.6	508	MvSl-1064-A2-R4_A2g01394	5	92.4	462	0	9.2	46
MvSl-1064-A1-R4_A1g01272	3	100.333	301	MvSl-1064-A2-R4_A2g01395	3	100.333	301	0	0	0
MvSl-1064-A1-R4_A1g00130	1	143	143	MvSl-1064-A2-R4_A2g01411	1	143	143	0	0	0
MvSl-1064-A1-R4_A1g00153	9	72.3333	651	MvSl-1064-A2-R4_A2g01431	10	73.3	733	-1	-0.9667	-82
MvSl-1064-A1-R4_A1g00154	1	127	127	MvSl-1064-A2-R4_A2g01432	1	124	124	0	3	3
MvSl-1064-A1-R4_A1g00155	1	0	0	MvSl-1064-A2-R4_A2g01433	1	0	0	0	0	0
MvSl-1064-A1-R4_A1g00283	5	102.4	512	MvSl-1064-A2-R4_A2g01455	3	113	339	2	-10.6	173
MvSl-1064-A1-R4_A1g00886	1	94	94	MvSl-1064-A2-R4_A2g01477	2	98	196	-1	-4	-102
MvSl-1064-A1-R4_A1g01302	5	83.6	418	MvSl-1064-A2-R4_A2g01497	2	53	106	3	30.6	312
MvSl-1064-A1-R4_A1g00516	6	131.5	789	MvSl-1064-A2-R4_A2g01504	5	136	680	1	-4.5	109
MvSl-1064-A1-R4_A1g00517	2	216	432	MvSl-1064-A2-R4_A2g01505	2	221	442	0	-5	-10
MvSl-1064-A1-R4_A1g00518	6	94.1667	565	MvSl-1064-A2-R4_A2g01506	6	94.1667	565	0	0	0
MvSl-1064-A1-R4_A1g00519	1	71	71	MvSl-1064-A2-R4_A2g01511	1	71	71	0	0	0
MvSl-1064-A1-R4_A1g00520	2	72	144	MvSl-1064-A2-R4_A2g01512	2	72	144	0	0	0
MvSl-1064-A1-R4_A1g00521	3	106.667	320	MvSl-1064-A2-R4_A2g01513	3	107	321	0	-0.333	-1
MvSl-1064-A1-R4_A1g01228	1	126	126	MvSl-1064-A2-R4_A2g01520	1	126	126	0	0	0
MvSl-1064-A1-R4_A1g00646	2	86	172	MvSl-1064-A2-R4_A2g01534	2	86	172	0	0	0
MvSl-1064-A1-R4_A1g00645	5	89.4	447	MvSl-1064-A2-R4_A2g01535	5	89.4	447	0	0	0
MvSl-1064-A1-R4_A1g00653	1	112	112	MvSl-1064-A2-R4_A2g01543	3	72	216	-2	40	-104
MvSl-1064-A1-R4_A1g01331	6	86.8333	521	MvSl-1064-A2-R4_A2g01544	7	83.8571	587	-1	2.9762	-66
MvSl-1064-A1-R4_A1g01175	1	56	56	MvSl-1064-A2-R4_A2g01554	1	60	60	0	-4	-4
MvSl-1064-A1-R4_A1g01347	5	89.4	447	MvSl-1064-A2-R4_A2g01555	5	89.4	447	0	0	0
MvSl-1064-A1-R4_A1g01348	1	91	91	MvSl-1064-A2-R4_A2g01556	1	91	91	0	0	0
MvSl-1064-A1-R4_A1g01350	2	77.5	155	MvSl-1064-A2-R4_A2g01557	2	77	154	0	0.5	1
MvSl-1064-A1-R4_A1g01351	5	120.4	602	MvSl-1064-A2-R4_A2g01558	5	120.4	602	0	0	0
MvSl-1064-A1-R4_A1g01127	2	106.5	213	MvSl-1064-A2-R4_A2g01563	1	0	0	1	106.5	213
MvSl-1064-A1-R4_A1g01164	10	83.2	832	MvSl-1064-A2-R4_A2g01564	9	83.2222	749	1	-0.0222	83
MvSl-1064-A1-R4_A1g00150	1	117	117	MvSl-1064-A2-R4_A2g01565	1	117	117	0	0	0
MvSl-1064-A1-R4_A1g00977	4	79	316	MvSl-1064-A2-R4_A2g01566	4	143.25	573	0	-64.25	-257
MvSl-1064-A1-R4_A1g00913	7	62.1429	435	MvSl-1064-A2-R4_A2g01572	8	55.625	445	-1	6.5179	-10
MvSl-1064-A1-R4_A1g00920	4	115.5	462	MvSl-1064-A2-R4_A2g01577	3	95.3333	286	1	20.1667	176
MvSl-1064-A1-R4_A1g00921	7	96.5714	676	MvSl-1064-A2-R4_A2g01578	7	92.8571	650	0	3.7143	26
MvSl-1064-A1-R4_A1g00923	1	0	0	MvSl-1064-A2-R4_A2g01579	1	0	0	0	0	0
MvSl-1064-A1-R4_A1g00922	1	107	107	MvSl-1064-A2-R4_A2g01580	1	107	107	0	0	0
MvSl-1064-A1-R4_A1g00912	4	90.25	361	MvSl-1064-A2-R4_A2g01608	4	90.25	361	0	0	0
MvSl-1064-A1-R4_A1g00911	6	87.8333	527	MvSl-1064-A2-R4_A2g01609	6	89	534	0	-1.1667	-7
MvSl-1064-A1-R4_A1g00794	4	87.25	349	MvSl-1064-A2-R4_A2g01610	4	88.75	355	0	-1.5	-6
MvSl-1064-A1-R4_A1g00328	1	82	82	MvSl-1064-A2-R4_A2g01638	4	131.25	525	-3	-49.25	-443
MvSl-1064-A1-R4_A1g01413	1	0	0	MvSl-1064-A2-R4_A2g01640	1	0	0	0	0	0
MvSl-1064-A1-R4_A1g00448	8	75	600	MvSl-1064-A2-R4_A2g01642	7	80	560	1	-5	40
MvSl-1064-A1-R4_A1g01151	1	0	0	MvSl-1064-A2-R4_A2g01656	1	0	0	0	0	0
MvSl-1064-A1-R4_A1g00532	1	74	74	MvSl-1064-A2-R4_A2g01664	1	74	74	0	0	0
MvSl-1064-A1-R4_A1g00929	2	69	138	MvSl-1064-A2-R4_A2g01687	2	69	138	0	0	0
MvSl-1064-A1-R4_A1g00118	2	66.5	133	MvSl-1064-A2-R4_A2g01692	2	56	112	0	10.5	21
MvSl-1064-A1-R4_A1g00530	7	81.7143	572	MvSl-1064-A2-R4_A2g01693	7	81.7143	572	0	0	0
MvSl-1064-A1-R4_A1g00529	1	0	0	MvSl-1064-A2-R4_A2g01694	1	0	0	0	0	0
MvSl-1064-A1-R4_A1g00528	2	85	170	MvSl-1064-A2-R4_A2g01700	2	85	170	0	0	0
MvSl-1064-A1-R4_A1g00820	1	0	0	MvSl-1064-A2-R4_A2g01706	1	0	0	0	0	0
MvSl-1064-A1-R4_A1g00840	2	75.5	151	MvSl-1064-A2-R4_A2g01736	1	119	119	1	-43.5	32
MvSl-1064-A1-R4_A1g00832	5	112.8	564	MvSl-1064-A2-R4_A2g01747	6	92	552	-1	20.8	12
