MvSl-1064-A1-R4_A1g00021	PAR	1	142	142	MvSl-1064-A2-R4_A2g00021	1	142	142	0	0	0
MvSl-1064-A1-R4_A1g00079	PAR	10	83.6	836	MvSl-1064-A2-R4_A2g00079	10	83.5	835	0	0.1	1
MvSl-1064-A1-R4_A1g00080	PAR	3	92	276	MvSl-1064-A2-R4_A2g00080	3	92	276	0	0	0
MvSl-1064-A1-R4_MC06g07033	Autosome	16	79.75	1276	MvSl-1064-A2-R4_C25g01886	16	79.75	1276	0	0	0
MvSl-1064-A1-R4_MC12g11286	Autosome	8	268.875	2151	MvSl-1064-A2-R4_C30g01930	8	268.875	2151	0	0	0
MvSl-1064-A1-R4_MC01-1g01952	Autosome	2	185	370	MvSl-1064-A2-R4_MC01g02233	2	185	370	0	0	0
MvSl-1064-A1-R4_MC01-1g02022	Autosome	2	93.5	187	MvSl-1064-A2-R4_MC01g02303	2	93.5	187	0	0	0
MvSl-1064-A1-R4_MC01-1g02161	Autosome	2	75.5	151	MvSl-1064-A2-R4_MC01g02442	2	75.5	151	0	0	0
MvSl-1064-A1-R4_MC01-1g02176	Autosome	4	176.25	705	MvSl-1064-A2-R4_MC01g02458	4	176.25	705	0	0	0
MvSl-1064-A1-R4_MC01-1g02598	Autosome	1	53	53	MvSl-1064-A2-R4_MC01g02880	1	53	53	0	0	0
MvSl-1064-A1-R4_MC01-1g02603	Autosome	3	105.333	316	MvSl-1064-A2-R4_MC01g02885	3	105.333	316	0	0	0
MvSl-1064-A1-R4_MC01-1g02785	Autosome	3	79	237	MvSl-1064-A2-R4_MC01g03067	3	79	237	0	0	0
MvSl-1064-A1-R4_MC01-1g02837	Autosome	1	90	90	MvSl-1064-A2-R4_MC01g03119	1	90	90	0	0	0
MvSl-1064-A1-R4_MC01-1g02869	Autosome	1	117	117	MvSl-1064-A2-R4_MC01g03151	1	117	117	0	0	0
MvSl-1064-A1-R4_MC01-1g02870	Autosome	7	109.143	764	MvSl-1064-A2-R4_MC01g03152	7	109.143	764	0	0	0
MvSl-1064-A1-R4_MC01-2g03113	Autosome	4	78.75	315	MvSl-1064-A2-R4_MC01g03393	4	78.75	315	0	0	0
MvSl-1064-A1-R4_MC01-2g03166	Autosome	1	83	83	MvSl-1064-A2-R4_MC01g03446	1	83	83	0	0	0
MvSl-1064-A1-R4_MC02g03224	Autosome	2	99.5	199	MvSl-1064-A2-R4_MC02g03504	2	99.5	199	0	0	0
MvSl-1064-A1-R4_MC02g03484	Autosome	1	94	94	MvSl-1064-A2-R4_MC02g03762	1	94	94	0	0	0
MvSl-1064-A1-R4_MC02g03498	Autosome	1	157	157	MvSl-1064-A2-R4_MC02g03776	1	157	157	0	0	0
MvSl-1064-A1-R4_MC03g04642	Autosome	4	148.75	595	MvSl-1064-A2-R4_MC03g04920	4	148.75	595	0	0	0
MvSl-1064-A1-R4_MC03g04747	Autosome	12	93.1667	1118	MvSl-1064-A2-R4_MC03g05025	12	93.1667	1118	0	0	0
MvSl-1064-A1-R4_MC03g04807	Autosome	1	73	73	MvSl-1064-A2-R4_MC03g05085	1	73	73	0	0	0
MvSl-1064-A1-R4_MC03g04844	Autosome	1	41	41	MvSl-1064-A2-R4_MC03g05122	1	41	41	0	0	0
MvSl-1064-A1-R4_MC03g04845	Autosome	2	161	322	MvSl-1064-A2-R4_MC03g05123	2	161	322	0	0	0
MvSl-1064-A1-R4_MC03g04929	Autosome	3	90.6667	272	MvSl-1064-A2-R4_MC03g05207	3	90.6667	272	0	0	0
MvSl-1064-A1-R4_MC03g05082	Autosome	1	80	80	MvSl-1064-A2-R4_MC03g05359	1	80	80	0	0	0
MvSl-1064-A1-R4_MC03g05154	Autosome	9	162.333	1461	MvSl-1064-A2-R4_MC03g05431	9	162.333	1461	0	0	0
MvSl-1064-A1-R4_MC03g05233	Autosome	11	112.636	1239	MvSl-1064-A2-R4_MC03g05510	11	112.636	1239	0	0	0
MvSl-1064-A1-R4_MC03g05235	Autosome	7	99.2857	695	MvSl-1064-A2-R4_MC03g05512	7	99.2857	695	0	0	0
MvSl-1064-A1-R4_MC04-1g05373	Autosome	9	110.444	994	MvSl-1064-A2-R4_MC04-1g05650	9	110.444	994	0	0	0
MvSl-1064-A1-R4_MC04-1g05411	Autosome	2	57	114	MvSl-1064-A2-R4_MC04-1g05688	4	57.5	230	-2	-0.5	-116
MvSl-1064-A1-R4_MC04-1g05441	Autosome	8	70.75	566	MvSl-1064-A2-R4_MC04-1g05718	8	70.75	566	0	0	0
MvSl-1064-A1-R4_MC04-1g05502	Autosome	3	78	234	MvSl-1064-A2-R4_MC04-1g05779	3	78	234	0	0	0
MvSl-1064-A1-R4_MC04-1g05729	Autosome	3	168	504	MvSl-1064-A2-R4_MC04-1g06005	3	168	504	0	0	0
MvSl-1064-A1-R4_MC04-1g05865	Autosome	8	88.625	709	MvSl-1064-A2-R4_MC04-1g06141	8	88.625	709	0	0	0
MvSl-1064-A1-R4_MC04-1g05911	Autosome	1	208	208	MvSl-1064-A2-R4_MC04-1g06187	1	208	208	0	0	0
MvSl-1064-A1-R4_MC04-1g05945	Autosome	4	86	344	MvSl-1064-A2-R4_MC04-1g06221	4	86	344	0	0	0
MvSl-1064-A1-R4_MC04-1g05987	Autosome	1	40	40	MvSl-1064-A2-R4_MC04-2g06269	1	40	40	0	0	0
MvSl-1064-A1-R4_MC05-1g06149	Autosome	6	79.8333	479	MvSl-1064-A2-R4_MC05g06421	6	79.8333	479	0	0	0
MvSl-1064-A1-R4_MC05-2g06430	Autosome	8	80	640	MvSl-1064-A2-R4_MC05g06704	8	80	640	0	0	0
MvSl-1064-A1-R4_MC05-2g06432	Autosome	5	73.8	369	MvSl-1064-A2-R4_MC05g06706	5	73.8	369	0	0	0
MvSl-1064-A1-R4_MC05-3g06511	Autosome	4	84.5	338	MvSl-1064-A2-R4_MC05g06774	4	84.5	338	0	0	0
MvSl-1064-A1-R4_MC05-3g06514	Autosome	5	72	360	MvSl-1064-A2-R4_MC05g06777	5	72	360	0	0	0
MvSl-1064-A1-R4_MC05-3g06515	Autosome	5	259.6	1298	MvSl-1064-A2-R4_MC05g06778	5	259.6	1298	0	0	0
MvSl-1064-A1-R4_MC05-3g06516	Autosome	2	88.5	177	MvSl-1064-A2-R4_MC05g06779	2	88.5	177	0	0	0
MvSl-1064-A1-R4_MC05-3g06517	Autosome	4	90.25	361	MvSl-1064-A2-R4_MC05g06780	4	90.25	361	0	0	0
MvSl-1064-A1-R4_MC05-3g06518	Autosome	8	88	704	MvSl-1064-A2-R4_MC05g06781	8	88	704	0	0	0
MvSl-1064-A1-R4_MC05-3g06519	Autosome	5	171.2	856	MvSl-1064-A2-R4_MC05g06782	5	171.2	856	0	0	0
MvSl-1064-A1-R4_MC05-3g06707	Autosome	11	89.5455	985	MvSl-1064-A2-R4_MC05g06971	11	89.5455	985	0	0	0
MvSl-1064-A1-R4_MC06g06896	Autosome	5	104.2	521	MvSl-1064-A2-R4_MC06-1g07159	5	104.2	521	0	0	0
MvSl-1064-A1-R4_MC06g06944	Autosome	3	74	222	MvSl-1064-A2-R4_MC06-1g07207	3	74	222	0	0	0
MvSl-1064-A1-R4_MC06g06945	Autosome	6	69.8333	419	MvSl-1064-A2-R4_MC06-1g07208	6	69.8333	419	0	0	0
MvSl-1064-A1-R4_MC06g07136	Autosome	1	95	95	MvSl-1064-A2-R4_MC06-2g07401	1	95	95	0	0	0
MvSl-1064-A1-R4_MC06g07137	Autosome	7	78.8571	552	MvSl-1064-A2-R4_MC06-2g07402	7	78.8571	552	0	0	0
MvSl-1064-A1-R4_MC06g07298	Autosome	4	94	376	MvSl-1064-A2-R4_MC06-2g07563	4	94	376	0	0	0
MvSl-1064-A1-R4_MC06g07419	Autosome	5	80	400	MvSl-1064-A2-R4_MC06-2g07684	5	80	400	0	0	0
MvSl-1064-A1-R4_MC07g07855	Autosome	9	110.778	997	MvSl-1064-A2-R4_MC07g08120	9	110.778	997	0	0	0
MvSl-1064-A1-R4_MC07g07981	Autosome	3	51.6667	155	MvSl-1064-A2-R4_MC07g08246	3	51.6667	155	0	0	0
MvSl-1064-A1-R4_MC07g08057	Autosome	3	83.3333	250	MvSl-1064-A2-R4_MC07g08322	3	83.3333	250	0	0	0
MvSl-1064-A1-R4_MC07g08097	Autosome	2	123.5	247	MvSl-1064-A2-R4_MC07g08362	2	123.5	247	0	0	0
MvSl-1064-A1-R4_MC07g08104	Autosome	5	132.8	664	MvSl-1064-A2-R4_MC07g08369	5	132.8	664	0	0	0
MvSl-1064-A1-R4_MC07g08138	Autosome	8	84.5	676	MvSl-1064-A2-R4_MC07g08403	8	84.5	676	0	0	0
MvSl-1064-A1-R4_MC07g08235	Autosome	4	96.75	387	MvSl-1064-A2-R4_MC07g08500	4	96.75	387	0	0	0
MvSl-1064-A1-R4_MC08g08318	Autosome	6	87.5	525	MvSl-1064-A2-R4_MC08-1g08583	6	87.5	525	0	0	0
MvSl-1064-A1-R4_MC08g08647	Autosome	8	94.25	754	MvSl-1064-A2-R4_MC08-1g08912	8	94.25	754	0	0	0
MvSl-1064-A1-R4_MC08g08665	Autosome	2	178	356	MvSl-1064-A2-R4_MC08-1g08930	2	178	356	0	0	0
MvSl-1064-A1-R4_MC09-2g08945	Autosome	1	141	141	MvSl-1064-A2-R4_MC09g09220	1	141	141	0	0	0
MvSl-1064-A1-R4_MC09-2g09215	Autosome	6	165	990	MvSl-1064-A2-R4_MC09g09490	6	165	990	0	0	0
MvSl-1064-A1-R4_MC09-2g09232	Autosome	2	135.5	271	MvSl-1064-A2-R4_MC09g09507	2	135.5	271	0	0	0
MvSl-1064-A1-R4_MC09-2g09340	Autosome	5	80.8	404	MvSl-1064-A2-R4_MC09g09614	5	80.8	404	0	0	0
MvSl-1064-A1-R4_MC10-1g09620	Autosome	2	139.5	279	MvSl-1064-A2-R4_MC10g09887	2	139.5	279	0	0	0
MvSl-1064-A1-R4_MC10-1g09718	Autosome	7	77.1429	540	MvSl-1064-A2-R4_MC10g09985	7	77.1429	540	0	0	0
MvSl-1064-A1-R4_MC10-1g09733	Autosome	1	239	239	MvSl-1064-A2-R4_MC10g10000	1	239	239	0	0	0
MvSl-1064-A1-R4_MC10-1g09734	Autosome	6	109.833	659	MvSl-1064-A2-R4_MC10g10001	6	109.833	659	0	0	0
MvSl-1064-A1-R4_MC10-1g09785	Autosome	5	155.8	779	MvSl-1064-A2-R4_MC10g10052	5	155.8	779	0	0	0
MvSl-1064-A1-R4_MC10-1g09814	Autosome	6	93.3333	560	MvSl-1064-A2-R4_MC10g10081	6	93.3333	560	0	0	0
MvSl-1064-A1-R4_MC10-2g09885	Autosome	1	372	372	MvSl-1064-A2-R4_MC10g10149	1	372	372	0	0	0
MvSl-1064-A1-R4_MC10-2g09933	Autosome	1	271	271	MvSl-1064-A2-R4_MC10g10197	1	271	271	0	0	0
MvSl-1064-A1-R4_MC10-2g10026	Autosome	5	185.6	928	MvSl-1064-A2-R4_MC10g10290	5	185.6	928	0	0	0
MvSl-1064-A1-R4_MC10-2g10098	Autosome	3	126.667	380	MvSl-1064-A2-R4_MC10g10362	3	126.667	380	0	0	0
MvSl-1064-A1-R4_MC11g10594	Autosome	7	84.7143	593	MvSl-1064-A2-R4_MC11g10858	7	84.7143	593	0	0	0
MvSl-1064-A1-R4_MC11g10618	Autosome	8	138.375	1107	MvSl-1064-A2-R4_MC11g10882	8	138.375	1107	0	0	0
MvSl-1064-A1-R4_MC11g10688	Autosome	1	140	140	MvSl-1064-A2-R4_MC11g10952	1	140	140	0	0	0
MvSl-1064-A1-R4_MC12g10761	Autosome	4	82.75	331	MvSl-1064-A2-R4_MC12g11024	4	82.75	331	0	0	0
MvSl-1064-A1-R4_MC12g10810	Autosome	1	55	55	MvSl-1064-A2-R4_MC12g11073	1	55	55	0	0	0
MvSl-1064-A1-R4_MC12g10849	Autosome	2	98	196	MvSl-1064-A2-R4_MC12g11112	2	98	196	0	0	0
MvSl-1064-A1-R4_MC13g11330	Autosome	5	80.6	403	MvSl-1064-A2-R4_MC13g11591	5	80.6	403	0	0	0
MvSl-1064-A1-R4_MC13g11331	Autosome	11	69.7273	767	MvSl-1064-A2-R4_MC13g11592	11	69.7273	767	0	0	0
MvSl-1064-A1-R4_MC13g11429	Autosome	2	76	152	MvSl-1064-A2-R4_MC13g11690	2	76	152	0	0	0
MvSl-1064-A1-R4_MC13g11645	Autosome	8	94	752	MvSl-1064-A2-R4_MC13g11906	8	94	752	0	0	0
MvSl-1064-A1-R4_MC14g11845	Autosome	7	128.143	897	MvSl-1064-A2-R4_MC14g12106	7	128.143	897	0	0	0
MvSl-1064-A1-R4_MC14g11898	Autosome	2	154.5	309	MvSl-1064-A2-R4_MC14g12159	2	154.5	309	0	0	0
MvSl-1064-A1-R4_MC15g12029	Autosome	5	163.8	819	MvSl-1064-A2-R4_MC15g12278	5	163.8	819	0	0	0
MvSl-1064-A1-R4_MC15g12082	Autosome	4	101.75	407	MvSl-1064-A2-R4_MC15g12331	4	101.75	407	0	0	0
MvSl-1064-A1-R4_A1g00624	Purple	7	107.286	751	MvSl-1064-A2-R4_A2g00431	7	99	693	0	8.286	58
MvSl-1064-A1-R4_A1g00853	Purple	6	114.833	689	MvSl-1064-A2-R4_A2g01112	5	159.6	798	1	-44.767	-109
MvSl-1064-A1-R4_A1g00668	Orange	7	131	917	MvSl-1064-A2-R4_A2g00904	6	126.167	757	1	4.833	160
MvSl-1064-A1-R4_A1g01261	Orange	7	146	1022	MvSl-1064-A2-R4_A2g01419	7	137	959	0	9	63
MvSl-1064-A1-R4_A1g00400	Red	7	91.2857	639	MvSl-1064-A2-R4_A2g00370	7	90.8571	636	0	0.4286	3
MvSl-1064-A1-R4_A1g00997	Blue	4	92.25	369	MvSl-1064-A2-R4_A2g01153	4	89.25	357	0	3	12
MvSl-1064-A1-R4_A1g00495	Blue	2	144.5	289	MvSl-1064-A2-R4_A2g01715	2	78.5	157	0	66	132
MvSl-1064-A1-R4_A1g00081	Black	8	84	672	MvSl-1064-A2-R4_A2g00081	8	83.75	670	0	0.25	2
MvSl-1064-A1-R4_A1g00107	Black	11	89	979	MvSl-1064-A2-R4_A2g00117	11	89	979	0	0	0
MvSl-1064-A1-R4_A1g00209	Black	3	204.667	614	MvSl-1064-A2-R4_A2g00160	1	61	61	2	143.667	553
MvSl-1064-A1-R4_A1g01253	Black	4	105	420	MvSl-1064-A2-R4_A2g00196	4	95	380	0	10	40
MvSl-1064-A1-R4_A1g00800	Black	8	102.375	819	MvSl-1064-A2-R4_A2g00203	9	96.1111	865	-1	6.2639	-46
MvSl-1064-A1-R4_A1g00641	Black	1	128	128	MvSl-1064-A2-R4_A2g00231	1	129	129	0	-1	-1
MvSl-1064-A1-R4_A1g00165	Black	6	82.8333	497	MvSl-1064-A2-R4_A2g00290	6	85.3333	512	0	-2.5	-15
MvSl-1064-A1-R4_A1g00254	Black	3	73	219	MvSl-1064-A2-R4_A2g00300	3	72.6667	218	0	0.3333	1
MvSl-1064-A1-R4_A1g00594	Black	3	102.333	307	MvSl-1064-A2-R4_A2g00575	4	73	292	-1	29.333	15
MvSl-1064-A1-R4_A1g00635	Black	10	66.5	665	MvSl-1064-A2-R4_A2g00615	8	87.5	700	2	-21	-35
MvSl-1064-A1-R4_A1g00270	Black	3	208	624	MvSl-1064-A2-R4_A2g00647	3	209	627	0	-1	-3
MvSl-1064-A1-R4_A1g00292	Black	8	90.125	721	MvSl-1064-A2-R4_A2g00711	8	90	720	0	0.125	1
MvSl-1064-A1-R4_A1g01137	Black	6	77.5	465	MvSl-1064-A2-R4_A2g00825	6	75.8333	455	0	1.6667	10
MvSl-1064-A1-R4_A1g01212	Black	7	79.5714	557	MvSl-1064-A2-R4_A2g00841	6	76.1667	457	1	3.4047	100
MvSl-1064-A1-R4_A1g00522	Black	6	84.6667	508	MvSl-1064-A2-R4_A2g00889	6	82.6667	496	0	2	12
MvSl-1064-A1-R4_A1g00312	Black	1	118	118	MvSl-1064-A2-R4_A2g00914	1	120	120	0	-2	-2
MvSl-1064-A1-R4_A1g00644	Black	1	156	156	MvSl-1064-A2-R4_A2g01002	1	45	45	0	111	111
MvSl-1064-A1-R4_A1g00163	Black	1	56	56	MvSl-1064-A2-R4_A2g01041	1	56	56	0	0	0
MvSl-1064-A1-R4_A1g01359	Black	5	78.2	391	MvSl-1064-A2-R4_A2g01110	5	66.2	331	0	12	60
MvSl-1064-A1-R4_A1g01384	Black	1	77	77	MvSl-1064-A2-R4_A2g01135	1	129	129	0	-52	-52
MvSl-1064-A1-R4_A1g00972	Black	3	81.3333	244	MvSl-1064-A2-R4_A2g01289	3	81.3333	244	0	0	0
MvSl-1064-A1-R4_A1g00154	Black	1	127	127	MvSl-1064-A2-R4_A2g01432	1	124	124	0	3	3
MvSl-1064-A1-R4_A1g00516	Black	6	131.5	789	MvSl-1064-A2-R4_A2g01504	5	136	680	1	-4.5	109
MvSl-1064-A1-R4_A1g00646	Black	2	86	172	MvSl-1064-A2-R4_A2g01534	2	86	172	0	0	0
MvSl-1064-A1-R4_A1g01164	Black	10	83.2	832	MvSl-1064-A2-R4_A2g01564	9	83.2222	749	1	-0.0222	83
MvSl-1064-A1-R4_A1g00920	Black	4	115.5	462	MvSl-1064-A2-R4_A2g01577	3	95.3333	286	1	20.1667	176
