MvSl-1064-A1-R4_A1g00073	PAR	3	107.667	323	MvSl-1064-A2-R4_A2g00073	3	107.667	323	0	0	0
MvSl-1064-A1-R4_MC01-1g01829	Autosome	2	49.5	99	MvSl-1064-A2-R4_MC01g02110	2	49.5	99	0	0	0
MvSl-1064-A1-R4_MC01-1g01957	Autosome	3	178	534	MvSl-1064-A2-R4_MC01g02238	3	178	534	0	0	0
MvSl-1064-A1-R4_MC01-1g02422	Autosome	1	43	43	MvSl-1064-A2-R4_MC01g02704	1	43	43	0	0	0
MvSl-1064-A1-R4_MC01-1g02545	Autosome	10	83	830	MvSl-1064-A2-R4_MC01g02827	10	83	830	0	0	0
MvSl-1064-A1-R4_MC01-1g02725	Autosome	1	64	64	MvSl-1064-A2-R4_MC01g03007	1	64	64	0	0	0
MvSl-1064-A1-R4_MC01-1g02734	Autosome	2	117	234	MvSl-1064-A2-R4_MC01g03016	2	117	234	0	0	0
MvSl-1064-A1-R4_MC01-1g02763	Autosome	6	114.833	689	MvSl-1064-A2-R4_MC01g03045	6	114.833	689	0	0	0
MvSl-1064-A1-R4_MC01-1g02764	Autosome	12	124.333	1492	MvSl-1064-A2-R4_MC01g03046	12	124.333	1492	0	0	0
MvSl-1064-A1-R4_MC01-1g02769	Autosome	1	88	88	MvSl-1064-A2-R4_MC01g03051	1	88	88	0	0	0
MvSl-1064-A1-R4_MC01-1g02779	Autosome	3	105	315	MvSl-1064-A2-R4_MC01g03061	3	105	315	0	0	0
MvSl-1064-A1-R4_MC01-1g02787	Autosome	3	95.6667	287	MvSl-1064-A2-R4_MC01g03069	3	95.6667	287	0	0	0
MvSl-1064-A1-R4_MC01-1g02805	Autosome	1	42	42	MvSl-1064-A2-R4_MC01g03087	1	42	42	0	0	0
MvSl-1064-A1-R4_MC01-1g02827	Autosome	2	70.5	141	MvSl-1064-A2-R4_MC01g03109	2	70.5	141	0	0	0
MvSl-1064-A1-R4_MC01-1g02885	Autosome	5	142.6	713	MvSl-1064-A2-R4_MC01g03167	5	142.6	713	0	0	0
MvSl-1064-A1-R4_MC01-1g02924	Autosome	7	179.571	1257	MvSl-1064-A2-R4_MC01g03193	7	179.571	1257	0	0	0
MvSl-1064-A1-R4_MC01-1g02916	Autosome	2	109	218	MvSl-1064-A2-R4_MC01g03201	2	109	218	0	0	0
MvSl-1064-A1-R4_MC01-1g02912	Autosome	6	167.833	1007	MvSl-1064-A2-R4_MC01g03205	6	167.833	1007	0	0	0
MvSl-1064-A1-R4_MC01-2g02957	Autosome	3	70	210	MvSl-1064-A2-R4_MC01g03239	3	70	210	0	0	0
MvSl-1064-A1-R4_MC01-2g02970	Autosome	1	222	222	MvSl-1064-A2-R4_MC01g03252	1	222	222	0	0	0
MvSl-1064-A1-R4_MC01-2g03005	Autosome	6	72.3333	434	MvSl-1064-A2-R4_MC01g03287	6	68.8333	413	0	3.5	21
MvSl-1064-A1-R4_MC01-2g03070	Autosome	3	76	228	MvSl-1064-A2-R4_MC01g03352	3	76	228	0	0	0
MvSl-1064-A1-R4_MC01-2g03146	Autosome	1	383	383	MvSl-1064-A2-R4_MC01g03426	1	383	383	0	0	0
MvSl-1064-A1-R4_MC02g03205	Autosome	3	118.667	356	MvSl-1064-A2-R4_MC02g03485	3	118.667	356	0	0	0
MvSl-1064-A1-R4_MC02g03229	Autosome	11	88.9091	978	MvSl-1064-A2-R4_MC02g03509	11	88.9091	978	0	0	0
MvSl-1064-A1-R4_MC02g03274	Autosome	4	126.25	505	MvSl-1064-A2-R4_MC02g03554	4	126.25	505	0	0	0
MvSl-1064-A1-R4_MC02g03288	Autosome	6	137.333	824	MvSl-1064-A2-R4_MC02g03568	6	137.333	824	0	0	0
MvSl-1064-A1-R4_MC02g03327	Autosome	3	107	321	MvSl-1064-A2-R4_MC02g03607	3	107	321	0	0	0
MvSl-1064-A1-R4_MC02g03352	Autosome	4	89.5	358	MvSl-1064-A2-R4_MC02g03632	4	89.5	358	0	0	0
MvSl-1064-A1-R4_MC02g03373	Autosome	2	167.5	335	MvSl-1064-A2-R4_MC02g03653	2	167.5	335	0	0	0
MvSl-1064-A1-R4_MC02g03471	Autosome	1	51	51	MvSl-1064-A2-R4_MC02g03749	1	51	51	0	0	0
MvSl-1064-A1-R4_MC02g03515	Autosome	1	45	45	MvSl-1064-A2-R4_MC02g03793	1	45	45	0	0	0
MvSl-1064-A1-R4_MC02g03606	Autosome	4	105.5	422	MvSl-1064-A2-R4_MC02g03884	4	105.5	422	0	0	0
MvSl-1064-A1-R4_MC02g03617	Autosome	2	149	298	MvSl-1064-A2-R4_MC02g03895	2	149	298	0	0	0
MvSl-1064-A1-R4_MC02g03891	Autosome	3	230.333	691	MvSl-1064-A2-R4_MC02g04169	3	230.333	691	0	0	0
MvSl-1064-A1-R4_MC02g03922	Autosome	5	85.2	426	MvSl-1064-A2-R4_MC02g04200	5	85.2	426	0	0	0
MvSl-1064-A1-R4_MC02g04206	Autosome	2	108.5	217	MvSl-1064-A2-R4_MC02g04484	2	108.5	217	0	0	0
MvSl-1064-A1-R4_MC02g04207	Autosome	1	44	44	MvSl-1064-A2-R4_MC02g04485	1	44	44	0	0	0
MvSl-1064-A1-R4_MC02g04208	Autosome	1	79	79	MvSl-1064-A2-R4_MC02g04486	1	79	79	0	0	0
MvSl-1064-A1-R4_MC02g04224	Autosome	4	134.75	539	MvSl-1064-A2-R4_MC02g04502	4	134.75	539	0	0	0
MvSl-1064-A1-R4_MC03g04423	Autosome	2	210	420	MvSl-1064-A2-R4_MC03g04701	2	210	420	0	0	0
MvSl-1064-A1-R4_MC03g04424	Autosome	6	99.6667	598	MvSl-1064-A2-R4_MC03g04702	6	105	630	0	-5.3333	-32
MvSl-1064-A1-R4_MC03g04539	Autosome	1	40	40	MvSl-1064-A2-R4_MC03g04817	1	40	40	0	0	0
MvSl-1064-A1-R4_MC03g04760	Autosome	1	446	446	MvSl-1064-A2-R4_MC03g05038	1	445	445	0	1	1
MvSl-1064-A1-R4_MC03g04831	Autosome	1	124	124	MvSl-1064-A2-R4_MC03g05109	1	124	124	0	0	0
MvSl-1064-A1-R4_MC03g04879	Autosome	2	88.5	177	MvSl-1064-A2-R4_MC03g05157	2	88.5	177	0	0	0
MvSl-1064-A1-R4_MC03g04909	Autosome	4	184.5	738	MvSl-1064-A2-R4_MC03g05187	4	184.5	738	0	0	0
MvSl-1064-A1-R4_MC03g05070	Autosome	2	86	172	MvSl-1064-A2-R4_MC03g05347	2	86	172	0	0	0
MvSl-1064-A1-R4_MC03g05112	Autosome	4	69.75	279	MvSl-1064-A2-R4_MC03g05389	4	69.75	279	0	0	0
MvSl-1064-A1-R4_MC03g05222	Autosome	2	132.5	265	MvSl-1064-A2-R4_MC03g05499	2	132.5	265	0	0	0
MvSl-1064-A1-R4_MC04-1g05282	Autosome	1	103	103	MvSl-1064-A2-R4_MC04-1g05559	1	103	103	0	0	0
MvSl-1064-A1-R4_MC04-1g05308	Autosome	1	79	79	MvSl-1064-A2-R4_MC04-1g05585	1	79	79	0	0	0
MvSl-1064-A1-R4_MC04-1g05323	Autosome	3	89.3333	268	MvSl-1064-A2-R4_MC04-1g05600	3	89.3333	268	0	0	0
MvSl-1064-A1-R4_MC04-1g05493	Autosome	2	67.5	135	MvSl-1064-A2-R4_MC04-1g05770	2	67.5	135	0	0	0
MvSl-1064-A1-R4_MC04-1g05592	Autosome	3	112	336	MvSl-1064-A2-R4_MC04-1g05868	3	112	336	0	0	0
MvSl-1064-A1-R4_MC04-1g05801	Autosome	5	88	440	MvSl-1064-A2-R4_MC04-1g06077	5	88	440	0	0	0
MvSl-1064-A1-R4_MC04-1g05832	Autosome	3	105.333	316	MvSl-1064-A2-R4_MC04-1g06108	3	105.333	316	0	0	0
MvSl-1064-A1-R4_MC04-1g05858	Autosome	1	108	108	MvSl-1064-A2-R4_MC04-1g06134	1	108	108	0	0	0
MvSl-1064-A1-R4_MC04-1g05942	Autosome	6	127.833	767	MvSl-1064-A2-R4_MC04-1g06218	6	127.833	767	0	0	0
MvSl-1064-A1-R4_MC04-1g05982	Autosome	1	62	62	MvSl-1064-A2-R4_MC04-2g06264	1	62	62	0	0	0
MvSl-1064-A1-R4_MC04-1g06041	Autosome	2	214	428	MvSl-1064-A2-R4_MC04-2g06323	2	214	428	0	0	0
MvSl-1064-A1-R4_MC04-1g06069	Autosome	5	88.4	442	MvSl-1064-A2-R4_MC04-2g06351	5	88.4	442	0	0	0
MvSl-1064-A1-R4_MC04-2g06086	Autosome	1	40	40	MvSl-1064-A2-R4_MC04-2g06357	1	40	40	0	0	0
MvSl-1064-A1-R4_MC05-1g06209	Autosome	2	140	280	MvSl-1064-A2-R4_MC05g06481	2	140	280	0	0	0
MvSl-1064-A1-R4_MC05-2g06461	Autosome	3	71.6667	215	MvSl-1064-A2-R4_MC05g06735	3	71.6667	215	0	0	0
MvSl-1064-A1-R4_MC05-2g06481	Autosome	2	219	438	MvSl-1064-A2-R4_MC05g06755	2	219	438	0	0	0
MvSl-1064-A1-R4_MC05-2g06485	Autosome	10	75.7	757	MvSl-1064-A2-R4_MC05g06759	10	75.7	757	0	0	0
MvSl-1064-A1-R4_MC05-3g06591	Autosome	11	95.3636	1049	MvSl-1064-A2-R4_MC05g06854	12	80.8333	970	-1	14.5303	79
MvSl-1064-A1-R4_MC05-3g06731	Autosome	2	90	180	MvSl-1064-A2-R4_MC05g06995	2	90	180	0	0	0
MvSl-1064-A1-R4_MC05-3g06760	Autosome	4	64.25	257	MvSl-1064-A2-R4_MC05g07024	4	64.25	257	0	0	0
MvSl-1064-A1-R4_MC05-3g06790	Autosome	3	78	234	MvSl-1064-A2-R4_MC05g07054	3	78	234	0	0	0
MvSl-1064-A1-R4_MC06g06907	Autosome	3	113.333	340	MvSl-1064-A2-R4_MC06-1g07170	3	113.333	340	0	0	0
MvSl-1064-A1-R4_MC06g06943	Autosome	7	98	686	MvSl-1064-A2-R4_MC06-1g07206	7	98	686	0	0	0
MvSl-1064-A1-R4_MC06g07102	Autosome	4	110.5	442	MvSl-1064-A2-R4_MC06-2g07367	4	110.5	442	0	0	0
MvSl-1064-A1-R4_MC06g07138	Autosome	7	81.7143	572	MvSl-1064-A2-R4_MC06-2g07403	7	81.7143	572	0	0	0
MvSl-1064-A1-R4_MC06g07191	Autosome	29	99.931	2898	MvSl-1064-A2-R4_MC06-2g07456	29	99.931	2898	0	0	0
MvSl-1064-A1-R4_MC06g07471	Autosome	10	98.1	981	MvSl-1064-A2-R4_MC06-2g07736	10	98.1	981	0	0	0
MvSl-1064-A1-R4_MC06g07527	Autosome	2	119	238	MvSl-1064-A2-R4_MC06-2g07792	2	119	238	0	0	0
MvSl-1064-A1-R4_MC07g07592	Autosome	1	83	83	MvSl-1064-A2-R4_MC07g07857	1	83	83	0	0	0
MvSl-1064-A1-R4_MC07g07597	Autosome	8	79.875	639	MvSl-1064-A2-R4_MC07g07862	8	79.875	639	0	0	0
MvSl-1064-A1-R4_MC07g07612	Autosome	2	197	394	MvSl-1064-A2-R4_MC07g07877	2	197	394	0	0	0
MvSl-1064-A1-R4_MC07g07961	Autosome	1	184	184	MvSl-1064-A2-R4_MC07g08226	1	183	183	0	1	1
MvSl-1064-A1-R4_MC07g08004	Autosome	5	91.2	456	MvSl-1064-A2-R4_MC07g08269	5	91.2	456	0	0	0
MvSl-1064-A1-R4_MC07g08249	Autosome	1	93	93	MvSl-1064-A2-R4_MC07g08514	1	93	93	0	0	0
MvSl-1064-A1-R4_MC08g08369	Autosome	4	100.75	403	MvSl-1064-A2-R4_MC08-1g08634	4	100.75	403	0	0	0
MvSl-1064-A1-R4_MC08g08445	Autosome	8	178.75	1430	MvSl-1064-A2-R4_MC08-1g08710	8	184	1472	0	-5.25	-42
MvSl-1064-A1-R4_MC08g08472	Autosome	1	198	198	MvSl-1064-A2-R4_MC08-1g08737	1	198	198	0	0	0
MvSl-1064-A1-R4_MC08g08498	Autosome	6	140.333	842	MvSl-1064-A2-R4_MC08-1g08763	6	140.333	842	0	0	0
MvSl-1064-A1-R4_MC08g08762	Autosome	1	43	43	MvSl-1064-A2-R4_MC08-2g09043	1	43	43	0	0	0
MvSl-1064-A1-R4_MC08g08835	Autosome	3	106.667	320	MvSl-1064-A2-R4_MC08-2g09116	3	106.667	320	0	0	0
MvSl-1064-A1-R4_MC09-2g09067	Autosome	5	87.2	436	MvSl-1064-A2-R4_MC09g09342	5	87.2	436	0	0	0
MvSl-1064-A1-R4_MC09-2g09380	Autosome	1	252	252	MvSl-1064-A2-R4_MC09g09654	1	252	252	0	0	0
MvSl-1064-A1-R4_MC09-2g09506	Autosome	1	80	80	MvSl-1064-A2-R4_MC09g09780	1	80	80	0	0	0
MvSl-1064-A1-R4_MC09-2g09527	Autosome	4	80.75	323	MvSl-1064-A2-R4_MC09g09801	4	80.75	323	0	0	0
MvSl-1064-A1-R4_MC09-2g09541	Autosome	5	101.8	509	MvSl-1064-A2-R4_MC09g09815	5	101.8	509	0	0	0
MvSl-1064-A1-R4_MC09-2g09545	Autosome	2	85.5	171	MvSl-1064-A2-R4_MC09g09819	2	85.5	171	0	0	0
MvSl-1064-A1-R4_MC09-2g09566	Autosome	2	104	208	MvSl-1064-A2-R4_MC09g09840	2	104	208	0	0	0
MvSl-1064-A1-R4_MC10-1g09730	Autosome	5	106.8	534	MvSl-1064-A2-R4_MC10g09997	5	106.8	534	0	0	0
MvSl-1064-A1-R4_MC10-1g09732	Autosome	4	167.5	670	MvSl-1064-A2-R4_MC10g09999	4	167.5	670	0	0	0
MvSl-1064-A1-R4_MC10-1g09809	Autosome	2	59	118	MvSl-1064-A2-R4_MC10g10076	2	59	118	0	0	0
MvSl-1064-A1-R4_MC10-1g09833	Autosome	8	166.75	1334	MvSl-1064-A2-R4_MC10g10100	8	166.75	1334	0	0	0
MvSl-1064-A1-R4_MC10-1g09854	Autosome	2	330.5	661	MvSl-1064-A2-R4_MC10g10121	2	330.5	661	0	0	0
MvSl-1064-A1-R4_MC10-2g09873	Autosome	1	47	47	MvSl-1064-A2-R4_MC10g10137	1	47	47	0	0	0
MvSl-1064-A1-R4_MC10-2g09886	Autosome	1	51	51	MvSl-1064-A2-R4_MC10g10150	1	51	51	0	0	0
MvSl-1064-A1-R4_MC10-2g09942	Autosome	4	69	276	MvSl-1064-A2-R4_MC10g10206	4	80	320	0	-11	-44
MvSl-1064-A1-R4_MC10-2g09980	Autosome	1	137	137	MvSl-1064-A2-R4_MC10g10244	1	137	137	0	0	0
MvSl-1064-A1-R4_MC10-2g10050	Autosome	1	164	164	MvSl-1064-A2-R4_MC10g10314	1	164	164	0	0	0
MvSl-1064-A1-R4_MC10-2g10108	Autosome	2	91.5	183	MvSl-1064-A2-R4_MC10g10372	2	91.5	183	0	0	0
MvSl-1064-A1-R4_MC10-2g10116	Autosome	7	100.286	702	MvSl-1064-A2-R4_MC10g10380	7	100.286	702	0	0	0
MvSl-1064-A1-R4_MC10-2g10125	Autosome	9	102.667	924	MvSl-1064-A2-R4_MC10g10389	9	102.667	924	0	0	0
MvSl-1064-A1-R4_MC10-2g10132	Autosome	1	81	81	MvSl-1064-A2-R4_MC10g10396	1	81	81	0	0	0
MvSl-1064-A1-R4_MC11g10201	Autosome	1	51	51	MvSl-1064-A2-R4_MC11g10460	1	51	51	0	0	0
MvSl-1064-A1-R4_MC11g10231	Autosome	1	163	163	MvSl-1064-A2-R4_MC11g10492	1	163	163	0	0	0
MvSl-1064-A1-R4_MC11g10248	Autosome	6	73.8333	443	MvSl-1064-A2-R4_MC11g10509	6	73.8333	443	0	0	0
MvSl-1064-A1-R4_MC11g10255	Autosome	4	119.25	477	MvSl-1064-A2-R4_MC11g10516	4	119.25	477	0	0	0
MvSl-1064-A1-R4_MC11g10335	Autosome	2	60.5	121	MvSl-1064-A2-R4_MC11g10596	2	60.5	121	0	0	0
MvSl-1064-A1-R4_MC11g10346	Autosome	6	129.667	778	MvSl-1064-A2-R4_MC11g10607	6	129.667	778	0	0	0
MvSl-1064-A1-R4_MC11g10369	Autosome	3	78	234	MvSl-1064-A2-R4_MC11g10631	3	78	234	0	0	0
MvSl-1064-A1-R4_MC11g10508	Autosome	5	67.8	339	MvSl-1064-A2-R4_MC11g10770	5	67.8	339	0	0	0
MvSl-1064-A1-R4_MC11g10517	Autosome	4	77	308	MvSl-1064-A2-R4_MC11g10779	4	77	308	0	0	0
MvSl-1064-A1-R4_MC11g10575	Autosome	3	104.333	313	MvSl-1064-A2-R4_MC11g10839	3	104.333	313	0	0	0
MvSl-1064-A1-R4_MC11g10576	Autosome	4	100.75	403	MvSl-1064-A2-R4_MC11g10840	4	100.75	403	0	0	0
MvSl-1064-A1-R4_MC11g10627	Autosome	3	86.6667	260	MvSl-1064-A2-R4_MC11g10891	3	86.6667	260	0	0	0
MvSl-1064-A1-R4_MC11g10654	Autosome	2	186	372	MvSl-1064-A2-R4_MC11g10918	2	186	372	0	0	0
MvSl-1064-A1-R4_MC11g10722	Autosome	5	100.2	501	MvSl-1064-A2-R4_MC11g10987	5	100.2	501	0	0	0
MvSl-1064-A1-R4_MC11g10730	Autosome	4	147.25	589	MvSl-1064-A2-R4_MC11g10995	4	147.25	589	0	0	0
MvSl-1064-A1-R4_MC12g10779	Autosome	1	95	95	MvSl-1064-A2-R4_MC12g11042	1	95	95	0	0	0
MvSl-1064-A1-R4_MC12g10792	Autosome	2	174	348	MvSl-1064-A2-R4_MC12g11055	2	174	348	0	0	0
MvSl-1064-A1-R4_MC12g11020	Autosome	3	59.3333	178	MvSl-1064-A2-R4_MC12g11283	3	59.3333	178	0	0	0
MvSl-1064-A1-R4_MC12g11112	Autosome	7	90.1429	631	MvSl-1064-A2-R4_MC12g11375	7	90.1429	631	0	0	0
MvSl-1064-A1-R4_MC13g11325	Autosome	3	146.333	439	MvSl-1064-A2-R4_MC13g11586	3	146.333	439	0	0	0
MvSl-1064-A1-R4_MC13g11418	Autosome	1	53	53	MvSl-1064-A2-R4_MC13g11679	1	53	53	0	0	0
MvSl-1064-A1-R4_MC13g11443	Autosome	1	71	71	MvSl-1064-A2-R4_MC13g11704	1	71	71	0	0	0
MvSl-1064-A1-R4_MC13g11584	Autosome	8	84.5	676	MvSl-1064-A2-R4_MC13g11845	8	84.5	676	0	0	0
MvSl-1064-A1-R4_MC13g11616	Autosome	7	100.429	703	MvSl-1064-A2-R4_MC13g11877	7	100.429	703	0	0	0
MvSl-1064-A1-R4_MC13g11692	Autosome	5	106.2	531	MvSl-1064-A2-R4_MC13g11953	5	106.2	531	0	0	0
MvSl-1064-A1-R4_MC13g11715	Autosome	3	106.333	319	MvSl-1064-A2-R4_MC13g11976	2	139	278	1	-32.667	41
MvSl-1064-A1-R4_MC14g11775	Autosome	3	97.6667	293	MvSl-1064-A2-R4_MC14g12036	3	97.6667	293	0	0	0
MvSl-1064-A1-R4_MC14g11804	Autosome	1	225	225	MvSl-1064-A2-R4_MC14g12065	1	225	225	0	0	0
MvSl-1064-A1-R4_MC14g11805	Autosome	7	92.5714	648	MvSl-1064-A2-R4_MC14g12066	7	92.5714	648	0	0	0
MvSl-1064-A1-R4_MC14g11916	Autosome	10	108.8	1088	MvSl-1064-A2-R4_MC14g12177	10	108.8	1088	0	0	0
MvSl-1064-A1-R4_MC14g11962	Autosome	3	121	363	MvSl-1064-A2-R4_MC14g12223	3	121	363	0	0	0
MvSl-1064-A1-R4_MC15g12133	Autosome	2	64.5	129	MvSl-1064-A2-R4_MC15g12383	2	64.5	129	0	0	0
MvSl-1064-A1-R4_MC15g12148	Autosome	2	85	170	MvSl-1064-A2-R4_MC15g12398	2	85	170	0	0	0
MvSl-1064-A1-R4_MC16g12196	Autosome	7	171	1197	MvSl-1064-A2-R4_MC16g12447	7	171.143	1198	0	-0.143	-1
MvSl-1064-A1-R4_A1g00854	Purple	8	97.125	777	MvSl-1064-A2-R4_A2g01111	9	99.2222	893	-1	-2.0972	-116
MvSl-1064-A1-R4_A1g00112	Green	2	148	296	MvSl-1064-A2-R4_A2g00122	2	171	342	0	-23	-46
MvSl-1064-A1-R4_A1g01162	Blue	2	68	136	MvSl-1064-A2-R4_A2g00836	2	68.5	137	0	-0.5	-1
MvSl-1064-A1-R4_A1g01163	Blue	4	87	348	MvSl-1064-A2-R4_A2g00837	4	86.75	347	0	0.25	1
MvSl-1064-A1-R4_A1g01432	Blue	4	84.25	337	MvSl-1064-A2-R4_A2g01152	4	84	336	0	0.25	1
MvSl-1064-A1-R4_A1g00246	Black	2	173	346	MvSl-1064-A2-R4_A2g00241	2	170	340	0	3	6
MvSl-1064-A1-R4_A1g00718	Black	2	71.5	143	MvSl-1064-A2-R4_A2g00298	2	71	142	0	0.5	1
MvSl-1064-A1-R4_A1g00648	Black	3	109.667	329	MvSl-1064-A2-R4_A2g00314	3	109.667	329	0	0	0
MvSl-1064-A1-R4_A1g01282	Black	3	115	345	MvSl-1064-A2-R4_A2g00349	3	114.333	343	0	0.667	2
MvSl-1064-A1-R4_A1g01376	Black	11	71.8182	790	MvSl-1064-A2-R4_A2g00418	12	99.3333	1192	-1	-27.5151	-402
MvSl-1064-A1-R4_A1g00242	Black	4	84.25	337	MvSl-1064-A2-R4_A2g00644	4	84.5	338	0	-0.25	-1
MvSl-1064-A1-R4_A1g00835	Black	2	65.5	131	MvSl-1064-A2-R4_A2g01032	2	68.5	137	0	-3	-6
MvSl-1064-A1-R4_A1g01358	Black	1	55	55	MvSl-1064-A2-R4_A2g01109	1	46	46	0	9	9
MvSl-1064-A1-R4_A1g00956	Black	1	83	83	MvSl-1064-A2-R4_A2g01182	1	92	92	0	-9	-9
MvSl-1064-A1-R4_A1g00959	Black	1	79	79	MvSl-1064-A2-R4_A2g01188	1	150	150	0	-71	-71
MvSl-1064-A1-R4_A1g00970	Black	3	71.3333	214	MvSl-1064-A2-R4_A2g01287	3	71.3333	214	0	0	0
MvSl-1064-A1-R4_A1g01220	Black	8	86.125	689	MvSl-1064-A2-R4_A2g01388	7	101.286	709	1	-15.161	-20
MvSl-1064-A1-R4_A1g01347	Black	5	89.4	447	MvSl-1064-A2-R4_A2g01555	5	89.4	447	0	0	0
MvSl-1064-A1-R4_A1g00929	Black	2	69	138	MvSl-1064-A2-R4_A2g01687	2	69	138	0	0	0
