gene	logFC	FDR
1	MvSl-1064-A1-R4_A1g00050	-1.04354397879072	0.00184642080186797
2	MvSl-1064-A1-R4_A1g00055	-0.83112425760923	0.0211364350825667
3	MvSl-1064-A1-R4_A1g00069	-1.01249983945876	0.000415229867096806
4	MvSl-1064-A1-R4_A1g00079	-1.0399407369769	0.000294359921936354
5	MvSl-1064-A1-R4_A1g01415	-0.739896233831776	0.00819408315796003
6	MvSl-1064-A1-R4_A1g00290	-1.30494917247023	5.28541553618001e-06
7	MvSl-1064-A1-R4_A1g01252	-0.688361043544266	0.0144837780641378
8	MvSl-1064-A1-R4_A1g00246	-0.752600799010957	0.00660234014232114
9	MvSl-1064-A1-R4_A1g00481	-1.48662111923526	0.00356392344130691
10	MvSl-1064-A1-R4_A1g00254	-2.16855085720261	1.17638243362788e-15
11	MvSl-1064-A1-R4_A1g00359	-0.976942830465556	0.022795583606956
12	MvSl-1064-A1-R4_A1g00281	-0.748838840061361	0.0128393604606423
13	MvSl-1064-A1-R4_A1g00280	-0.641196759835184	0.0236814093746382
14	MvSl-1064-A1-R4_A1g00648	-0.659579085996833	0.0242200275849123
15	MvSl-1064-A1-R4_A1g01282	-7.83434609810706	9.85358254561663e-28
16	MvSl-1064-A1-R4_A1g01376	-1.17717242859966	4.86635509938005e-06
17	MvSl-1064-A1-R4_A1g00326	-11.0959298114163	6.38548741279866e-31
18	MvSl-1064-A1-R4_A1g01162	-2.6648488994888	3.64860105475044e-13
19	MvSl-1064-A1-R4_A1g01163	-1.29369465104642	0.000226770856435165
20	MvSl-1064-A1-R4_A1g01212	-1.51509143992165	1.61265086784834e-06
21	MvSl-1064-A1-R4_A1g00533	-0.996010270828338	0.000954660788648844
22	MvSl-1064-A1-R4_A1g00541	-0.778983010904359	0.00602207605255557
23	MvSl-1064-A1-R4_A1g00644	-1.04928839971846	0.00274310498637707
24	MvSl-1064-A1-R4_A1g00835	-2.54266598172808	3.57916046057402e-07
25	MvSl-1064-A1-R4_A1g00854	-0.833317769069415	0.00348867791589607
26	MvSl-1064-A1-R4_A1g01385	-0.781789893963495	0.00717030050684168
27	MvSl-1064-A1-R4_A1g01432	-1.68921204161865	1.67780415169951e-10
28	MvSl-1064-A1-R4_A1g00956	-1.35616585651647	4.69830388375562e-08
29	MvSl-1064-A1-R4_A1g00959	-1.66127102480182	4.57946926797612e-05
30	MvSl-1064-A1-R4_A1g00968	-0.622907033504854	0.0271395603487833
31	MvSl-1064-A1-R4_A1g00184	-0.611155979005836	0.0448398420122524
32	MvSl-1064-A1-R4_A1g00969	-1.17197955041087	0.00265850334682947
33	MvSl-1064-A1-R4_A1g00970	-1.25869886234242	1.15872353389892e-05
34	MvSl-1064-A1-R4_A1g01184	-0.725904583756306	0.0148169240684075
35	MvSl-1064-A1-R4_A1g00804	-1.64478132572859	0.00267258961499543
36	MvSl-1064-A1-R4_A1g01220	-0.844886424781602	0.011917573593296
37	MvSl-1064-A1-R4_A1g00886	-1.48811438800232	3.66724363433122e-08
38	MvSl-1064-A1-R4_A1g00521	-0.885114764359528	0.00639346310123166
39	MvSl-1064-A1-R4_A1g00977	-2.29692493653121	8.66321237848672e-19
40	MvSl-1064-A1-R4_A1g00921	-1.07755533392365	7.03775309999167e-06
41	MvSl-1064-A1-R4_A1g00929	-6.00688810708964	1.06690517244544e-11
42	MvSl-1064-A1-R4_A1g01503	-2.01261823317374	0.0088140268917987
43	MvSl-1064-A1-R4_A1g01509	-1.3799073330879	1.70686293425081e-05
44	MvSl-1064-A1-R4_MC01-1g01734	-0.744558200120606	0.0276819890848251
45	MvSl-1064-A1-R4_MC01-1g01804	-0.660322327836776	0.0465911612356202
46	MvSl-1064-A1-R4_MC01-1g01806	-0.653598506610926	0.0198685756321765
47	MvSl-1064-A1-R4_MC01-1g01882	-1.12988841611377	7.60187275710061e-05
48	MvSl-1064-A1-R4_MC01-1g01901	-0.653562962855453	0.0212787680026072
49	MvSl-1064-A1-R4_MC01-1g01921	-0.658550312160763	0.0361764183399127
50	MvSl-1064-A1-R4_MC01-1g01924	-0.908286259238814	0.000467534958935758
51	MvSl-1064-A1-R4_MC01-1g01927	-1.21112277940619	1.74581386920137e-05
52	MvSl-1064-A1-R4_MC01-1g01965	-1.39462439196561	9.54875313143015e-05
53	MvSl-1064-A1-R4_MC01-1g01970	-1.34253686763383	7.64136874339518e-06
54	MvSl-1064-A1-R4_MC01-1g01995	-0.749959307224291	0.0180588864855988
55	MvSl-1064-A1-R4_MC01-1g02018	-1.11130189953645	0.000135397676734902
56	MvSl-1064-A1-R4_MC01-1g02052	-1.18982800415579	0.0162823451276405
57	MvSl-1064-A1-R4_MC01-1g02060	-0.702433649929089	0.0102986972337794
58	MvSl-1064-A1-R4_MC01-1g02068	-0.711841387059894	0.00960865650472854
59	MvSl-1064-A1-R4_MC01-1g02088	-0.911266732094295	0.00233037836697116
60	MvSl-1064-A1-R4_MC01-1g02111	-1.28956560065686	8.17736441326155e-07
61	MvSl-1064-A1-R4_MC01-1g02160	-1.85602714084629	0.00400514153797061
62	MvSl-1064-A1-R4_MC01-1g02191	-0.637889821188957	0.0333002384546791
63	MvSl-1064-A1-R4_MC01-1g02237	-1.62300099798587	1.64474766894136e-10
64	MvSl-1064-A1-R4_MC01-1g02240	-0.947486660970135	0.0434488449740914
65	MvSl-1064-A1-R4_MC01-1g02242	-1.05378888450816	0.000295680038345428
66	MvSl-1064-A1-R4_MC01-1g02243	-0.987637747307036	0.00103688291207148
67	MvSl-1064-A1-R4_MC01-1g02252	-1.21778039818868	0.0302044817847301
68	MvSl-1064-A1-R4_MC01-1g02313	-0.899756757293016	0.0015069372687578
69	MvSl-1064-A1-R4_MC01-1g02332	-0.704819494130539	0.0114189431866795
70	MvSl-1064-A1-R4_MC01-1g02338	-0.749852718378627	0.019188333590501
71	MvSl-1064-A1-R4_MC01-1g02357	-0.681742642299972	0.0213717885971693
72	MvSl-1064-A1-R4_MC01-1g02374	-0.753137869014067	0.00544532370376166
73	MvSl-1064-A1-R4_MC01-1g02380	-1.47372991943218	8.15417229902192e-05
74	MvSl-1064-A1-R4_MC01-1g02404	-0.964941797038635	0.000584448940834331
75	MvSl-1064-A1-R4_MC01-1g02426	-0.649786656099347	0.0263669717869661
76	MvSl-1064-A1-R4_MC01-1g02450	-1.10877325686232	0.0113227975798066
77	MvSl-1064-A1-R4_MC01-1g02476	-1.28113847661822	0.000114167807167227
78	MvSl-1064-A1-R4_MC01-1g02532	-0.793957116770696	0.00801647509723991
79	MvSl-1064-A1-R4_MC01-1g02575	-1.07519446226606	0.00441687058935933
80	MvSl-1064-A1-R4_MC01-1g02576	-1.04348049696891	0.00264667121299904
81	MvSl-1064-A1-R4_MC01-1g02609	-0.822481846477091	0.00441545242635103
82	MvSl-1064-A1-R4_MC01-1g02610	-1.08956178240581	0.0475260388418588
83	MvSl-1064-A1-R4_MC01-1g02614	-1.05965925192694	7.69854648226995e-05
84	MvSl-1064-A1-R4_MC01-1g02625	-0.813734281059536	0.0182128951056172
85	MvSl-1064-A1-R4_MC01-1g02632	-1.04234523182613	0.0108380040839183
86	MvSl-1064-A1-R4_MC01-1g02640	-0.761375640826073	0.0380226875420499
87	MvSl-1064-A1-R4_MC01-1g02648	-0.850399590450838	0.00343453031785431
88	MvSl-1064-A1-R4_MC01-1g02734	-0.690682321872189	0.044766649843256
89	MvSl-1064-A1-R4_MC01-1g02763	-1.13978237686145	0.00014271607683877
90	MvSl-1064-A1-R4_MC01-1g02787	-1.33976455066486	0.0257967894439177
91	MvSl-1064-A1-R4_MC01-1g02791	-1.1019906265483	0.00149856465862241
92	MvSl-1064-A1-R4_MC01-1g02807	-1.11116513958422	0.0296277527885995
93	MvSl-1064-A1-R4_MC01-1g02809	-1.26004779809511	2.5879762783376e-06
94	MvSl-1064-A1-R4_MC01-1g02811	-0.674317988728275	0.0272524648059554
95	MvSl-1064-A1-R4_MC01-1g02836	-1.02269131622424	0.00343453031785431
96	MvSl-1064-A1-R4_MC01-1g02838	-2.74075848527902	3.75167366046839e-06
97	MvSl-1064-A1-R4_MC01-1g02841	-1.26016899234667	0.00348835970958749
98	MvSl-1064-A1-R4_MC01-1g02860	-1.41185757889553	0.0116385324958306
99	MvSl-1064-A1-R4_MC01-1g02885	-8.84931037748916	3.37050524543539e-13
100	MvSl-1064-A1-R4_MC01-2g02965	-0.64865948959669	0.0341404361236435
101	MvSl-1064-A1-R4_MC01-2g02975	-0.718204220959022	0.0279470425889775
102	MvSl-1064-A1-R4_MC01-2g03021	-0.919632895480237	0.00108268579781782
103	MvSl-1064-A1-R4_MC01-2g03057	-0.793616767055651	0.0384987644376183
104	MvSl-1064-A1-R4_MC01-2g03065	-2.41479574252909	1.60569740406241e-22
105	MvSl-1064-A1-R4_MC01-2g03070	-0.916139326339905	0.0396768386225509
106	MvSl-1064-A1-R4_MC01-2g03076	-0.909881680004146	0.00976448992992406
107	MvSl-1064-A1-R4_MC01-2g03100	-1.02907516683842	0.0244275484403812
108	MvSl-1064-A1-R4_MC01-2g03106	-2.69575319195766	0.00244084080868292
109	MvSl-1064-A1-R4_MC01-2g03107	-1.90436353283081	0.000680579655095456
110	MvSl-1064-A1-R4_MC01-2g03127	-0.736650245277812	0.00637507401837403
111	MvSl-1064-A1-R4_MC02g03194	-0.913380748844461	0.00313741665104909
112	MvSl-1064-A1-R4_MC02g03202	-1.00374488618106	0.00161258431036664
113	MvSl-1064-A1-R4_MC02g03227	-0.61689344075317	0.0295144447411567
114	MvSl-1064-A1-R4_MC02g03230	-0.755265706758298	0.00519002099236202
115	MvSl-1064-A1-R4_MC02g03231	-1.000434583157	0.0171525257086195
116	MvSl-1064-A1-R4_MC02g03251	-0.713036360805222	0.0388941293125674
117	MvSl-1064-A1-R4_MC02g03258	-1.3112242596676	0.000165455687981019
118	MvSl-1064-A1-R4_MC02g03288	-1.38050723088283	0.00918138097548654
119	MvSl-1064-A1-R4_MC02g03292	-0.815745079694469	0.0315846951527421
120	MvSl-1064-A1-R4_MC02g03334	-0.877041765840726	0.00209340286087539
121	MvSl-1064-A1-R4_MC02g03350	-1.23213629909095	0.00388614446742518
122	MvSl-1064-A1-R4_MC02g03381	-0.963026815634138	0.000295680038345428
123	MvSl-1064-A1-R4_MC02g03504	-1.02487699803914	0.000338399640722261
124	MvSl-1064-A1-R4_MC02g03506	-1.25942407406468	0.000838358491113323
125	MvSl-1064-A1-R4_MC02g03533	-1.34987289681764	0.000362070642692443
126	MvSl-1064-A1-R4_MC02g03544	-0.641502110902805	0.0434488449740914
127	MvSl-1064-A1-R4_MC02g03565	-5.58041685199182	7.87460865218712e-09
128	MvSl-1064-A1-R4_MC02g03579	-1.14562496129601	0.000955465963709522
129	MvSl-1064-A1-R4_MC02g03580	-0.94647285922981	0.017718857339707
130	MvSl-1064-A1-R4_MC02g03597	-0.801371441384646	0.00805802977261129
131	MvSl-1064-A1-R4_MC02g03599	-1.78933574102765	7.17350683550162e-09
132	MvSl-1064-A1-R4_MC02g03603	-1.01805481917652	8.18093373513555e-05
133	MvSl-1064-A1-R4_MC02g03627	-0.741345720087963	0.044766649843256
134	MvSl-1064-A1-R4_MC02g03674	-1.53103393709759	0.00870489429190025
135	MvSl-1064-A1-R4_MC02g03679	-1.26887029779943	1.30138338132444e-05
136	MvSl-1064-A1-R4_MC02g03697	-0.872730248158204	0.001754972127367
137	MvSl-1064-A1-R4_MC02g03728	-1.2601891795834	0.00171668153487428
138	MvSl-1064-A1-R4_MC02g03734	-1.02998897768738	0.000432279573537921
139	MvSl-1064-A1-R4_MC02g03741	-0.724798436547145	0.0195144626339562
140	MvSl-1064-A1-R4_MC02g03776	-0.743662097399246	0.0491113900649309
141	MvSl-1064-A1-R4_MC02g03781	-0.628667853394358	0.0260810512921092
142	MvSl-1064-A1-R4_MC02g03790	-0.803474774082544	0.0130396146186768
143	MvSl-1064-A1-R4_MC02g03813	-0.939395423664248	0.00681360270494964
144	MvSl-1064-A1-R4_MC02g03830	-1.57884276993869	2.39186828952768e-07
145	MvSl-1064-A1-R4_MC02g03836	-0.823046253700126	0.00172511045809136
146	MvSl-1064-A1-R4_MC02g03894	-1.45660315447899	0.0361764183399127
147	MvSl-1064-A1-R4_MC02g03895	-1.0403921109875	0.00172921646793252
148	MvSl-1064-A1-R4_MC02g03922	-2.88802974108697	0.0043229268908417
149	MvSl-1064-A1-R4_MC02g03944	-1.26997419358758	2.73784313926067e-07
150	MvSl-1064-A1-R4_MC02g03953	-1.35950896895706	9.42896324953412e-06
151	MvSl-1064-A1-R4_MC02g03963	-1.53184726355344	4.10577014860734e-08
152	MvSl-1064-A1-R4_MC02g03977	-2.27266507314286	1.3615427454676e-10
153	MvSl-1064-A1-R4_MC02g03980	-0.913710152054385	0.00069389013453784
154	MvSl-1064-A1-R4_MC02g03982	-0.98961740850517	0.00227597030705655
155	MvSl-1064-A1-R4_MC02g03990	-1.28713476646777	0.000237060397912804
156	MvSl-1064-A1-R4_MC02g04009	-1.03488328010773	0.0101967786488264
157	MvSl-1064-A1-R4_MC02g04010	-0.848517695993981	0.0336539048323736
158	MvSl-1064-A1-R4_MC02g04012	-0.781238554347095	0.0312513107197166
159	MvSl-1064-A1-R4_MC02g04036	-0.80703328244128	0.0297259332494445
160	MvSl-1064-A1-R4_MC02g04087	-0.929790534911068	0.00131392199399783
161	MvSl-1064-A1-R4_MC02g04088	-0.88835719927139	0.0163193138619587
162	MvSl-1064-A1-R4_MC02g04091	-0.798235123548683	0.0026432648905643
163	MvSl-1064-A1-R4_MC02g04101	-1.49257739674432	4.47115589826473e-08
164	MvSl-1064-A1-R4_MC02g04116	-1.16727904746246	9.73506426162038e-05
165	MvSl-1064-A1-R4_MC02g04124	-0.750666252468326	0.0190529031777859
166	MvSl-1064-A1-R4_MC02g04131	-1.29143569219595	3.52153524731336e-05
167	MvSl-1064-A1-R4_MC02g04136	-0.665798800096417	0.0456153141873316
168	MvSl-1064-A1-R4_MC02g04203	-1.13550671336801	2.13092424704601e-05
169	MvSl-1064-A1-R4_MC02g04252	-1.2144110894055	0.00264555450976297
170	MvSl-1064-A1-R4_MC03g04291	-1.42535191184663	6.06781109981961e-07
171	MvSl-1064-A1-R4_MC03g04299	-0.847999965536736	0.00338320208057138
172	MvSl-1064-A1-R4_MC03g04302	-0.770079220948428	0.0041656190793949
173	MvSl-1064-A1-R4_MC03g04356	-2.08679838372317	8.19400044829083e-17
174	MvSl-1064-A1-R4_MC03g04361	-1.4273400904221	7.06634062619338e-08
175	MvSl-1064-A1-R4_MC03g04367	-0.853963820829004	0.00785164661647968
176	MvSl-1064-A1-R4_MC03g04370	-0.80346651519063	0.00359008713815587
177	MvSl-1064-A1-R4_MC03g04402	-0.747640936195761	0.0431595044011427
178	MvSl-1064-A1-R4_MC03g04407	-1.0003965798991	0.00157346014727218
179	MvSl-1064-A1-R4_MC03g04410	-1.39725825708019	0.000160276853520965
180	MvSl-1064-A1-R4_MC03g04424	-1.07867376229302	0.0325090267426596
181	MvSl-1064-A1-R4_MC03g04431	-1.00638014434035	0.00426714428014626
182	MvSl-1064-A1-R4_MC03g04439	-1.26873919920156	2.60563203414402e-05
183	MvSl-1064-A1-R4_MC03g04440	-1.88609756682781	1.4087065417291e-12
184	MvSl-1064-A1-R4_MC03g04449	-1.33683185795596	4.48890756722283e-08
185	MvSl-1064-A1-R4_MC03g04457	-1.05583561128836	0.00149856465862241
186	MvSl-1064-A1-R4_MC03g04461	-1.15095723560349	0.000139332297503765
187	MvSl-1064-A1-R4_MC03g04462	-1.82568898346718	2.05069254069544e-06
188	MvSl-1064-A1-R4_MC03g04550	-2.0834897417323	1.65038104711716e-07
189	MvSl-1064-A1-R4_MC03g04626	-0.778885210433408	0.00870489429190025
190	MvSl-1064-A1-R4_MC03g04631	-0.765776473582529	0.00752866647010427
191	MvSl-1064-A1-R4_MC03g04634	-0.653193088112479	0.0441377548131668
192	MvSl-1064-A1-R4_MC03g04635	-0.716465113349581	0.019188333590501
193	MvSl-1064-A1-R4_MC03g04675	-0.893680817951475	0.0380226875420499
194	MvSl-1064-A1-R4_MC03g04679	-1.25594187115562	0.00325009455226982
195	MvSl-1064-A1-R4_MC03g04688	-1.66996868347161	0.000675209535268425
196	MvSl-1064-A1-R4_MC03g04690	-0.901891904073547	0.0396226408682632
197	MvSl-1064-A1-R4_MC03g04694	-0.810361663888454	0.00924781919411102
198	MvSl-1064-A1-R4_MC03g04711	-1.45833925587869	3.57189134509291e-06
199	MvSl-1064-A1-R4_MC03g04764	-0.756210462041633	0.00644764764313496
200	MvSl-1064-A1-R4_MC03g04776	-1.11634023039605	0.000977312249123546
201	MvSl-1064-A1-R4_MC03g04804	-0.949487215888748	0.00573005148345282
202	MvSl-1064-A1-R4_MC03g04827	-0.643800632071011	0.0455945766072992
203	MvSl-1064-A1-R4_MC03g04834	-0.923196795455223	0.015262063526036
204	MvSl-1064-A1-R4_MC03g04908	-1.71573218893491	0.012900281300426
205	MvSl-1064-A1-R4_MC03g04909	-1.75712713721293	3.61838809301188e-05
206	MvSl-1064-A1-R4_MC03g04917	-0.947806481803407	0.00368326943492986
207	MvSl-1064-A1-R4_MC03g04920	-0.733165816006654	0.0282403336473043
208	MvSl-1064-A1-R4_MC03g04959	-2.22708802696435	0.00316095530050736
209	MvSl-1064-A1-R4_MC03g04973	-1.02635826399652	0.000120584924927474
210	MvSl-1064-A1-R4_MC03g04974	-1.36274335950343	5.77452262562162e-05
211	MvSl-1064-A1-R4_MC03g04984	-1.02667652457472	5.42088227016809e-05
212	MvSl-1064-A1-R4_MC03g04986	-1.37045839770551	2.72384464196899e-07
213	MvSl-1064-A1-R4_MC03g04987	-1.40073167886733	0.000237691141110796
214	MvSl-1064-A1-R4_MC03g04992	-1.00180634185534	0.0434721381145029
215	MvSl-1064-A1-R4_MC03g04998	-1.02176390555959	0.00125179417467357
216	MvSl-1064-A1-R4_MC03g04999	-0.681052989102685	0.0206169097274437
217	MvSl-1064-A1-R4_MC03g05007	-0.806130483807661	0.00639446270652607
218	MvSl-1064-A1-R4_MC03g05031	-0.812691122611862	0.0138127425749665
219	MvSl-1064-A1-R4_MC03g05053	-0.878684576708137	0.00639446270652607
220	MvSl-1064-A1-R4_MC03g05069	-1.61488660847915	0.0041656190793949
221	MvSl-1064-A1-R4_MC03g05094	-1.35913246249472	0.0194651258766023
222	MvSl-1064-A1-R4_MC03g05099	-1.13108730684382	0.0102986972337794
223	MvSl-1064-A1-R4_MC03g05101	-1.34954584657467	2.10782146194145e-07
224	MvSl-1064-A1-R4_MC03g05104	-1.03835722297857	9.48715443448286e-05
225	MvSl-1064-A1-R4_MC03g05118	-1.29634639622647	0.00085429348691109
226	MvSl-1064-A1-R4_MC03g05141	-2.32743776189594	1.79827340764136e-06
227	MvSl-1064-A1-R4_MC03g05143	-1.20616714361117	1.16691330479614e-05
228	MvSl-1064-A1-R4_MC03g05146	-0.851508983233906	0.0422830796829624
229	MvSl-1064-A1-R4_MC03g05156	-1.1118025150835	0.00936532025497356
230	MvSl-1064-A1-R4_MC03g05157	-1.41891470154517	0.00358644255427841
231	MvSl-1064-A1-R4_MC03g05159	-1.41684976302381	9.68527406794045e-07
232	MvSl-1064-A1-R4_MC03g05171	-0.805468582941161	0.00767829384033677
233	MvSl-1064-A1-R4_MC03g05173	-0.687959437750525	0.0268999762325244
234	MvSl-1064-A1-R4_MC03g05174	-2.14964736051372	1.78880510241931e-10
235	MvSl-1064-A1-R4_MC03g05176	-1.83616056318613	0.00270937838523813
236	MvSl-1064-A1-R4_MC03g05180	-1.40675197410814	0.0322559645172177
237	MvSl-1064-A1-R4_MC03g05184	-0.987378828016436	0.00394827608196346
238	MvSl-1064-A1-R4_MC03g05187	-1.16863846724603	0.00112206098333188
239	MvSl-1064-A1-R4_MC03g05221	-1.04578883515131	0.00442794476088521
240	MvSl-1064-A1-R4_MC03g05222	-3.42306118718343	5.19070913575018e-19
241	MvSl-1064-A1-R4_MC03g05247	-0.750324912891741	0.00930048664748863
242	MvSl-1064-A1-R4_MC03g05252	-0.673639586307369	0.0316523827224112
243	MvSl-1064-A1-R4_MC03g05259	-1.30073334262554	0.00873784741497471
244	MvSl-1064-A1-R4_MC04-1g05285	-1.25598956344676	0.000467122375141329
245	MvSl-1064-A1-R4_MC04-1g05292	-1.82557010341963	7.64618755262908e-05
246	MvSl-1064-A1-R4_MC04-1g05308	-0.764860496596248	0.0431595044011427
247	MvSl-1064-A1-R4_MC04-1g05335	-1.58928844860346	0.00288619844954182
248	MvSl-1064-A1-R4_MC04-1g05345	-0.749767516603477	0.0305797599646317
249	MvSl-1064-A1-R4_MC04-1g05439	-0.826557559903935	0.0415798168856623
250	MvSl-1064-A1-R4_MC04-1g05444	-1.15637814718749	0.00442794476088521
251	MvSl-1064-A1-R4_MC04-1g05452	-0.837013088994983	0.00209340286087539
252	MvSl-1064-A1-R4_MC04-1g05471	-1.75695190386523	1.06690517244544e-11
253	MvSl-1064-A1-R4_MC04-1g05478	-0.750582514590391	0.038124220871621
254	MvSl-1064-A1-R4_MC04-1g05525	-0.746823461193751	0.0159411460305935
255	MvSl-1064-A1-R4_MC04-1g05558	-0.597472099339553	0.0489357948047142
256	MvSl-1064-A1-R4_MC04-1g05563	-1.02448949830277	0.00870489429190025
257	MvSl-1064-A1-R4_MC04-1g05564	-1.39388320331917	4.15353424382719e-05
258	MvSl-1064-A1-R4_MC04-1g05578	-0.673026086872638	0.0462686458302309
259	MvSl-1064-A1-R4_MC04-1g05583	-1.84809573207808	4.15889139841362e-09
260	MvSl-1064-A1-R4_MC04-1g05592	-0.824159718022686	0.0104800361222766
261	MvSl-1064-A1-R4_MC04-1g05603	-1.62894939376193	1.35438472056454e-08
262	MvSl-1064-A1-R4_MC04-1g05618	-1.60082674648343	1.90239481191425e-06
263	MvSl-1064-A1-R4_MC04-1g05620	-0.770514051662545	0.0100059648216482
264	MvSl-1064-A1-R4_MC04-1g05636	-1.68371917883952	0.000523907815887324
265	MvSl-1064-A1-R4_MC04-1g05637	-1.97776634203746	5.57583473639817e-16
266	MvSl-1064-A1-R4_MC04-1g05648	-1.16527368696476	2.10931783301459e-05
267	MvSl-1064-A1-R4_MC04-1g05661	-0.945507827409652	0.00485831235040661
268	MvSl-1064-A1-R4_MC04-1g05673	-0.843659947215557	0.0285677624082355
269	MvSl-1064-A1-R4_MC04-1g05675	-0.987461641492494	0.0263589837717371
270	MvSl-1064-A1-R4_MC04-1g05682	-1.35181577004534	0.000884044977809061
271	MvSl-1064-A1-R4_MC04-1g05725	-1.33749621185822	0.00209966987085624
272	MvSl-1064-A1-R4_MC04-1g05732	-0.809921593414546	0.0316224084607238
273	MvSl-1064-A1-R4_MC04-1g05735	-0.846200899782679	0.00805802977261129
274	MvSl-1064-A1-R4_MC04-1g05737	-0.809964108171488	0.00721784606408708
275	MvSl-1064-A1-R4_MC04-1g05754	-0.699522445758706	0.00991963901013487
276	MvSl-1064-A1-R4_MC04-1g05756	-0.781143302715294	0.0297523040246972
277	MvSl-1064-A1-R4_MC04-1g05794	-1.12522746151412	0.00085373469607219
278	MvSl-1064-A1-R4_MC04-1g05826	-1.71161323194591	0.000785173448493587
279	MvSl-1064-A1-R4_MC04-1g05858	-2.25712232110343	1.56133612112785e-12
280	MvSl-1064-A1-R4_MC04-1g05861	-0.996342724813349	0.0136512598000166
281	MvSl-1064-A1-R4_MC04-1g05863	-1.64117328293494	0.000125931993193234
282	MvSl-1064-A1-R4_MC04-1g05868	-0.802637824358715	0.00924781919411102
283	MvSl-1064-A1-R4_MC04-1g05870	-0.799461645760004	0.00266988218533201
284	MvSl-1064-A1-R4_MC04-1g05886	-0.682976779869023	0.038835275814077
285	MvSl-1064-A1-R4_MC04-1g05937	-1.50624876219722	7.89502996855767e-05
286	MvSl-1064-A1-R4_MC04-1g05943	-0.624377610882402	0.0428334185921525
287	MvSl-1064-A1-R4_MC04-1g05972	-0.830091284290628	0.0250813994948734
288	MvSl-1064-A1-R4_MC04-1g06011	-0.778631777370684	0.0100584061284158
289	MvSl-1064-A1-R4_MC04-1g06018	-0.877956802875872	0.025293315362648
290	MvSl-1064-A1-R4_MC04-1g06019	-1.15939176405455	0.0168804238230148
291	MvSl-1064-A1-R4_MC04-1g06039	-1.70741799199235	2.35328693003872e-05
292	MvSl-1064-A1-R4_MC04-1g06040	-1.40507195903978	0.001285546838132
293	MvSl-1064-A1-R4_MC04-1g06041	-1.3946661586431	0.000202770376655346
294	MvSl-1064-A1-R4_MC04-1g06048	-1.1854250139806	5.38504705182788e-05
295	MvSl-1064-A1-R4_MC04-1g06052	-1.5319473741091	1.24744468801368e-09
296	MvSl-1064-A1-R4_MC04-1g06053	-1.46463752732468	0.000426606392892905
297	MvSl-1064-A1-R4_MC04-1g06054	-1.39846886132167	1.73034773369623e-05
298	MvSl-1064-A1-R4_MC04-1g06067	-0.869198396673069	0.0224429770555792
299	MvSl-1064-A1-R4_MC04-1g06069	-3.14235255854932	1.04586318131468e-17
300	MvSl-1064-A1-R4_MC04-2g06086	-1.8527755994471	1.64474766894136e-10
301	MvSl-1064-A1-R4_MC05-1g06137	-1.34564824593639	0.00980842498372649
302	MvSl-1064-A1-R4_MC05-1g06189	-1.01535172927753	0.000362070642692443
303	MvSl-1064-A1-R4_MC05-1g06196	-1.24085095812361	0.0196050451886072
304	MvSl-1064-A1-R4_MC05-1g06216	-0.767453165360021	0.0108196778648856
305	MvSl-1064-A1-R4_MC05-1g06225	-0.676328820023114	0.0195144626339562
306	MvSl-1064-A1-R4_MC05-1g06258	-0.79384835733698	0.0211961114538378
307	MvSl-1064-A1-R4_MC05-2g06374	-2.02970355182365	0.0142354027849184
308	MvSl-1064-A1-R4_MC05-2g06401	-0.867289971957175	0.00185826291181429
309	MvSl-1064-A1-R4_MC05-2g06426	-0.949976963880597	0.000633543340154727
310	MvSl-1064-A1-R4_MC05-2g06447	-1.92199524246487	0.00616741729093175
311	MvSl-1064-A1-R4_MC05-2g06478	-0.707431880305032	0.0160033993509532
312	MvSl-1064-A1-R4_MC05-3g06507	-0.904052347423666	0.00124456694397702
313	MvSl-1064-A1-R4_MC05-3g06526	-1.11788124566289	0.000286991749024583
314	MvSl-1064-A1-R4_MC05-3g06544	-1.19521312722684	0.00102334375742473
315	MvSl-1064-A1-R4_MC05-3g06556	-0.822006073914148	0.00313741665104909
316	MvSl-1064-A1-R4_MC05-3g06573	-0.927729115120106	0.0175191088707747
317	MvSl-1064-A1-R4_MC05-3g06586	-1.18025143385095	8.77534318754319e-06
318	MvSl-1064-A1-R4_MC05-3g06663	-1.30910079096272	0.000175106654888036
319	MvSl-1064-A1-R4_MC05-3g06702	-0.734360992648855	0.0355447970666965
320	MvSl-1064-A1-R4_MC05-3g06703	-1.03021018488451	0.000400477916644986
321	MvSl-1064-A1-R4_MC05-3g06706	-1.41110169257779	4.14417155068576e-05
322	MvSl-1064-A1-R4_MC05-3g06723	-1.36540909311937	9.47644048725424e-08
323	MvSl-1064-A1-R4_MC05-3g06762	-1.12725184490702	0.00191791018652479
324	MvSl-1064-A1-R4_MC05-3g06780	-0.660430442261107	0.0195696122604576
325	MvSl-1064-A1-R4_MC05-3g06795	-1.14528001033343	0.0103264861979231
326	MvSl-1064-A1-R4_MC05-3g06822	-0.703970373976261	0.0268541215354978
327	MvSl-1064-A1-R4_MC06g06890	-1.7424163485877	0.000336555425313264
328	MvSl-1064-A1-R4_MC06g06903	-0.857691236185737	0.00108268579781782
329	MvSl-1064-A1-R4_MC06g06913	-2.13550785122239	0.00178252528237067
330	MvSl-1064-A1-R4_MC06g06914	-0.847935796390252	0.00255884510016394
331	MvSl-1064-A1-R4_MC06g06951	-0.794831960465144	0.00427674949869551
332	MvSl-1064-A1-R4_MC06g06955	-1.77391847118457	1.09150237755872e-06
333	MvSl-1064-A1-R4_MC06g06956	-1.24057382065631	0.000714585095258725
334	MvSl-1064-A1-R4_MC06g06957	-0.828836875800174	0.00281615551196103
335	MvSl-1064-A1-R4_MC06g06962	-0.992639904699215	0.000319958473120582
336	MvSl-1064-A1-R4_MC06g06978	-0.884365080683796	0.000727182450769956
337	MvSl-1064-A1-R4_MC06g06992	-0.78507210356395	0.0408520980424993
338	MvSl-1064-A1-R4_MC06g06994	-1.26211215879044	0.000581182861080183
339	MvSl-1064-A1-R4_MC06g07006	-0.80443861250474	0.0433986273058963
340	MvSl-1064-A1-R4_MC06g07029	-0.990253631845768	0.00642988814558726
341	MvSl-1064-A1-R4_MC06g07030	-1.30501684577943	7.01847027113028e-05
342	MvSl-1064-A1-R4_MC06g07037	-0.890923219575085	0.00160351186556615
343	MvSl-1064-A1-R4_MC06g07077	-1.94819751172435	0.000333766504805384
344	MvSl-1064-A1-R4_MC06g07102	-2.07899419019455	0.00677612510136891
345	MvSl-1064-A1-R4_MC06g07133	-1.31827812600333	4.47115589826473e-08
346	MvSl-1064-A1-R4_MC06g07160	-1.72896143951176	1.76339675239007e-08
347	MvSl-1064-A1-R4_MC06g07161	-1.75489108534122	3.98187020886595e-05
348	MvSl-1064-A1-R4_MC06g07170	-1.08011434342282	0.00124456694397702
349	MvSl-1064-A1-R4_MC06g07173	-0.735716276552449	0.00924781919411102
350	MvSl-1064-A1-R4_MC06g07188	-0.723283725128269	0.0361764183399127
351	MvSl-1064-A1-R4_MC06g07201	-0.862185899519329	0.0296277527885995
352	MvSl-1064-A1-R4_MC06g07255	-1.22924255321616	2.69477512045216e-06
353	MvSl-1064-A1-R4_MC06g07268	-1.19586817703053	0.0095678018141341
354	MvSl-1064-A1-R4_MC06g07269	-0.792952093665154	0.017889321568473
355	MvSl-1064-A1-R4_MC06g07286	-1.01696476458355	0.00637507401837403
356	MvSl-1064-A1-R4_MC06g07288	-1.51032086415203	6.84776449617284e-06
357	MvSl-1064-A1-R4_MC06g07294	-4.18760435782922	9.1309346945558e-10
358	MvSl-1064-A1-R4_MC06g07301	-0.914095188905917	0.00198373310865873
359	MvSl-1064-A1-R4_MC06g07303	-1.32128444441211	1.48626207178639e-06
360	MvSl-1064-A1-R4_MC06g07339	-0.719546899627943	0.0459738002090711
361	MvSl-1064-A1-R4_MC06g07353	-1.05449486353955	0.00284191492176342
362	MvSl-1064-A1-R4_MC06g07354	-1.31281596970408	0.0136087975637429
363	MvSl-1064-A1-R4_MC06g07355	-1.32671900112877	0.00942631117434634
364	MvSl-1064-A1-R4_MC06g07358	-1.29374557760888	3.60054541312506e-06
365	MvSl-1064-A1-R4_MC06g07382	-1.08445528818521	0.00119308548411423
366	MvSl-1064-A1-R4_MC06g07399	-0.997776247632191	0.0377275022434041
367	MvSl-1064-A1-R4_MC06g07432	-0.97649072247013	0.0185170968284898
368	MvSl-1064-A1-R4_MC06g07451	-1.53568750894794	2.23317409332548e-06
369	MvSl-1064-A1-R4_MC06g07457	-1.21628981065448	4.75398950614375e-05
370	MvSl-1064-A1-R4_MC06g07472	-0.909161084973684	0.0469907642970849
371	MvSl-1064-A1-R4_MC06g07504	-1.0810678368246	0.00266988218533201
372	MvSl-1064-A1-R4_MC06g07507	-1.77706725709633	0.0302044817847301
373	MvSl-1064-A1-R4_MC06g07527	-1.25971134231134	0.000261164034495197
374	MvSl-1064-A1-R4_MC07g07567	-1.0687672290678	0.00154133821435527
375	MvSl-1064-A1-R4_MC07g07589	-1.24704229215975	0.00127173408304563
376	MvSl-1064-A1-R4_MC07g07613	-1.09892806492957	0.00147147713967233
377	MvSl-1064-A1-R4_MC07g07614	-0.709533620613617	0.0366101707947007
378	MvSl-1064-A1-R4_MC07g07637	-1.28536267703187	0.00153335630888624
379	MvSl-1064-A1-R4_MC07g07715	-1.1453754148952	0.000113956059613116
380	MvSl-1064-A1-R4_MC07g07721	-0.738972327154547	0.00570260005938667
381	MvSl-1064-A1-R4_MC07g07734	-0.805465438955313	0.00334712240955157
382	MvSl-1064-A1-R4_MC07g07745	-1.49697713194095	8.77534318754319e-06
383	MvSl-1064-A1-R4_MC07g07798	-1.07069735968472	6.98228610410661e-05
384	MvSl-1064-A1-R4_MC07g07800	-0.634985012493152	0.0344162805349355
385	MvSl-1064-A1-R4_MC07g07808	-0.687284160614098	0.0214633113560871
386	MvSl-1064-A1-R4_MC07g07832	-0.882214821647185	0.00314259085330335
387	MvSl-1064-A1-R4_MC07g07833	-0.805980906366361	0.0143272281990485
388	MvSl-1064-A1-R4_MC07g07856	-1.50102294261015	1.2358147780432e-05
389	MvSl-1064-A1-R4_MC07g07882	-1.30551004961418	2.86009159389874e-07
390	MvSl-1064-A1-R4_MC07g07916	-1.02170796767106	1.6732974867525e-05
391	MvSl-1064-A1-R4_MC07g07953	-1.24770860966175	4.26788048319104e-05
392	MvSl-1064-A1-R4_MC07g07958	-1.06780545994684	0.000534355185248129
393	MvSl-1064-A1-R4_MC07g07959	-0.952854027794362	0.00627837963912105
394	MvSl-1064-A1-R4_MC07g07960	-1.5974400656539	0.00544532370376166
395	MvSl-1064-A1-R4_MC07g07961	-3.82490602279992	2.01494963070029e-10
396	MvSl-1064-A1-R4_MC07g08004	-2.99176288529348	4.6281663319321e-23
397	MvSl-1064-A1-R4_MC07g08016	-0.797543224248977	0.0136962555112001
398	MvSl-1064-A1-R4_MC07g08018	-0.664857427159571	0.0327241890737495
399	MvSl-1064-A1-R4_MC07g08066	-0.708482269979511	0.0108380040839183
400	MvSl-1064-A1-R4_MC07g08067	-1.54325178000452	4.47115589826473e-08
401	MvSl-1064-A1-R4_MC07g08085	-1.08765799978238	0.000347963697408716
402	MvSl-1064-A1-R4_MC07g08091	-1.38332774752336	3.98187020886595e-05
403	MvSl-1064-A1-R4_MC07g08118	-1.33324533914258	1.32745395166413e-05
404	MvSl-1064-A1-R4_MC07g08180	-1.18546919463961	0.0301245341698812
405	MvSl-1064-A1-R4_MC07g08181	-0.928039734480101	0.0122659016907931
406	MvSl-1064-A1-R4_MC08g08281	-1.18270544460186	2.4432379062099e-06
407	MvSl-1064-A1-R4_MC08g08301	-0.791896778815157	0.00652617926413097
408	MvSl-1064-A1-R4_MC08g08415	-1.12223179613066	0.000163610034441025
409	MvSl-1064-A1-R4_MC08g08442	-0.740970535854257	0.032677246888987
410	MvSl-1064-A1-R4_MC08g08445	-0.765212578469772	0.00554386811317948
411	MvSl-1064-A1-R4_MC08g08464	-0.782390367738642	0.00443672103605297
412	MvSl-1064-A1-R4_MC08g08498	-1.57193040408712	0.0173639264331483
413	MvSl-1064-A1-R4_MC08g08506	-1.50869600213684	8.74576492942218e-06
414	MvSl-1064-A1-R4_MC08g08542	-0.780249469652987	0.0230786657984158
415	MvSl-1064-A1-R4_MC08g08559	-1.81591480816043	1.22030341549198e-11
416	MvSl-1064-A1-R4_MC08g08587	-0.608501011341155	0.0466060011121113
417	MvSl-1064-A1-R4_MC08g08592	-1.28396800611075	9.42896324953412e-06
418	MvSl-1064-A1-R4_MC08g08597	-1.60833521187841	1.79989925217718e-06
419	MvSl-1064-A1-R4_MC08g08598	-0.988627943168555	0.0309455180436718
420	MvSl-1064-A1-R4_MC08g08623	-0.815634272209567	0.0107479430502491
421	MvSl-1064-A1-R4_MC08g08654	-0.657342880612711	0.0342043920753918
422	MvSl-1064-A1-R4_MC08g08675	-1.6210537621058	1.91295664638129e-07
423	MvSl-1064-A1-R4_MC08g08687	-1.46276865695547	0.00015129246541787
424	MvSl-1064-A1-R4_MC08g08709	-0.738062465771999	0.00766398254790314
425	MvSl-1064-A1-R4_MC08g08741	-1.22503892786763	1.99684058434888e-06
426	MvSl-1064-A1-R4_MC08g08751	-1.19601776092879	0.0393238432206174
427	MvSl-1064-A1-R4_MC08g08808	-1.23203829169323	0.00471862150726613
428	MvSl-1064-A1-R4_MC08g08828	-1.03003879224141	0.000476694786709356
429	MvSl-1064-A1-R4_MC08g08855	-1.49083283681494	0.02038240897821
430	MvSl-1064-A1-R4_MC09-2g08932	-0.785851531186543	0.018104524558524
431	MvSl-1064-A1-R4_MC09-2g08956	-0.662926414705377	0.0202504475635541
432	MvSl-1064-A1-R4_MC09-2g08961	-1.60873013782092	3.5619424330848e-07
433	MvSl-1064-A1-R4_MC09-2g08991	-0.727742521424817	0.0108380040839183
434	MvSl-1064-A1-R4_MC09-2g09029	-1.11193978834867	0.000752867656154
435	MvSl-1064-A1-R4_MC09-2g09038	-0.640413389330584	0.0424291721555205
436	MvSl-1064-A1-R4_MC09-2g09053	-1.5257932434916	2.03200838371942e-09
437	MvSl-1064-A1-R4_MC09-2g09063	-1.87752260646291	0.0294516099442068
438	MvSl-1064-A1-R4_MC09-2g09067	-6.97414992140912	2.12259903181937e-109
439	MvSl-1064-A1-R4_MC09-2g09105	-1.37925016944289	1.16168254788781e-06
440	MvSl-1064-A1-R4_MC09-2g09146	-1.14977785338077	3.44619431530961e-05
441	MvSl-1064-A1-R4_MC09-2g09152	-1.14656325401769	4.80561656457951e-05
442	MvSl-1064-A1-R4_MC09-2g09178	-3.84132449408259	0.000323546651834526
443	MvSl-1064-A1-R4_MC09-2g09190	-1.22313774148172	8.73842370729477e-05
444	MvSl-1064-A1-R4_MC09-2g09208	-0.969858955757742	0.0298974252038269
445	MvSl-1064-A1-R4_MC09-2g09263	-1.21588490558936	6.40636679729931e-06
446	MvSl-1064-A1-R4_MC09-2g09276	-0.948874786035982	0.0054353469591214
447	MvSl-1064-A1-R4_MC09-2g09299	-1.28035596850355	0.000254593266601304
448	MvSl-1064-A1-R4_MC09-2g09409	-0.823138395330844	0.0131175187162542
449	MvSl-1064-A1-R4_MC09-2g09412	-0.723597150115351	0.0238979694527798
450	MvSl-1064-A1-R4_MC09-2g09419	-0.750246744240312	0.0135025648285951
451	MvSl-1064-A1-R4_MC09-2g09443	-0.67792238598683	0.0475929898002145
452	MvSl-1064-A1-R4_MC09-2g09464	-1.44191303265577	2.11239063277507e-06
453	MvSl-1064-A1-R4_MC09-2g09524	-2.22714062989906	6.37181901255832e-18
454	MvSl-1064-A1-R4_MC09-2g09550	-0.950045210365501	0.00256961541798146
455	MvSl-1064-A1-R4_MC10-1g09621	-0.88460815969997	0.0440932347419004
456	MvSl-1064-A1-R4_MC10-1g09635	-0.831679817904513	0.00277844917766491
457	MvSl-1064-A1-R4_MC10-1g09636	-1.30012449832426	0.000253905459991562
458	MvSl-1064-A1-R4_MC10-1g09666	-1.32786443480429	1.16168254788781e-06
459	MvSl-1064-A1-R4_MC10-1g09671	-1.51056956585836	0.00367539596405041
460	MvSl-1064-A1-R4_MC10-1g09675	-0.800396193743109	0.0251875416413779
461	MvSl-1064-A1-R4_MC10-1g09676	-0.921268785276712	0.0185170968284898
462	MvSl-1064-A1-R4_MC10-1g09717	-0.904051606930223	0.00213592316804878
463	MvSl-1064-A1-R4_MC10-1g09854	-5.1638171501059	2.62380795376246e-14
464	MvSl-1064-A1-R4_MC10-2g09927	-1.1359932261024	0.00116118203779888
465	MvSl-1064-A1-R4_MC10-2g09960	-0.606902444327439	0.0283441893307731
466	MvSl-1064-A1-R4_MC10-2g09963	-1.04684483507451	0.0284197587725957
467	MvSl-1064-A1-R4_MC10-2g09967	-1.14402212088845	0.000379147880257597
468	MvSl-1064-A1-R4_MC10-2g10017	-0.908419011299204	0.015304154424094
469	MvSl-1064-A1-R4_MC10-2g10028	-0.895187940147872	0.0208525936808322
470	MvSl-1064-A1-R4_MC10-2g10030	-0.772432305363582	0.00904632227493556
471	MvSl-1064-A1-R4_MC10-2g10043	-0.76927030940201	0.0087765024818034
472	MvSl-1064-A1-R4_MC10-2g10065	-0.65661083845749	0.018447423304475
473	MvSl-1064-A1-R4_MC10-2g10067	-2.80801523962652	3.66724363433122e-08
474	MvSl-1064-A1-R4_MC10-2g10079	-0.845257269472105	0.0426673246479061
475	MvSl-1064-A1-R4_MC10-2g10085	-0.579579251678134	0.0390300936110682
476	MvSl-1064-A1-R4_MC10-2g10086	-0.914629648924358	0.0108548762469347
477	MvSl-1064-A1-R4_MC10-2g10132	-1.68805873616656	1.92861779587678e-11
478	MvSl-1064-A1-R4_MC10-2g10134	-2.60598392146673	5.51203460660475e-05
479	MvSl-1064-A1-R4_MC11g10208	-0.847205396126145	0.00142382420968838
480	MvSl-1064-A1-R4_MC11g10248	-1.43206511743477	0.000457572389622019
481	MvSl-1064-A1-R4_MC11g10250	-0.976050699801332	0.00566439799797336
482	MvSl-1064-A1-R4_MC11g10252	-1.75469833016985	1.39561207112556e-08
483	MvSl-1064-A1-R4_MC11g10255	-2.00219668490473	4.18128822577912e-11
484	MvSl-1064-A1-R4_MC11g10259	-0.841119973994456	0.0301245341698812
485	MvSl-1064-A1-R4_MC11g10284	-1.83494690710957	5.25625559522909e-05
486	MvSl-1064-A1-R4_MC11g10304	-1.49582197860904	6.68492010494155e-08
487	MvSl-1064-A1-R4_MC11g10339	-1.29820279082117	0.00532309511152463
488	MvSl-1064-A1-R4_MC11g10340	-1.24418593556876	0.0100584061284158
489	MvSl-1064-A1-R4_MC11g10341	-1.05637701112373	0.00363516652208732
490	MvSl-1064-A1-R4_MC11g10354	-1.42904846996461	1.15874090104754e-07
491	MvSl-1064-A1-R4_MC11g10372	-1.81577546507282	0.0148968788067214
492	MvSl-1064-A1-R4_MC11g10387	-0.73245233955863	0.0153049218314996
493	MvSl-1064-A1-R4_MC11g10388	-0.737339512811436	0.0201267729247023
494	MvSl-1064-A1-R4_MC11g10418	-0.610752755828989	0.0458103185191011
495	MvSl-1064-A1-R4_MC11g10428	-1.32058506227747	7.51825853551486e-08
496	MvSl-1064-A1-R4_MC11g10443	-0.737706520662271	0.0385636412974289
497	MvSl-1064-A1-R4_MC11g10452	-0.769694518067322	0.0365485477760936
498	MvSl-1064-A1-R4_MC11g10477	-1.46226176277996	0.000338399640722261
499	MvSl-1064-A1-R4_MC11g10509	-1.22949925531558	5.28541553618001e-06
500	MvSl-1064-A1-R4_MC11g10542	-0.794857714069531	0.00768313766595476
501	MvSl-1064-A1-R4_MC11g10543	-1.40239969803932	3.96925160273134e-06
502	MvSl-1064-A1-R4_MC11g10620	-2.33431103064707	4.68666704308018e-14
503	MvSl-1064-A1-R4_MC11g10627	-3.1110085532522	3.27950968283624e-26
504	MvSl-1064-A1-R4_MC11g10628	-1.41586169528785	0.0404988906452977
505	MvSl-1064-A1-R4_MC11g10630	-1.58593268664573	0.0053986238702198
506	MvSl-1064-A1-R4_MC11g10640	-1.05192560539055	0.00945012561284988
507	MvSl-1064-A1-R4_MC11g10722	-1.22380773729197	4.21426670004199e-05
508	MvSl-1064-A1-R4_MC11g10730	-2.25185430683576	0.00367539596405041
509	MvSl-1064-A1-R4_MC12g10761	-0.92297099234358	0.0167531432012571
510	MvSl-1064-A1-R4_MC12g10763	-0.928019638471587	0.000606911853315354
511	MvSl-1064-A1-R4_MC12g10771	-0.943424617911749	0.00109902894883815
512	MvSl-1064-A1-R4_MC12g10776	-1.63082943324828	0.000294845567673786
513	MvSl-1064-A1-R4_MC12g10784	-1.06637190198597	0.000122481569631598
514	MvSl-1064-A1-R4_MC12g10785	-1.05765276966247	0.00215843661882116
515	MvSl-1064-A1-R4_MC12g10791	-0.636330067584333	0.0295144447411567
516	MvSl-1064-A1-R4_MC12g10806	-1.22786463351671	3.96925160273134e-06
517	MvSl-1064-A1-R4_MC12g10811	-0.903957394779021	0.00493043229050022
518	MvSl-1064-A1-R4_MC12g10813	-1.56295301872942	1.48110005316203e-06
519	MvSl-1064-A1-R4_MC12g10833	-1.33009601726213	5.99807926680962e-05
520	MvSl-1064-A1-R4_MC12g10920	-1.56947707760207	0.00462624874588573
521	MvSl-1064-A1-R4_MC12g10922	-1.78703265744185	0.00808717991889731
522	MvSl-1064-A1-R4_MC12g10930	-0.661041814208998	0.0330508316080277
523	MvSl-1064-A1-R4_MC12g10942	-0.66571927479645	0.0199442988356208
524	MvSl-1064-A1-R4_MC12g10945	-0.934225501534373	0.0464301022707177
525	MvSl-1064-A1-R4_MC12g10958	-1.93854955824409	3.51900156047548e-12
526	MvSl-1064-A1-R4_MC12g10973	-0.868985582519604	0.00795797125265546
527	MvSl-1064-A1-R4_MC12g11013	-1.41937682022937	1.05381177099617e-05
528	MvSl-1064-A1-R4_MC12g11016	-1.19206583286334	0.00021041785457701
529	MvSl-1064-A1-R4_MC12g11020	-0.938277199227152	0.000723380513053618
530	MvSl-1064-A1-R4_MC12g11028	-1.61901532100951	2.49633377353593e-06
531	MvSl-1064-A1-R4_MC12g11063	-0.7138710371349	0.0116408330763592
532	MvSl-1064-A1-R4_MC12g11112	-3.23785984906129	6.37181901255832e-18
533	MvSl-1064-A1-R4_MC12g11122	-0.697698120818669	0.0366619772755403
534	MvSl-1064-A1-R4_MC12g11132	-1.13085864194259	0.0318273457977943
535	MvSl-1064-A1-R4_MC12g11133	-4.14498507304085	6.94766667249686e-08
536	MvSl-1064-A1-R4_MC12g11167	-1.40140989804466	0.00426714428014626
537	MvSl-1064-A1-R4_MC12g11182	-1.57418122801769	0.0130480202928121
538	MvSl-1064-A1-R4_MC12g11228	-2.41379852943149	6.41750501212855e-12
539	MvSl-1064-A1-R4_MC12g11232	-1.22949092788937	1.20737485661244e-06
540	MvSl-1064-A1-R4_MC12g11240	-1.10178714314695	0.00554386811317948
541	MvSl-1064-A1-R4_MC12g11259	-0.885698051684658	0.0171269454244433
542	MvSl-1064-A1-R4_MC13g11301	-3.2286350256588	1.16752739380303e-09
543	MvSl-1064-A1-R4_MC13g11324	-1.13683078126559	0.00848996611004781
544	MvSl-1064-A1-R4_MC13g11334	-1.44327160913132	0.0271607525677076
545	MvSl-1064-A1-R4_MC13g11340	-1.05021692112611	0.00749134445887552
546	MvSl-1064-A1-R4_MC13g11406	-0.776877665232646	0.00673721055828481
547	MvSl-1064-A1-R4_MC13g11444	-1.5255677244847	6.66684407091551e-07
548	MvSl-1064-A1-R4_MC13g11449	-1.59203882194982	1.0039248928237e-07
549	MvSl-1064-A1-R4_MC13g11450	-1.01619924233177	0.00461824493472248
550	MvSl-1064-A1-R4_MC13g11451	-1.21779716624826	6.27604463293795e-06
551	MvSl-1064-A1-R4_MC13g11454	-1.53645540305256	7.83688308754525e-07
552	MvSl-1064-A1-R4_MC13g11459	-1.18684431850106	0.000651662442767878
553	MvSl-1064-A1-R4_MC13g11460	-0.637693439787288	0.0361764183399127
554	MvSl-1064-A1-R4_MC13g11488	-1.84590513197492	0.00387060546178851
555	MvSl-1064-A1-R4_MC13g11492	-1.14618713288849	0.00193738486070765
556	MvSl-1064-A1-R4_MC13g11522	-0.977575390843558	0.00196497588217317
557	MvSl-1064-A1-R4_MC13g11523	-1.59313585016588	7.89502996855767e-05
558	MvSl-1064-A1-R4_MC13g11524	-0.898828502714343	0.0244275484403812
559	MvSl-1064-A1-R4_MC13g11539	-0.634891614920094	0.0286601668156954
560	MvSl-1064-A1-R4_MC13g11575	-1.08843101835434	0.000372826605227077
561	MvSl-1064-A1-R4_MC13g11596	-2.29377298144092	4.17272702659815e-05
562	MvSl-1064-A1-R4_MC13g11607	-1.55853521410856	4.69830388375562e-08
563	MvSl-1064-A1-R4_MC13g11608	-1.3076138505022	0.000205986345648677
564	MvSl-1064-A1-R4_MC13g11615	-2.73447004423016	2.73784313926067e-07
565	MvSl-1064-A1-R4_MC13g11619	-1.31827887382126	1.47680304093406e-08
566	MvSl-1064-A1-R4_MC13g11636	-1.56774668371789	1.97166029951174e-06
567	MvSl-1064-A1-R4_MC13g11652	-0.659892160204331	0.020263877135554
568	MvSl-1064-A1-R4_MC13g11655	-1.16521429540889	0.000680579655095456
569	MvSl-1064-A1-R4_MC13g11661	-0.796928114487021	0.0126919468113022
570	MvSl-1064-A1-R4_MC13g11674	-1.02738825598541	0.00416235096759138
571	MvSl-1064-A1-R4_MC13g11688	-1.68521945438209	2.8740128105839e-07
572	MvSl-1064-A1-R4_MC13g11715	-1.03367905650524	0.00058022649751337
573	MvSl-1064-A1-R4_MC14g11735	-0.728063859753356	0.00554386811317948
574	MvSl-1064-A1-R4_MC14g11757	-1.50248786107396	0.0431163338976249
575	MvSl-1064-A1-R4_MC14g11788	-1.14774466106189	0.0294432002507147
576	MvSl-1064-A1-R4_MC14g11789	-1.35929528419563	0.00359008713815587
577	MvSl-1064-A1-R4_MC14g11804	-2.56946873221703	1.25642425270896e-16
578	MvSl-1064-A1-R4_MC14g11885	-1.01234617768182	0.00260830767954546
579	MvSl-1064-A1-R4_MC14g11899	-1.28154934285655	0.0067244916386729
580	MvSl-1064-A1-R4_MC14g11903	-0.862182567409934	0.0322898357282192
581	MvSl-1064-A1-R4_MC14g11915	-3.1685663526882	0.00922112534413107
582	MvSl-1064-A1-R4_MC14g11922	-0.713104099244411	0.0382560606382392
583	MvSl-1064-A1-R4_MC14g11962	-1.37120041308333	3.98187020886595e-05
584	MvSl-1064-A1-R4_MC14g11983	-3.29750218952395	1.97166029951174e-06
585	MvSl-1064-A1-R4_MC15g12035	-0.934356136991701	0.0162983198035032
586	MvSl-1064-A1-R4_MC15g12036	-1.30745804827959	0.0136887059618584
587	MvSl-1064-A1-R4_MC15g12049	-3.75113327591959	3.00396806307525e-10
588	MvSl-1064-A1-R4_MC15g12071	-2.33253184293984	0.000272512619868056
589	MvSl-1064-A1-R4_MC15g12113	-1.19617103238779	1.22493595093092e-06
590	MvSl-1064-A1-R4_MC15g12133	-2.01592488411097	1.55631590231142e-05
591	MvSl-1064-A1-R4_MC15g12148	-10.5841666858707	3.24716169741247e-25
592	MvSl-1064-A1-R4_MC16g12184	-0.996877654777769	0.000318970458470204
593	MvSl-1064-A1-R4_MC17g12234	-0.876247866301452	0.00387338759328359
