gene	logFC	FDR
1	MvSl-1064-A1-R4_A1g00010	1.23654272656974	0.0115604606050775
2	MvSl-1064-A1-R4_A1g00014	3.08193560009518	0.000133818902557475
3	MvSl-1064-A1-R4_A1g00015	3.12488595971769	0.00102169579900926
4	MvSl-1064-A1-R4_A1g00016	3.04083066560822	0.000997788976736887
5	MvSl-1064-A1-R4_A1g00021	3.12038893912181	6.67480615757622e-10
6	MvSl-1064-A1-R4_A1g00027	1.5513923862645	0.00334943261159416
7	MvSl-1064-A1-R4_A1g00029	1.76196699277755	9.92697241709091e-06
8	MvSl-1064-A1-R4_A1g00030	0.953058257179038	0.00265850334682947
9	MvSl-1064-A1-R4_A1g00035	1.47671860145982	0.0232614183191063
10	MvSl-1064-A1-R4_A1g00052	1.58021616919764	0.0172430248890209
11	MvSl-1064-A1-R4_A1g00073	2.02588825583004	0.00906092751207973
12	MvSl-1064-A1-R4_A1g00074	0.818129573086044	0.00972708810753289
13	MvSl-1064-A1-R4_A1g00081	1.71063200911828	0.00766206682655998
14	MvSl-1064-A1-R4_A1g00367	0.712333575995919	0.0480264544086277
15	MvSl-1064-A1-R4_A1g00375	5.0786268772223	1.31717619754718e-22
16	MvSl-1064-A1-R4_A1g00209	1.01506437420044	0.00193738486070765
17	MvSl-1064-A1-R4_A1g00800	0.929544721394153	0.000976791317569924
18	MvSl-1064-A1-R4_A1g00641	2.21006890107848	1.48626207178639e-06
19	MvSl-1064-A1-R4_A1g00492	2.15896982537408	6.14081302988504e-07
20	MvSl-1064-A1-R4_A1g00379	3.09605015846789	1.15455323416543e-05
21	MvSl-1064-A1-R4_A1g00757	1.84061607685014	0.00745935258875748
22	MvSl-1064-A1-R4_A1g00594	3.49115737257629	3.18890007757881e-08
23	MvSl-1064-A1-R4_A1g00749	1.84105818687529	4.15889139841362e-09
24	MvSl-1064-A1-R4_A1g00635	4.93079534812209	3.38089378697775e-21
25	MvSl-1064-A1-R4_A1g00270	0.93342655442273	0.0134093213657269
26	MvSl-1064-A1-R4_A1g00441	0.710310439683742	0.0229296591122895
27	MvSl-1064-A1-R4_A1g00327	0.93525137926892	0.016236207406156
28	MvSl-1064-A1-R4_A1g01161	0.909197437335755	0.00153335630888624
29	MvSl-1064-A1-R4_A1g00522	3.56895299006836	3.44562405700896e-08
30	MvSl-1064-A1-R4_A1g00312	0.954748677657932	0.000212604357492958
31	MvSl-1064-A1-R4_A1g00842	0.766552442226198	0.012900281300426
32	MvSl-1064-A1-R4_A1g00193	1.2343033333435	2.88302128240043e-06
33	MvSl-1064-A1-R4_MC03g04896	1.04599513524693	0.000166485645639209
34	MvSl-1064-A1-R4_A1g01359	1.59163313317918	1.71867746022245e-10
35	MvSl-1064-A1-R4_A1g01384	0.952399504276301	0.00509257722836123
36	MvSl-1064-A1-R4_A1g00958	0.727784628330839	0.0108855573207751
37	MvSl-1064-A1-R4_A1g00960	0.847681785909374	0.00619608233873318
38	MvSl-1064-A1-R4_A1g00513	0.636356630599167	0.0356308755961676
39	MvSl-1064-A1-R4_A1g00971	0.91752656113925	0.00265991424762959
40	MvSl-1064-A1-R4_A1g01219	2.0411986298292	3.25607356287722e-10
41	MvSl-1064-A1-R4_A1g00516	1.05797537519829	3.58029882721199e-05
42	MvSl-1064-A1-R4_A1g01164	0.688522456060305	0.0210938228399583
43	MvSl-1064-A1-R4_A1g00495	2.19063033512604	4.01915338384341e-19
44	MvSl-1064-A1-R4_A1g01481	1.4774326779695	0.0321595888327808
45	MvSl-1064-A1-R4_A1g01484	1.59130312841136	0.0130045946017636
46	MvSl-1064-A1-R4_A1g01487	0.999160928672074	9.28874489475965e-05
47	MvSl-1064-A1-R4_A1g01508	0.820525732612565	0.0113227975798066
48	MvSl-1064-A1-R4_A1g00003	1.56618337384066	0.00511528761131301
49	MvSl-1064-A1-R4_MC09-2g09580	1.80079566361545	0.000824934498020745
50	MvSl-1064-A1-R4_MC12g11286	1.26674768848381	0.000838358491113323
51	MvSl-1064-A1-R4_MC01-1g01742	0.679003932125434	0.018165645551491
52	MvSl-1064-A1-R4_MC01-1g01788	0.700347031813126	0.0382175898764424
53	MvSl-1064-A1-R4_MC01-1g01789	0.944515894540997	0.000838358491113323
54	MvSl-1064-A1-R4_MC01-1g01790	0.714784315608154	0.0309735178255839
55	MvSl-1064-A1-R4_MC01-1g01818	0.86119451511779	0.0153504456892251
56	MvSl-1064-A1-R4_MC01-1g01821	2.22309066552615	0.00277844917766491
57	MvSl-1064-A1-R4_MC01-1g01876	0.811818653223043	0.00667122679369036
58	MvSl-1064-A1-R4_MC01-1g01880	1.0827576415156	0.000224257862001035
59	MvSl-1064-A1-R4_MC01-1g01888	1.38802284528072	0.0415048774739668
60	MvSl-1064-A1-R4_MC01-1g01937	1.25074561567565	0.00265850334682947
61	MvSl-1064-A1-R4_MC01-1g01939	0.891600305524792	0.00929413917268679
62	MvSl-1064-A1-R4_MC01-1g01954	0.695524772509274	0.0433986273058963
63	MvSl-1064-A1-R4_MC01-1g01967	0.902709667070038	0.00804088241530877
64	MvSl-1064-A1-R4_MC01-1g01976	1.36458089057397	0.000467534958935758
65	MvSl-1064-A1-R4_MC01-1g01978	1.58235451758848	0.00266988218533201
66	MvSl-1064-A1-R4_MC01-1g01988	0.784868147028915	0.0059927407245319
67	MvSl-1064-A1-R4_MC01-1g01993	1.6031021047202	3.56224694363276e-10
68	MvSl-1064-A1-R4_MC01-1g02022	1.43574318596594	0.000764191169455765
69	MvSl-1064-A1-R4_MC01-1g02095	0.73388046340301	0.0490836683310179
70	MvSl-1064-A1-R4_MC01-1g02112	0.69918667976818	0.019188333590501
71	MvSl-1064-A1-R4_MC01-1g02135	0.994087956096456	0.0066229195663213
72	MvSl-1064-A1-R4_MC01-1g02148	0.772372493091073	0.00639446270652607
73	MvSl-1064-A1-R4_MC01-1g02246	0.69858794794139	0.0157967033896631
74	MvSl-1064-A1-R4_MC01-1g02299	2.96028891115151	0.000237060397912804
75	MvSl-1064-A1-R4_MC01-1g02303	1.04073681943737	0.0122787669444053
76	MvSl-1064-A1-R4_MC01-1g02351	1.43005724491757	0.00075016478277501
77	MvSl-1064-A1-R4_MC01-1g02359	2.26956989474699	0.00870489429190025
78	MvSl-1064-A1-R4_MC01-1g02360	2.42236417048185	0.0198238235025232
79	MvSl-1064-A1-R4_MC01-1g02362	1.31317423408858	0.0448548524817352
80	MvSl-1064-A1-R4_MC01-1g02364	0.720992795000115	0.0167179599221243
81	MvSl-1064-A1-R4_MC01-1g02399	1.21857347961587	2.04493433554095e-05
82	MvSl-1064-A1-R4_MC01-1g02401	2.04031123559818	0.0182128951056172
83	MvSl-1064-A1-R4_MC01-1g02417	1.06342977127463	0.0262310673894093
84	MvSl-1064-A1-R4_MC01-1g02438	0.869204105533463	0.0067244916386729
85	MvSl-1064-A1-R4_MC01-1g02540	1.44322971074915	0.0175926411889416
86	MvSl-1064-A1-R4_MC01-1g02565	2.28406838285229	0.00281615551196103
87	MvSl-1064-A1-R4_MC01-1g02593	1.49236404190041	2.59863044537761e-06
88	MvSl-1064-A1-R4_MC01-1g02603	2.19969539027322	0.00195434877920243
89	MvSl-1064-A1-R4_MC01-1g02616	0.604789407624512	0.031391039674777
90	MvSl-1064-A1-R4_MC01-1g02684	0.801550640386372	0.032090945657117
91	MvSl-1064-A1-R4_MC01-1g02693	0.743998061184093	0.0489164039120879
92	MvSl-1064-A1-R4_MC01-1g02803	0.89871605666365	0.0125939194442003
93	MvSl-1064-A1-R4_MC01-1g02861	1.18208752138929	0.0355447970666965
94	MvSl-1064-A1-R4_MC01-2g02967	0.700571942730483	0.0376877224258872
95	MvSl-1064-A1-R4_MC01-2g02971	1.8154246405893	2.77960063747794e-06
96	MvSl-1064-A1-R4_MC01-2g02981	1.30482765842489	0.0353559752977996
97	MvSl-1064-A1-R4_MC01-2g03008	0.836329688791466	0.0139851905589845
98	MvSl-1064-A1-R4_MC01-2g03011	1.23425592330521	0.00119308548411423
99	MvSl-1064-A1-R4_MC01-2g03039	0.758264618444932	0.0135824690495806
100	MvSl-1064-A1-R4_MC01-2g03043	0.700877028287859	0.0424291721555205
101	MvSl-1064-A1-R4_MC01-2g03063	0.680752219515033	0.0300185027574065
102	MvSl-1064-A1-R4_MC01-2g03082	0.727361162465104	0.0114827175745933
103	MvSl-1064-A1-R4_MC01-2g03112	2.09990060547431	1.23735415099185e-08
104	MvSl-1064-A1-R4_MC01-2g03113	2.08078623995788	2.69477512045216e-06
105	MvSl-1064-A1-R4_MC01-2g03119	1.34721128904186	0.00642417020645176
106	MvSl-1064-A1-R4_MC01-2g03128	0.794097123756941	0.0309735178255839
107	MvSl-1064-A1-R4_MC01-2g03153	0.931087754916741	0.00544532370376166
108	MvSl-1064-A1-R4_MC01-2g03165	0.837762598014693	0.00873784741497471
109	MvSl-1064-A1-R4_MC01-2g03166	5.01963145949819	6.11357737843435e-11
110	MvSl-1064-A1-R4_MC02g03181	0.660185991497611	0.0320509982483936
111	MvSl-1064-A1-R4_MC02g03221	0.642481402991333	0.0331925604208064
112	MvSl-1064-A1-R4_MC02g03224	0.8192916646987	0.0101412282013786
113	MvSl-1064-A1-R4_MC02g03233	1.1472322147654	0.00578112797109353
114	MvSl-1064-A1-R4_MC02g03246	1.24813320605216	6.87023625776059e-06
115	MvSl-1064-A1-R4_MC02g03252	0.953303877873682	0.00554386811317948
116	MvSl-1064-A1-R4_MC02g03253	0.771260608610201	0.0274820063199015
117	MvSl-1064-A1-R4_MC02g03254	0.867979675582082	0.0041656190793949
118	MvSl-1064-A1-R4_MC02g03263	1.31533240436836	0.0139851905589845
119	MvSl-1064-A1-R4_MC02g03285	1.70811096406355	0.0289987198936553
120	MvSl-1064-A1-R4_MC02g03295	1.74379253315214	0.000809719250470715
121	MvSl-1064-A1-R4_MC02g03327	1.45000722177361	0.00460862068471617
122	MvSl-1064-A1-R4_MC02g03355	0.882869779214529	0.00938200741800022
123	MvSl-1064-A1-R4_MC02g03371	0.965963280988545	0.0102986972337794
124	MvSl-1064-A1-R4_MC02g03417	2.14909108964351	0.000261822898174177
125	MvSl-1064-A1-R4_MC02g03489	0.884287025230315	0.000524244653436335
126	MvSl-1064-A1-R4_MC02g03513	1.02239573766915	0.0145761187961015
127	MvSl-1064-A1-R4_MC02g03563	0.842542030507413	0.0462686458302309
128	MvSl-1064-A1-R4_MC02g03610	1.38077920091985	0.021873347853677
129	MvSl-1064-A1-R4_MC02g03613	1.31576346058054	9.41724921581736e-05
130	MvSl-1064-A1-R4_MC02g03621	0.628002361914586	0.0213717885971693
131	MvSl-1064-A1-R4_MC02g03658	1.03661717445085	0.0443757788825822
132	MvSl-1064-A1-R4_MC02g03672	2.73370293202232	0.00497923992985688
133	MvSl-1064-A1-R4_MC02g03684	0.696265460768155	0.0129610485041995
134	MvSl-1064-A1-R4_MC02g03699	1.03908708212032	0.00795797125265546
135	MvSl-1064-A1-R4_MC02g03700	1.06080151837378	0.000287361503168728
136	MvSl-1064-A1-R4_MC02g03722	1.28589792931502	1.69467237028967e-06
137	MvSl-1064-A1-R4_MC02g03759	0.715643028975636	0.0342390895883621
138	MvSl-1064-A1-R4_MC02g03837	0.773221007488186	0.00681360270494964
139	MvSl-1064-A1-R4_MC02g03860	1.36558287127526	0.0432940735676386
140	MvSl-1064-A1-R4_MC02g03913	1.12517936744388	0.000432279573537921
141	MvSl-1064-A1-R4_MC02g03950	1.33559724486223	0.0349413064757808
142	MvSl-1064-A1-R4_MC02g04017	2.31305090533335	0.0185170968284898
143	MvSl-1064-A1-R4_MC02g04039	0.776081447492864	0.0162823451276405
144	MvSl-1064-A1-R4_MC02g04042	0.819836391355302	0.0130793688795851
145	MvSl-1064-A1-R4_MC02g04045	1.25593118480117	0.0139851905589845
146	MvSl-1064-A1-R4_MC02g04062	0.653257808470186	0.0262501233863713
147	MvSl-1064-A1-R4_MC02g04097	2.0651726686535	0.00358644255427841
148	MvSl-1064-A1-R4_MC02g04151	0.618509277030366	0.0416359307513617
149	MvSl-1064-A1-R4_MC02g04181	1.5086237032453	0.00907503251117592
150	MvSl-1064-A1-R4_MC02g04234	0.9785228217631	0.00673721055828481
151	MvSl-1064-A1-R4_MC03g04306	0.716206957342514	0.0413724954743033
152	MvSl-1064-A1-R4_MC03g04353	0.717442983491063	0.0215649232336495
153	MvSl-1064-A1-R4_MC03g04360	0.846344716235504	0.00229197980160863
154	MvSl-1064-A1-R4_MC03g04373	1.57792792139208	0.00642988814558726
155	MvSl-1064-A1-R4_MC03g04385	1.25668208701905	0.00394827608196346
156	MvSl-1064-A1-R4_MC03g04453	1.19346063257252	0.0349591841856846
157	MvSl-1064-A1-R4_MC03g04518	0.783513250965472	0.0118403372070485
158	MvSl-1064-A1-R4_MC03g04602	1.65722964401153	0.00160351186556615
159	MvSl-1064-A1-R4_MC03g04607	3.96072744387541	3.96730814979548e-16
160	MvSl-1064-A1-R4_MC03g04641	2.35881464686963	0.000362070642692443
161	MvSl-1064-A1-R4_MC03g04712	1.40414416135766	7.75298161164854e-05
162	MvSl-1064-A1-R4_MC03g04713	1.28399528164279	3.64508643542764e-05
163	MvSl-1064-A1-R4_MC03g04720	0.792569396588263	0.00637507401837403
164	MvSl-1064-A1-R4_MC03g04781	0.760619859475149	0.0318273457977943
165	MvSl-1064-A1-R4_MC03g04791	0.988943013170071	0.00011605436175525
166	MvSl-1064-A1-R4_MC03g04803	0.955285751590592	0.0246461389892682
167	MvSl-1064-A1-R4_MC03g04806	1.6848509379881	9.54875313143015e-05
168	MvSl-1064-A1-R4_MC03g04807	2.58317036893565	7.44963305540505e-06
169	MvSl-1064-A1-R4_MC03g04842	1.00379382351932	0.00162856359504159
170	MvSl-1064-A1-R4_MC03g04844	1.85034975385382	9.89220991747088e-08
171	MvSl-1064-A1-R4_MC03g04845	1.52863979318009	1.23208977973623e-09
172	MvSl-1064-A1-R4_MC03g04873	1.03651840035543	0.0136946547971883
173	MvSl-1064-A1-R4_MC03g04874	1.02473443307169	0.0162355793805299
174	MvSl-1064-A1-R4_MC03g04994	0.85277167643239	0.00471862150726613
175	MvSl-1064-A1-R4_MC03g05075	1.08754760001702	0.00143406313940751
176	MvSl-1064-A1-R4_MC03g05078	1.62754166228855	2.73784313926067e-07
177	MvSl-1064-A1-R4_MC03g05079	0.934793410338792	0.00103688291207148
178	MvSl-1064-A1-R4_MC03g05103	0.835339425223269	0.0344118301156125
179	MvSl-1064-A1-R4_MC03g05110	2.12051011154574	0.00034877107326252
180	MvSl-1064-A1-R4_MC03g05120	0.921301711317822	0.0149588492243198
181	MvSl-1064-A1-R4_MC03g05164	2.0234285691733	0.00030109295129788
182	MvSl-1064-A1-R4_MC03g05165	2.0652640303029	0.00213721007215185
183	MvSl-1064-A1-R4_MC03g05166	1.10259197908292	9.28869729312471e-05
184	MvSl-1064-A1-R4_MC03g05167	0.688610876913422	0.0156858357010344
185	MvSl-1064-A1-R4_MC03g05233	1.88752388363661	1.43192658913093e-15
186	MvSl-1064-A1-R4_MC03g05235	0.923033522783397	0.00896272206618748
187	MvSl-1064-A1-R4_MC04-1g05273	0.816522722301725	0.0291882495887944
188	MvSl-1064-A1-R4_MC04-1g05327	2.59666501181367	0.00765776528272855
189	MvSl-1064-A1-R4_MC04-1g05336	1.1007401992512	0.00343453031785431
190	MvSl-1064-A1-R4_MC04-1g05341	1.0177706920363	5.37777082799388e-05
191	MvSl-1064-A1-R4_MC04-1g05352	0.660354630434731	0.0274820063199015
192	MvSl-1064-A1-R4_MC04-1g05357	0.692353343617034	0.0356308755961676
193	MvSl-1064-A1-R4_MC04-1g05358	1.3731408720569	0.0214537541044016
194	MvSl-1064-A1-R4_MC04-1g05411	5.07400571842925	1.15874090104754e-07
195	MvSl-1064-A1-R4_MC04-1g05463	0.814586995670542	0.00343453031785431
196	MvSl-1064-A1-R4_MC04-1g05488	0.700790007977614	0.0318948619545319
197	MvSl-1064-A1-R4_MC04-1g05502	3.29179144405478	0.000237691141110796
198	MvSl-1064-A1-R4_MC04-1g05505	2.54341018710134	0.000205986345648677
199	MvSl-1064-A1-R4_MC04-1g05559	0.977942408592732	0.000725074669017612
200	MvSl-1064-A1-R4_MC04-1g05575	0.883604580477383	0.044766649843256
201	MvSl-1064-A1-R4_MC04-1g05639	0.688555759638252	0.042338014928156
202	MvSl-1064-A1-R4_MC04-1g05640	0.783828636158641	0.018104524558524
203	MvSl-1064-A1-R4_MC04-1g05686	2.10732716804669	0.0175918116976685
204	MvSl-1064-A1-R4_MC04-1g05687	1.3751612770952	0.016392380289057
205	MvSl-1064-A1-R4_MC04-1g05697	0.851046913882215	0.0102771875746804
206	MvSl-1064-A1-R4_MC04-1g05728	0.764575772650843	0.00708776349627676
207	MvSl-1064-A1-R4_MC04-1g05763	0.610333346713968	0.0298464512976368
208	MvSl-1064-A1-R4_MC04-1g05909	1.56214205132967	0.000367260278084437
209	MvSl-1064-A1-R4_MC04-1g05911	3.35370035731846	4.12010586342347e-07
210	MvSl-1064-A1-R4_MC04-1g05940	0.809812537136637	0.007090256720659
211	MvSl-1064-A1-R4_MC04-1g05945	1.15945370290281	0.00203990112480714
212	MvSl-1064-A1-R4_MC04-1g05965	0.691652665660197	0.014133911432801
213	MvSl-1064-A1-R4_MC04-1g05971	1.26507080867268	0.0379945092166759
214	MvSl-1064-A1-R4_MC04-1g05981	1.85752966945679	0.00273046781384664
215	MvSl-1064-A1-R4_MC04-1g05987	1.47441816971006	0.000132603326593419
216	MvSl-1064-A1-R4_MC04-1g06026	2.78886271576561	1.91844053202308e-13
217	MvSl-1064-A1-R4_MC04-2g06105	2.83146752290368	4.60041975408747e-05
218	MvSl-1064-A1-R4_MC04-2g06106	1.70821989444938	0.00085429348691109
219	MvSl-1064-A1-R4_MC05-1g06182	1.44378461366034	0.00345658016715141
220	MvSl-1064-A1-R4_MC05-1g06212	2.86829700072381	2.17865276846809e-13
221	MvSl-1064-A1-R4_MC05-1g06265	2.50569241576648	0.000648718183824341
222	MvSl-1064-A1-R4_MC05-1g06274	2.08062093190365	0.00328334774159412
223	MvSl-1064-A1-R4_MC05-2g06298	1.11000771877611	0.0373022340001423
224	MvSl-1064-A1-R4_MC05-2g06334	1.0586607229115	0.0244691121991952
225	MvSl-1064-A1-R4_MC05-2g06432	1.67802017074118	2.19783778354095e-05
226	MvSl-1064-A1-R4_MC05-2g06465	0.792957149736119	0.0212715459801828
227	MvSl-1064-A1-R4_MC05-2g06468	0.851636734181746	0.00464553920511164
228	MvSl-1064-A1-R4_MC05-2g06469	0.947371030882198	0.0132032190169958
229	MvSl-1064-A1-R4_MC05-2g06484	1.6807941052046	0.00125317044576757
230	MvSl-1064-A1-R4_MC05-3g06513	1.14022499375461	0.00116118203779888
231	MvSl-1064-A1-R4_MC05-3g06514	1.06528565316106	4.17272702659815e-05
232	MvSl-1064-A1-R4_MC05-3g06516	1.26364353358768	0.000237060397912804
233	MvSl-1064-A1-R4_MC05-3g06517	1.28720622402558	0.000787799012487161
234	MvSl-1064-A1-R4_MC05-3g06518	1.5052241982973	1.96635985264076e-10
235	MvSl-1064-A1-R4_MC05-3g06519	1.72531228837853	6.62216380641296e-10
236	MvSl-1064-A1-R4_MC05-3g06520	1.82526468237408	1.75455509091558e-06
237	MvSl-1064-A1-R4_MC05-3g06521	1.18686903552344	0.00143406313940751
238	MvSl-1064-A1-R4_MC05-3g06547	1.08216520950051	0.045379047880805
239	MvSl-1064-A1-R4_MC05-3g06568	1.03620440598839	0.0283673599768199
240	MvSl-1064-A1-R4_MC05-3g06574	2.35535561165759	0.00334712240955157
241	MvSl-1064-A1-R4_MC05-3g06588	0.71254509085895	0.0361764183399127
242	MvSl-1064-A1-R4_MC05-3g06602	1.35895534014418	0.0451781440742555
243	MvSl-1064-A1-R4_MC05-3g06641	0.646469067673238	0.0255723643402255
244	MvSl-1064-A1-R4_MC05-3g06668	4.47517265427273	6.19652611309431e-05
245	MvSl-1064-A1-R4_MC05-3g06742	1.24846196102939	0.0469783074877555
246	MvSl-1064-A1-R4_MC05-3g06783	1.89893720771819	0.000117456694780737
247	MvSl-1064-A1-R4_MC05-3g06784	1.56122848407121	0.00372025780764679
248	MvSl-1064-A1-R4_MC05-3g06785	1.04766749106352	0.000327391847779863
249	MvSl-1064-A1-R4_MC05-3g06801	4.48381982101696	6.77916413932693e-09
250	MvSl-1064-A1-R4_MC05-3g06802	1.66674442967376	0.035988290879621
251	MvSl-1064-A1-R4_MC05-3g06804	0.988946319905586	0.0249063226226622
252	MvSl-1064-A1-R4_MC05-3g06818	0.768066768788005	0.00505392040671472
253	MvSl-1064-A1-R4_MC05-3g06819	0.64256605526359	0.018104524558524
254	MvSl-1064-A1-R4_MC05-3g06834	1.36385011071688	0.0310133645116826
255	MvSl-1064-A1-R4_MC05-3g06843	0.971227855551414	0.0270195903595295
256	MvSl-1064-A1-R4_MC06g06882	0.876214396707273	0.0250911239511986
257	MvSl-1064-A1-R4_MC06g06945	0.982009870231722	0.00182458688720153
258	MvSl-1064-A1-R4_MC06g06958	2.10957720921374	6.94766667249686e-08
259	MvSl-1064-A1-R4_MC06g07000	0.645272440379422	0.0332928268784338
260	MvSl-1064-A1-R4_MC06g07018	0.976156884183499	0.00434737095059673
261	MvSl-1064-A1-R4_MC06g07019	0.893308827577415	0.0274820063199015
262	MvSl-1064-A1-R4_MC06g07020	1.24373921693056	0.0185170968284898
263	MvSl-1064-A1-R4_MC06g07021	1.0312308275235	0.0348672414375231
264	MvSl-1064-A1-R4_MC06g07060	0.684676793746218	0.010747536908023
265	MvSl-1064-A1-R4_MC06g07074	1.44243723161974	0.00151080540292158
266	MvSl-1064-A1-R4_MC06g07076	1.523038461592	1.29092794270308e-05
267	MvSl-1064-A1-R4_MC06g07081	1.67009857070594	0.0160397797925633
268	MvSl-1064-A1-R4_MC06g07123	1.09252593475231	0.00790861918909591
269	MvSl-1064-A1-R4_MC06g07127	1.48310597766185	0.0142771602571864
270	MvSl-1064-A1-R4_MC06g07137	2.49452604310415	0.000374776832412095
271	MvSl-1064-A1-R4_MC06g07175	1.72335816176423	0.0066229195663213
272	MvSl-1064-A1-R4_MC06g07289	0.776381663738278	0.0213308283235837
273	MvSl-1064-A1-R4_MC06g07298	0.933087264126333	0.00678728463699982
274	MvSl-1064-A1-R4_MC06g07376	0.83770960354521	0.00481139446753239
275	MvSl-1064-A1-R4_MC06g07412	1.51185814733239	0.00125296407826829
276	MvSl-1064-A1-R4_MC06g07439	1.5797771180789	0.0384987644376183
277	MvSl-1064-A1-R4_MC06g07484	0.736472974466491	0.0192044495403958
278	MvSl-1064-A1-R4_MC06g07499	0.833251007441376	0.00871636373572518
279	MvSl-1064-A1-R4_MC06g07521	0.635472126589783	0.0238345632685511
280	MvSl-1064-A1-R4_MC07g07550	3.83145526029017	2.49185771808806e-41
281	MvSl-1064-A1-R4_MC07g07581	0.667170435697621	0.0255787538385388
282	MvSl-1064-A1-R4_MC07g07586	0.937716591129485	0.00813065025102914
283	MvSl-1064-A1-R4_MC07g07619	0.923314640082425	0.0138879635881319
284	MvSl-1064-A1-R4_MC07g07743	0.785916195412901	0.00870489429190025
285	MvSl-1064-A1-R4_MC07g07764	0.658506133784561	0.0206169097274437
286	MvSl-1064-A1-R4_MC07g07786	0.606449982647393	0.0282534820006598
287	MvSl-1064-A1-R4_MC07g07811	1.7681518831454	0.0091494613920606
288	MvSl-1064-A1-R4_MC07g07869	5.80867396227011	3.24716169741247e-25
289	MvSl-1064-A1-R4_MC07g07914	1.22641206617841	0.00498307011952925
290	MvSl-1064-A1-R4_MC07g07915	0.830097068538404	0.012900281300426
291	MvSl-1064-A1-R4_MC07g07951	2.23159508613531	0.00333537057439129
292	MvSl-1064-A1-R4_MC07g07952	3.57117206752194	0.000751025180359221
293	MvSl-1064-A1-R4_MC07g08036	0.848409040404574	0.00228601649668464
294	MvSl-1064-A1-R4_MC07g08037	1.12853631518547	0.000622711304657825
295	MvSl-1064-A1-R4_MC07g08038	1.21421433898742	0.0290487560627639
296	MvSl-1064-A1-R4_MC07g08047	0.614200232984096	0.035988290879621
297	MvSl-1064-A1-R4_MC07g08103	0.771354338313235	0.0116408330763592
298	MvSl-1064-A1-R4_MC07g08113	1.13098044911272	0.0167569951099128
299	MvSl-1064-A1-R4_MC07g08167	0.74996498082463	0.00464541258408022
300	MvSl-1064-A1-R4_MC07g08185	1.09586134242497	0.00210118115595168
301	MvSl-1064-A1-R4_MC07g08191	2.61874349472035	0.000517065175442777
302	MvSl-1064-A1-R4_MC07g08232	0.923782063533629	0.0267836913577928
303	MvSl-1064-A1-R4_MC07g08235	6.52195359287334	5.64678664271554e-53
304	MvSl-1064-A1-R4_MC08g08272	1.33453300222195	1.88818810856e-05
305	MvSl-1064-A1-R4_MC08g08275	1.70937682440835	0.00920471403316953
306	MvSl-1064-A1-R4_MC08g08288	0.787161060918705	0.0321938130101517
307	MvSl-1064-A1-R4_MC08g08298	1.60281353006546	0.0091345423520325
308	MvSl-1064-A1-R4_MC08g08302	1.36442737541372	0.00101198826692645
309	MvSl-1064-A1-R4_MC08g08304	1.75154386372114	6.35006065043088e-05
310	MvSl-1064-A1-R4_MC08g08306	1.77638547078837	1.09392837469001e-05
311	MvSl-1064-A1-R4_MC08g08372	0.682504257404982	0.0263589837717371
312	MvSl-1064-A1-R4_MC08g08420	1.55936052727047	0.0463979248615376
313	MvSl-1064-A1-R4_MC08g08453	0.8214563120577	0.0081017124130701
314	MvSl-1064-A1-R4_MC08g08460	0.700399750405991	0.0127571090461567
315	MvSl-1064-A1-R4_MC08g08514	0.673961836410244	0.0159411460305935
316	MvSl-1064-A1-R4_MC08g08516	1.03680332593045	0.00308014400626691
317	MvSl-1064-A1-R4_MC08g08517	0.969100179268569	0.00708776349627676
318	MvSl-1064-A1-R4_MC08g08548	0.648274696712687	0.0260052998061942
319	MvSl-1064-A1-R4_MC08g08550	0.883393501705575	0.00144889969735035
320	MvSl-1064-A1-R4_MC08g08565	1.66113667049449	4.21426670004199e-05
321	MvSl-1064-A1-R4_MC08g08566	1.12346212835896	2.34901920100768e-05
322	MvSl-1064-A1-R4_MC08g08567	0.976218937536432	0.0116385324958306
323	MvSl-1064-A1-R4_MC08g08568	0.810750994905009	0.00933370623718881
324	MvSl-1064-A1-R4_MC08g08630	0.895320528301777	0.0148213099748027
325	MvSl-1064-A1-R4_MC08g08632	0.696449503001062	0.0207812112248842
326	MvSl-1064-A1-R4_MC08g08636	1.05134423320086	0.0164143277427035
327	MvSl-1064-A1-R4_MC08g08647	1.82421440827739	0.00949922326202683
328	MvSl-1064-A1-R4_MC08g08653	1.65648263749179	0.000273298324009562
329	MvSl-1064-A1-R4_MC08g08657	1.07808151671949	0.00333537057439129
330	MvSl-1064-A1-R4_MC08g08665	1.54031093978151	4.22878804016369e-09
331	MvSl-1064-A1-R4_MC08g08666	0.798711413420187	0.0042035776886694
332	MvSl-1064-A1-R4_MC08g08669	0.878939437668816	0.0169340481812071
333	MvSl-1064-A1-R4_MC08g08692	0.919124797538919	0.0234635419036158
334	MvSl-1064-A1-R4_MC08g08695	1.1732069982423	0.0116408330763592
335	MvSl-1064-A1-R4_MC08g08700	0.775229046031981	0.0143699899772918
336	MvSl-1064-A1-R4_MC08g08774	1.02497242684182	0.000237060397912804
337	MvSl-1064-A1-R4_MC08g08775	0.664364754460513	0.0198685756321765
338	MvSl-1064-A1-R4_MC08g08807	1.46005338490553	0.00391507382872066
339	MvSl-1064-A1-R4_MC08g08865	1.10377092886845	0.00143406313940751
340	MvSl-1064-A1-R4_MC09-1g08905	0.862233590996164	0.0232792304999972
341	MvSl-1064-A1-R4_MC09-2g08933	0.734193873223974	0.0101369190601423
342	MvSl-1064-A1-R4_MC09-2g08941	1.04761092322776	0.00129804998235732
343	MvSl-1064-A1-R4_MC09-2g08948	0.845256824939324	0.0249008630808968
344	MvSl-1064-A1-R4_MC09-2g08950	0.627598475639339	0.0343065774557515
345	MvSl-1064-A1-R4_MC09-2g08954	0.73798722740351	0.0138966134649941
346	MvSl-1064-A1-R4_MC09-2g09015	1.91181241842704	0.00142382420968838
347	MvSl-1064-A1-R4_MC09-2g09016	1.31236169606839	0.00446437606263531
348	MvSl-1064-A1-R4_MC09-2g09026	4.19193479746373	1.91018054676796e-05
349	MvSl-1064-A1-R4_MC09-2g09027	4.18737716645528	4.28328385354314e-07
350	MvSl-1064-A1-R4_MC09-2g09040	0.928388385030037	0.00029337393230001
351	MvSl-1064-A1-R4_MC09-2g09050	1.55184266841711	5.77452262562162e-05
352	MvSl-1064-A1-R4_MC09-2g09054	0.75731680292778	0.0136375924852852
353	MvSl-1064-A1-R4_MC09-2g09089	0.797465130729948	0.0139851905589845
354	MvSl-1064-A1-R4_MC09-2g09090	0.848792438763707	0.0108115105058629
355	MvSl-1064-A1-R4_MC09-2g09143	1.20871934619515	0.0102986972337794
356	MvSl-1064-A1-R4_MC09-2g09144	5.22205861329535	1.91844053202308e-13
357	MvSl-1064-A1-R4_MC09-2g09151	1.08259238689981	0.00614118983654895
358	MvSl-1064-A1-R4_MC09-2g09157	1.46152125637789	0.0205308000831336
359	MvSl-1064-A1-R4_MC09-2g09159	1.05011234395949	0.00760819953387074
360	MvSl-1064-A1-R4_MC09-2g09215	1.21190133068278	0.000521480328428369
361	MvSl-1064-A1-R4_MC09-2g09216	0.764446869213144	0.0233722665859707
362	MvSl-1064-A1-R4_MC09-2g09232	1.96687788007086	0.0126919468113022
363	MvSl-1064-A1-R4_MC09-2g09303	0.858693569330553	0.00172511045809136
364	MvSl-1064-A1-R4_MC09-2g09305	1.05003243564748	0.000391089827628667
365	MvSl-1064-A1-R4_MC09-2g09306	1.66212427045015	0.0152234515831099
366	MvSl-1064-A1-R4_MC09-2g09309	0.684555324808056	0.0268541215354978
367	MvSl-1064-A1-R4_MC09-2g09326	1.36507357370514	0.000894355099874108
368	MvSl-1064-A1-R4_MC09-2g09406	1.2326769981517	0.00103688291207148
369	MvSl-1064-A1-R4_MC09-2g09466	1.19092323736011	0.0349591841856846
370	MvSl-1064-A1-R4_MC09-2g09479	1.03601418559696	0.038060598152281
371	MvSl-1064-A1-R4_MC09-2g09482	4.11180141565041	7.69854648226995e-05
372	MvSl-1064-A1-R4_MC09-2g09512	0.92626292942138	0.00708251833337265
373	MvSl-1064-A1-R4_MC09-2g09531	0.775521912698445	0.0217852809478564
374	MvSl-1064-A1-R4_MC10-1g09609	0.879124831629762	0.0202504475635541
375	MvSl-1064-A1-R4_MC10-1g09620	2.11560516534329	0.00174570515868167
376	MvSl-1064-A1-R4_MC10-1g09622	2.51853246574548	0.0195251136902075
377	MvSl-1064-A1-R4_MC10-1g09628	0.857586539450667	0.00330619134375781
378	MvSl-1064-A1-R4_MC10-1g09644	0.650287712158155	0.0185468170745184
379	MvSl-1064-A1-R4_MC10-1g09686	1.10435085832592	0.000295781854691316
380	MvSl-1064-A1-R4_MC10-1g09713	0.649452514885304	0.026122508170641
381	MvSl-1064-A1-R4_MC10-1g09718	0.722668900317525	0.0118099835854223
382	MvSl-1064-A1-R4_MC10-1g09733	2.19618663579642	0.00058022649751337
383	MvSl-1064-A1-R4_MC10-1g09764	1.63764511790322	0.019188333590501
384	MvSl-1064-A1-R4_MC10-1g09778	0.891010853643337	0.00215843661882116
385	MvSl-1064-A1-R4_MC10-1g09781	1.27628364900835	1.68405738766121e-06
386	MvSl-1064-A1-R4_MC10-1g09782	1.49557540337719	2.49633377353593e-06
387	MvSl-1064-A1-R4_MC10-1g09785	2.47710044818169	0.000238529350880852
388	MvSl-1064-A1-R4_MC10-1g09814	2.69033385585427	2.09671820857079e-14
389	MvSl-1064-A1-R4_MC10-2g09858	3.02458716572742	7.09194754728612e-06
390	MvSl-1064-A1-R4_MC10-2g09885	3.21047023600915	2.00521649753973e-12
391	MvSl-1064-A1-R4_MC10-2g09915	0.981292165846227	0.000904357586687209
392	MvSl-1064-A1-R4_MC10-2g09921	1.55203627751523	0.0334075003725355
393	MvSl-1064-A1-R4_MC10-2g09933	3.68117464716486	2.18067009661553e-18
394	MvSl-1064-A1-R4_MC10-2g09941	1.48290937615722	0.0426673246479061
395	MvSl-1064-A1-R4_MC10-2g09954	1.02066901160697	0.0107490506381021
396	MvSl-1064-A1-R4_MC10-2g09991	4.63151882926288	2.31871354073831e-08
397	MvSl-1064-A1-R4_MC10-2g10027	0.70723401316047	0.0212715459801828
398	MvSl-1064-A1-R4_MC10-2g10036	1.06920461824849	0.0238709299100465
399	MvSl-1064-A1-R4_MC10-2g10038	1.82984305711004	0.00343453031785431
400	MvSl-1064-A1-R4_MC10-2g10098	0.958533503033417	0.0200550448526224
401	MvSl-1064-A1-R4_MC11g10177	0.858051310615748	0.0424365343434189
402	MvSl-1064-A1-R4_MC11g10197	1.45159308254458	0.00325364743238176
403	MvSl-1064-A1-R4_MC11g10198	2.13976777264466	8.90731831964909e-09
404	MvSl-1064-A1-R4_MC11g10213	0.962530969812099	0.0250158339551839
405	MvSl-1064-A1-R4_MC11g10236	0.853056805299022	0.0377529351656015
406	MvSl-1064-A1-R4_MC11g10245	1.05044291458273	0.00023394873903551
407	MvSl-1064-A1-R4_MC11g10270	0.946837839141633	0.00103688291207148
408	MvSl-1064-A1-R4_MC11g10295	0.619059592431893	0.0405593580711915
409	MvSl-1064-A1-R4_MC11g10335	2.26190181754347	6.87023625776059e-06
410	MvSl-1064-A1-R4_MC11g10350	0.835041193873427	0.00189021639695155
411	MvSl-1064-A1-R4_MC11g10353	1.38772739966148	0.0268345152826837
412	MvSl-1064-A1-R4_MC11g10376	1.08817670359932	0.0257481941116775
413	MvSl-1064-A1-R4_MC11g10379	1.24012437438867	2.76818932256818e-05
414	MvSl-1064-A1-R4_MC11g10383	0.768571102499435	0.0263589837717371
415	MvSl-1064-A1-R4_MC11g10384	1.01958624609732	0.00210118115595168
416	MvSl-1064-A1-R4_MC11g10438	0.861620518629316	0.00162856359504159
417	MvSl-1064-A1-R4_MC11g10439	1.52504224364803	0.00338310387231485
418	MvSl-1064-A1-R4_MC11g10440	1.75959857058772	3.96043465135342e-05
419	MvSl-1064-A1-R4_MC11g10445	1.06489753978055	0.00334943261159416
420	MvSl-1064-A1-R4_MC11g10517	1.33299900333567	0.00648839633432786
421	MvSl-1064-A1-R4_MC11g10520	1.15355644318416	0.0285357400257829
422	MvSl-1064-A1-R4_MC11g10528	0.89982278297357	0.0290444153885312
423	MvSl-1064-A1-R4_MC11g10536	1.10512925903094	6.83520676929894e-05
424	MvSl-1064-A1-R4_MC11g10578	0.835675627878571	0.00142382420968838
425	MvSl-1064-A1-R4_MC11g10606	0.730316639280901	0.0448548524817352
426	MvSl-1064-A1-R4_MC11g10626	1.01240100641643	0.0369009634551155
427	MvSl-1064-A1-R4_MC11g10657	0.628755692834175	0.0364315319496133
428	MvSl-1064-A1-R4_MC12g10751	1.27194515836167	0.0244529651580423
429	MvSl-1064-A1-R4_MC12g10758	1.29524396009499	0.0411844173340745
430	MvSl-1064-A1-R4_MC12g10783	1.56631361034896	0.0130045946017636
431	MvSl-1064-A1-R4_MC12g10788	4.3353881015621	7.13932806960004e-05
432	MvSl-1064-A1-R4_MC12g10808	1.3039269187645	0.00708776349627676
433	MvSl-1064-A1-R4_MC12g10827	3.99904825019481	2.81875729092195e-05
434	MvSl-1064-A1-R4_MC12g10849	2.23602163145387	3.75732062623915e-06
435	MvSl-1064-A1-R4_MC12g10969	0.856945630777363	0.00224746947692448
436	MvSl-1064-A1-R4_MC12g10990	1.843264033325	0.00218132318699092
437	MvSl-1064-A1-R4_MC12g10994	1.26211866116727	0.00144466576795357
438	MvSl-1064-A1-R4_MC12g11073	2.34929219021762	0.000793843203492315
439	MvSl-1064-A1-R4_MC12g11091	0.661250874973477	0.0203991183421075
440	MvSl-1064-A1-R4_MC12g11128	1.24345774689729	0.00165617103025343
441	MvSl-1064-A1-R4_MC12g11163	1.18025792422109	0.0382560606382392
442	MvSl-1064-A1-R4_MC12g11170	1.88775293070568	0.00471862150726613
443	MvSl-1064-A1-R4_MC12g11233	0.951791981348324	0.0304690663308377
444	MvSl-1064-A1-R4_MC12g11253	1.80857655322307	0.0195525134399723
445	MvSl-1064-A1-R4_MC13g11312	0.763633711944721	0.00971702586947512
446	MvSl-1064-A1-R4_MC13g11331	1.40784450664203	0.00528418947201236
447	MvSl-1064-A1-R4_MC13g11383	0.810901763695983	0.0481461360906407
448	MvSl-1064-A1-R4_MC13g11394	2.39454670571462	0.00132751176619588
449	MvSl-1064-A1-R4_MC13g11396	1.51191396687339	0.00637507401837403
450	MvSl-1064-A1-R4_MC13g11399	1.10684419910464	0.0380226875420499
451	MvSl-1064-A1-R4_MC13g11404	0.766777078972558	0.0244391516270436
452	MvSl-1064-A1-R4_MC13g11419	1.38649084595235	5.23113895520014e-07
453	MvSl-1064-A1-R4_MC13g11466	1.68801065578741	0.0384987644376183
454	MvSl-1064-A1-R4_MC13g11530	1.25362493607965	0.0010085032772087
455	MvSl-1064-A1-R4_MC13g11532	0.97350198568656	0.00834179942090024
456	MvSl-1064-A1-R4_MC13g11542	2.16757111296797	0.00991500823973575
457	MvSl-1064-A1-R4_MC13g11599	0.997079969479675	0.0415048774739668
458	MvSl-1064-A1-R4_MC13g11604	1.53002715862243	0.000203542252965889
459	MvSl-1064-A1-R4_MC13g11653	1.18904175447639	0.00173751231883783
460	MvSl-1064-A1-R4_MC14g11762	0.91532431426561	0.0156858357010344
461	MvSl-1064-A1-R4_MC14g11763	1.60679211779235	0.0104045015697473
462	MvSl-1064-A1-R4_MC14g11767	0.834567701744033	0.00388614446742518
463	MvSl-1064-A1-R4_MC14g11819	2.46773400684583	0.000122481569631598
464	MvSl-1064-A1-R4_MC14g11820	1.82823304335176	0.00210148933268287
465	MvSl-1064-A1-R4_MC14g11821	0.600949176061236	0.0353864341447671
466	MvSl-1064-A1-R4_MC14g11864	0.861084939361903	0.00484350238018396
467	MvSl-1064-A1-R4_MC14g11870	0.710496879076247	0.0259240941107978
468	MvSl-1064-A1-R4_MC14g11896	0.606303582199336	0.0388868052496278
469	MvSl-1064-A1-R4_MC14g11898	3.18550225518438	8.53408688791782e-08
470	MvSl-1064-A1-R4_MC14g11907	1.16251304216314	0.00361586512674034
471	MvSl-1064-A1-R4_MC14g11917	1.34345783011638	1.7218673021864e-06
472	MvSl-1064-A1-R4_MC14g11929	1.74300570001743	0.00296930207312487
473	MvSl-1064-A1-R4_MC14g11939	0.757816925925506	0.0325090267426596
474	MvSl-1064-A1-R4_MC15g12015	0.755749936618255	0.0372110179448834
475	MvSl-1064-A1-R4_MC15g12022	3.43387126477807	0.000202770376655346
476	MvSl-1064-A1-R4_MC15g12023	3.26565617081744	2.23540416810267e-05
477	MvSl-1064-A1-R4_MC15g12056	0.885900170407286	0.0110334177757244
478	MvSl-1064-A1-R4_MC15g12082	3.06061820475066	6.86285767454914e-05
479	MvSl-1064-A1-R4_MC15g12083	1.19840899757464	0.000955465963709522
480	MvSl-1064-A1-R4_MC15g12102	1.04475291030957	0.00808717991889731
481	MvSl-1064-A1-R4_MC15g12117	0.834914566378402	0.00554687866459473
482	MvSl-1064-A1-R4_MC15g12137	0.748709597827973	0.0122541601417373
483	MvSl-1064-A1-R4_MC17g12230	1.85704720008181	0.00945012561284988
484	MvSl-1064-A1-R4_MC17g12238	0.644955083039725	0.048695428998753
485	MvSl-1064-A1-R4_MC17g12239	0.872376321238413	0.0127571090461567
