gene	logFC	FDR
1	MvSl-1064-A1-R4_A1g00029	4.98341836347214	8.05041183605343e-84
2	MvSl-1064-A1-R4_A1g00030	2.63239720571285	5.78082811857626e-28
3	MvSl-1064-A1-R4_A1g00073	0.807050341393425	0.0245606257246032
4	MvSl-1064-A1-R4_A1g00106	1.29082388083725	0.0335697928624182
5	MvSl-1064-A1-R4_A1g00112	3.43317792193421	8.06182773616833e-47
6	MvSl-1064-A1-R4_A1g01138	2.35969538007758	1.40880261895969e-19
7	MvSl-1064-A1-R4_A1g00608	1.74398744476769	4.86167761755833e-05
8	MvSl-1064-A1-R4_A1g00246	1.48478485088871	1.35887279967429e-13
9	MvSl-1064-A1-R4_A1g00481	1.42476592541526	0.000405329203141658
10	MvSl-1064-A1-R4_A1g00718	1.03755008716843	0.00105780359462065
11	MvSl-1064-A1-R4_A1g00648	0.641424103975433	0.0112189352589409
12	MvSl-1064-A1-R4_A1g00492	2.26082666290528	9.58989366554679e-11
13	MvSl-1064-A1-R4_A1g00779	0.672794047503178	0.0181691980717202
14	MvSl-1064-A1-R4_A1g00383	1.95285716497464	3.23687272239276e-05
15	MvSl-1064-A1-R4_A1g01375	0.841582200161378	0.0103613245454906
16	MvSl-1064-A1-R4_A1g01376	0.755045535754622	0.0181691980717202
17	MvSl-1064-A1-R4_A1g01038	2.44518104188228	8.97598011933379e-13
18	MvSl-1064-A1-R4_A1g01383	1.91281230053236	2.2847016383649e-15
19	MvSl-1064-A1-R4_A1g00230	1.39753085657716	1.75183522786664e-07
20	MvSl-1064-A1-R4_A1g00745	1.86284241958233	3.02763285268748e-15
21	MvSl-1064-A1-R4_A1g01135	0.91180226913021	0.000294137761508246
22	MvSl-1064-A1-R4_A1g00241	0.564808675695384	0.0477609324665186
23	MvSl-1064-A1-R4_A1g00242	0.662950189171831	0.0153798408025791
24	MvSl-1064-A1-R4_A1g01418	3.34622574175442	5.17679688140429e-17
25	MvSl-1064-A1-R4_A1g01290	1.44271475707766	1.20577354225521e-09
26	MvSl-1064-A1-R4_A1g01288	1.13242540594839	3.69305919810719e-05
27	MvSl-1064-A1-R4_A1g00326	12.0481446444246	1.88595552297883e-58
28	MvSl-1064-A1-R4_A1g01162	5.63471990576755	2.2876165138619e-23
29	MvSl-1064-A1-R4_A1g01163	3.61199074022037	2.02088317990286e-27
30	MvSl-1064-A1-R4_A1g01049	0.992360664769702	7.44282052860149e-05
31	MvSl-1064-A1-R4_A1g00542	1.13084468675511	2.02651030093226e-06
32	MvSl-1064-A1-R4_A1g01007	3.09484825821881	3.2060856565722e-30
33	MvSl-1064-A1-R4_A1g01021	4.38116078737219	3.88825418425136e-09
34	MvSl-1064-A1-R4_A1g00350	0.897519426902537	0.0127783409907714
35	MvSl-1064-A1-R4_A1g00642	5.09747110458281	7.32775982959748e-93
36	MvSl-1064-A1-R4_A1g00349	2.44280683358996	7.17380986949681e-09
37	MvSl-1064-A1-R4_A1g01358	2.13988563798297	2.16184143023687e-08
38	MvSl-1064-A1-R4_A1g00854	0.746707164955442	0.00571791057737546
39	MvSl-1064-A1-R4_A1g01432	1.19201612839825	0.000335035715661424
40	MvSl-1064-A1-R4_A1g00956	1.37573503228106	9.06411067312855e-08
41	MvSl-1064-A1-R4_A1g00959	2.3725236538129	7.40655879313383e-17
42	MvSl-1064-A1-R4_A1g01045	1.26795837387513	0.000120258134144053
43	MvSl-1064-A1-R4_A1g00970	0.869497176805353	0.000202726847129419
44	MvSl-1064-A1-R4_A1g01220	3.39155747255066	7.07598255092462e-51
45	MvSl-1064-A1-R4_A1g00283	4.44439058381939	4.80498322118549e-36
46	MvSl-1064-A1-R4_A1g01302	6.30262030374135	1.46069419453858e-100
47	MvSl-1064-A1-R4_A1g01347	1.096775028079	2.37148280972754e-07
48	MvSl-1064-A1-R4_A1g00923	1.12018030608826	0.00205912828603073
49	MvSl-1064-A1-R4_A1g00929	1.82801546287061	0.00257498961125729
50	MvSl-1064-A1-R4_A1g00118	1.36173461826214	1.68380579816582e-07
51	MvSl-1064-A1-R4_A1g01459	5.47838643210342	8.97598011933379e-13
52	MvSl-1064-A1-R4_A1g01483	5.56280467291503	3.24196314388638e-18
53	MvSl-1064-A1-R4_A1g01499	1.89307934451237	0.00034245871191283
54	MvSl-1064-A1-R4_A1g01503	2.08260098007207	1.34718423790783e-13
55	MvSl-1064-A1-R4_A1g01515	1.09972243531208	3.00819433226162e-06
56	MvSl-1064-A1-R4_MC06g07032	2.94588926726315	2.11860561580851e-10
57	MvSl-1064-A1-R4_MC06g07033	1.35169462966027	0.000114369017888886
58	MvSl-1064-A1-R4_MC01-1g01722	1.57229126237874	0.00346134359765987
59	MvSl-1064-A1-R4_MC01-1g01739	1.46869351015976	2.61363388070653e-07
60	MvSl-1064-A1-R4_MC01-1g01740	0.890062601820801	0.0341271619495043
61	MvSl-1064-A1-R4_MC01-1g01777	1.69163058850177	0.00306110314951823
62	MvSl-1064-A1-R4_MC01-1g01783	3.17392962881111	2.30603949470623e-09
63	MvSl-1064-A1-R4_MC01-1g01827	1.9827000945447	7.9202979566424e-10
64	MvSl-1064-A1-R4_MC01-1g01829	0.716236315809886	0.0185128747898469
65	MvSl-1064-A1-R4_MC01-1g01917	0.68093449305622	0.0127066413159071
66	MvSl-1064-A1-R4_MC01-1g01970	3.4229260431112	7.59561703313082e-35
67	MvSl-1064-A1-R4_MC01-1g01975	1.82625872735233	2.82691775374996e-11
68	MvSl-1064-A1-R4_MC01-1g01978	2.0991830304856	5.85103501691221e-14
69	MvSl-1064-A1-R4_MC01-1g01981	8.93914545615591	8.40995277191557e-15
70	MvSl-1064-A1-R4_MC01-1g01982	1.07848577843388	0.000173906718932308
71	MvSl-1064-A1-R4_MC01-1g01992	0.777590440662237	0.00664474656052356
72	MvSl-1064-A1-R4_MC01-1g01994	3.01996424624339	8.49506209000484e-39
73	MvSl-1064-A1-R4_MC01-1g02004	4.16295824303779	7.15140607639861e-17
74	MvSl-1064-A1-R4_MC01-1g02007	0.723860035723941	0.0364150007431515
75	MvSl-1064-A1-R4_MC01-1g02022	1.6788111149505	1.45752864909364e-05
76	MvSl-1064-A1-R4_MC01-1g02046	1.06287081209847	0.00902234668743666
77	MvSl-1064-A1-R4_MC01-1g02066	4.87047890187981	3.52725770527319e-40
78	MvSl-1064-A1-R4_MC01-1g02186	0.859856695087103	0.00665098553275367
79	MvSl-1064-A1-R4_MC01-1g02207	8.9270394632061	3.83046409358002e-07
80	MvSl-1064-A1-R4_MC01-1g02258	0.704200617425754	0.0284460458539517
81	MvSl-1064-A1-R4_MC01-1g02327	1.29722475052148	3.07160323279232e-05
82	MvSl-1064-A1-R4_MC01-1g02352	1.30761530222927	0.0180109204844517
83	MvSl-1064-A1-R4_MC01-1g02353	0.996774195394879	0.0446230152316622
84	MvSl-1064-A1-R4_MC01-1g02382	1.01021337853803	0.0286582446962734
85	MvSl-1064-A1-R4_MC01-1g02398	1.47264849021391	0.000146279910590081
86	MvSl-1064-A1-R4_MC01-1g02419	1.58108591964262	0.0108091380233259
87	MvSl-1064-A1-R4_MC01-1g02422	1.30085448796614	0.0165750962162397
88	MvSl-1064-A1-R4_MC01-1g02440	1.3562587676171	0.0127475749319106
89	MvSl-1064-A1-R4_MC01-1g02509	0.919559431240785	0.0333154501247761
90	MvSl-1064-A1-R4_MC01-1g02511	1.26364511227034	0.0187688702157858
91	MvSl-1064-A1-R4_MC01-1g02545	0.708744031762887	0.0237850227393857
92	MvSl-1064-A1-R4_MC01-1g02588	5.1841359842831	4.77568665832049e-48
93	MvSl-1064-A1-R4_MC01-1g02628	0.691743679866197	0.0211477739267817
94	MvSl-1064-A1-R4_MC01-1g02647	0.678814258145779	0.0384515902621558
95	MvSl-1064-A1-R4_MC01-1g02686	1.06299179467569	0.00354321710783011
96	MvSl-1064-A1-R4_MC01-1g02725	1.20138777251203	0.00021875541530765
97	MvSl-1064-A1-R4_MC01-1g02736	1.78331322563307	1.16133043429434e-08
98	MvSl-1064-A1-R4_MC01-1g02744	0.983760911095581	0.00942724298588425
99	MvSl-1064-A1-R4_MC01-1g02763	0.783146205584412	0.0256225861958478
100	MvSl-1064-A1-R4_MC01-1g02764	0.941970674236338	0.000719876922219824
101	MvSl-1064-A1-R4_MC01-1g02769	0.978036987658807	0.0060834793007746
102	MvSl-1064-A1-R4_MC01-1g02774	2.11080785900106	3.73675754927398e-07
103	MvSl-1064-A1-R4_MC01-1g02787	2.28097125475616	1.95729458366599e-08
104	MvSl-1064-A1-R4_MC01-1g02832	5.79770125085069	2.38442577632261e-62
105	MvSl-1064-A1-R4_MC01-1g02833	9.42149937079018	1.81787862111542e-174
106	MvSl-1064-A1-R4_MC01-1g02843	1.6720667231767	2.62483529916266e-05
107	MvSl-1064-A1-R4_MC01-1g02853	0.831567045742316	0.00123669554632516
108	MvSl-1064-A1-R4_MC01-1g02854	0.916002681144411	0.0285283607013365
109	MvSl-1064-A1-R4_MC01-1g02869	3.52026449227236	2.65207760257123e-12
110	MvSl-1064-A1-R4_MC01-1g02870	2.90374666777492	6.39761828296182e-13
111	MvSl-1064-A1-R4_MC01-1g02871	2.4018216202106	1.74410949374749e-06
112	MvSl-1064-A1-R4_MC01-1g02873	0.993892655437449	0.0322622973793262
113	MvSl-1064-A1-R4_MC01-1g02885	4.05519700510562	9.85364879139376e-12
114	MvSl-1064-A1-R4_MC01-2g02957	2.55488701812002	1.25276921414867e-11
115	MvSl-1064-A1-R4_MC01-2g02960	2.87239956699586	3.76742093097492e-22
116	MvSl-1064-A1-R4_MC01-2g02966	2.75399475310868	1.07617783262013e-06
117	MvSl-1064-A1-R4_MC01-2g02969	3.83068173488848	8.73262008106881e-14
118	MvSl-1064-A1-R4_MC01-2g02970	1.64296845882039	1.0984644994608e-11
119	MvSl-1064-A1-R4_MC01-2g02981	2.2078670500168	2.39330689208043e-21
120	MvSl-1064-A1-R4_MC01-2g02987	1.26426325905106	2.61363388070653e-07
121	MvSl-1064-A1-R4_MC01-2g02998	0.927947484706045	0.00490660585672092
122	MvSl-1064-A1-R4_MC01-2g03005	1.22408590368657	5.10959437268545e-05
123	MvSl-1064-A1-R4_MC01-2g03006	7.96312350189244	3.12929342819289e-46
124	MvSl-1064-A1-R4_MC01-2g03035	0.685203441059792	0.00821884091336551
125	MvSl-1064-A1-R4_MC01-2g03070	1.34008826220633	1.18418189874234e-06
126	MvSl-1064-A1-R4_MC01-2g03077	0.556999832512734	0.037769385269708
127	MvSl-1064-A1-R4_MC01-2g03096	4.95946033607157	1.29681541992583e-43
128	MvSl-1064-A1-R4_MC01-2g03117	0.828013983216773	0.0112189352589409
129	MvSl-1064-A1-R4_MC01-2g03144	0.702978591618744	0.0408645679752284
130	MvSl-1064-A1-R4_MC01-2g03166	3.77367458319328	2.33997093253055e-27
131	MvSl-1064-A1-R4_MC02g03205	0.987417674015362	0.000144354502648798
132	MvSl-1064-A1-R4_MC02g03229	0.800584455221145	0.0177630267923406
133	MvSl-1064-A1-R4_MC02g03274	1.64065604035187	3.29197389699785e-05
134	MvSl-1064-A1-R4_MC02g03288	0.985695856599145	1.253352762015e-05
135	MvSl-1064-A1-R4_MC02g03297	1.45276792735912	6.65801647484197e-08
136	MvSl-1064-A1-R4_MC02g03345	2.5981859143354	3.47781134970621e-08
137	MvSl-1064-A1-R4_MC02g03347	1.38427171951984	0.000160956229479358
138	MvSl-1064-A1-R4_MC02g03352	1.08969492056912	5.76537476076946e-07
139	MvSl-1064-A1-R4_MC02g03359	1.2467445479439	4.74901079453116e-07
140	MvSl-1064-A1-R4_MC02g03361	1.53826687342103	5.33254887533998e-05
141	MvSl-1064-A1-R4_MC02g03362	2.03643115820447	5.89525443512668e-08
142	MvSl-1064-A1-R4_MC02g03365	1.54315263144791	0.0355928575416787
143	MvSl-1064-A1-R4_MC02g03366	2.54167238351272	0.000298152465486344
144	MvSl-1064-A1-R4_MC02g03369	2.77177591796582	6.48428874169427e-05
145	MvSl-1064-A1-R4_MC02g03373	1.10088669575776	0.0212880109555799
146	MvSl-1064-A1-R4_MC02g03374	0.684213365611448	0.0164949216689848
147	MvSl-1064-A1-R4_MC02g03384	2.46251367902988	3.44051169013947e-26
148	MvSl-1064-A1-R4_MC02g03394	1.8234697240039	2.45903188819024e-08
149	MvSl-1064-A1-R4_MC02g03455	2.50925038185024	1.61637622072997e-05
150	MvSl-1064-A1-R4_MC02g03469	2.56531832854855	1.16840532162095e-07
151	MvSl-1064-A1-R4_MC02g03471	1.2425742478477	0.0204157454558138
152	MvSl-1064-A1-R4_MC02g03482	1.16907525870299	3.70716629948345e-05
153	MvSl-1064-A1-R4_MC02g03493	0.86814334815259	0.00116403307869695
154	MvSl-1064-A1-R4_MC02g03495	1.67067133204182	4.19484649949142e-08
155	MvSl-1064-A1-R4_MC02g03523	6.38359928063332	1.06533143558042e-23
156	MvSl-1064-A1-R4_MC02g03579	5.13002033271253	6.69185664307691e-79
157	MvSl-1064-A1-R4_MC02g03584	1.42059118375855	0.000555053834325636
158	MvSl-1064-A1-R4_MC02g03606	1.34951506483993	7.03334239805146e-08
159	MvSl-1064-A1-R4_MC02g03617	0.850048664581232	0.00534177651256764
160	MvSl-1064-A1-R4_MC02g03663	3.4217999748546	2.29247242531048e-06
161	MvSl-1064-A1-R4_MC02g03676	2.18475598371495	7.62538732658714e-05
162	MvSl-1064-A1-R4_MC02g03772	1.33718959083667	0.00273324434993313
163	MvSl-1064-A1-R4_MC02g03808	1.71720057678476	6.61430551034306e-12
164	MvSl-1064-A1-R4_MC02g03872	1.12821038218489	0.00123669554632516
165	MvSl-1064-A1-R4_MC02g03891	2.20421515047163	3.31914140572536e-14
166	MvSl-1064-A1-R4_MC02g03893	1.91966058477224	7.25666200684139e-13
167	MvSl-1064-A1-R4_MC02g03915	0.894891425017401	0.0435381968117549
168	MvSl-1064-A1-R4_MC02g03922	1.25389877229019	0.0016072929860277
169	MvSl-1064-A1-R4_MC02g03939	4.26307138427072	3.40049041684308e-11
170	MvSl-1064-A1-R4_MC02g04109	1.27321960688685	0.000849432967303306
171	MvSl-1064-A1-R4_MC02g04195	1.33848719871782	0.0464717853980239
172	MvSl-1064-A1-R4_MC02g04198	1.97707468994644	0.00152638629031559
173	MvSl-1064-A1-R4_MC02g04206	1.29074843411922	0.0208151013301228
174	MvSl-1064-A1-R4_MC02g04207	0.643586067728467	0.0285680675058434
175	MvSl-1064-A1-R4_MC02g04208	0.899705095216685	0.00775022110892236
176	MvSl-1064-A1-R4_MC02g04224	1.16098058951053	0.00660495107496708
177	MvSl-1064-A1-R4_MC02g04245	3.56252597486132	3.91528759247292e-38
178	MvSl-1064-A1-R4_MC03g04343	1.14435068177095	0.00100751109812321
179	MvSl-1064-A1-R4_MC03g04350	9.70214776217813	4.60298895496561e-57
180	MvSl-1064-A1-R4_MC03g04419	2.3461070717755	1.59738715215859e-11
181	MvSl-1064-A1-R4_MC03g04423	0.836734380686393	0.000225585011745565
182	MvSl-1064-A1-R4_MC03g04424	3.04727232974165	3.47826203495012e-27
183	MvSl-1064-A1-R4_MC03g04440	1.05945484962244	0.0486280582567344
184	MvSl-1064-A1-R4_MC03g04485	1.41370794427188	0.0478987658882482
185	MvSl-1064-A1-R4_MC03g04539	2.55404946288599	1.04255193350149e-06
186	MvSl-1064-A1-R4_MC03g04565	1.61781715042192	1.72471406948477e-06
187	MvSl-1064-A1-R4_MC03g04585	1.83764644951313	1.34696834777877e-17
188	MvSl-1064-A1-R4_MC03g04650	0.789064233201554	0.00962843538796827
189	MvSl-1064-A1-R4_MC03g04706	8.66098054546	1.14684527655838e-11
190	MvSl-1064-A1-R4_MC03g04707	4.42332530231955	6.49755571295885e-54
191	MvSl-1064-A1-R4_MC03g04730	0.935847516506038	0.00140349926024256
192	MvSl-1064-A1-R4_MC03g04760	4.05663893309347	3.0089510106135e-10
193	MvSl-1064-A1-R4_MC03g04777	0.855080881653131	0.0116291644031508
194	MvSl-1064-A1-R4_MC03g04791	0.937209013087143	6.67205099739708e-05
195	MvSl-1064-A1-R4_MC03g04792	1.49627935437305	6.97789050365673e-12
196	MvSl-1064-A1-R4_MC03g04822	1.68925054434007	8.50852789043621e-07
197	MvSl-1064-A1-R4_MC03g04831	1.04373967266827	0.00845031619221207
198	MvSl-1064-A1-R4_MC03g04860	1.09909538609761	0.0245606257246032
199	MvSl-1064-A1-R4_MC03g04877	5.32919287873493	1.0570326432833e-14
200	MvSl-1064-A1-R4_MC03g04884	3.48352907464919	1.7567564755151e-08
201	MvSl-1064-A1-R4_MC03g04902	1.19300224296751	0.0314822051432492
202	MvSl-1064-A1-R4_MC03g04909	1.96115812426997	1.68618320541105e-10
203	MvSl-1064-A1-R4_MC03g04931	1.21330221829769	5.29198858465475e-06
204	MvSl-1064-A1-R4_MC03g04938	8.84118163536319	5.28967447198989e-57
205	MvSl-1064-A1-R4_MC03g04959	1.41604363401447	0.00189536243886544
206	MvSl-1064-A1-R4_MC03g05014	1.55139621097844	1.58291098140224e-11
207	MvSl-1064-A1-R4_MC03g05016	1.58440456628223	0.00143193781499236
208	MvSl-1064-A1-R4_MC03g05022	3.4020923660114	4.00679252849799e-23
209	MvSl-1064-A1-R4_MC03g05037	1.58012515905098	0.0325496069990256
210	MvSl-1064-A1-R4_MC03g05070	2.20017383002553	0.000152341884606146
211	MvSl-1064-A1-R4_MC03g05077	0.71514104324215	0.0274921696771455
212	MvSl-1064-A1-R4_MC03g05094	1.470975146849	0.000467531555361047
213	MvSl-1064-A1-R4_MC03g05097	4.28257217566766	3.04009210673258e-34
214	MvSl-1064-A1-R4_MC03g05099	1.86693645111777	1.85907351397964e-09
215	MvSl-1064-A1-R4_MC03g05112	0.762119703526664	0.0030985208897497
216	MvSl-1064-A1-R4_MC03g05125	3.80562662064914	3.90551068010843e-15
217	MvSl-1064-A1-R4_MC03g05134	4.12076965468918	1.42782612179982e-08
218	MvSl-1064-A1-R4_MC03g05149	1.64938003051247	0.000134242450013848
219	MvSl-1064-A1-R4_MC03g05187	1.43156548338904	1.0965014345675e-07
220	MvSl-1064-A1-R4_MC03g05202	2.95612292847252	3.68733915418166e-09
221	MvSl-1064-A1-R4_MC03g05222	1.34594829959882	3.84986079302756e-06
222	MvSl-1064-A1-R4_MC03g05233	1.43635711851847	9.91627217592726e-07
223	MvSl-1064-A1-R4_MC03g05243	1.62357872582192	0.000877010423964912
224	MvSl-1064-A1-R4_MC03g05244	0.945708893027062	0.032972447597579
225	MvSl-1064-A1-R4_MC03g05260	0.652675407779815	0.0458429410214367
226	MvSl-1064-A1-R4_MC04-1g05282	5.17106933222877	4.81379302479144e-30
227	MvSl-1064-A1-R4_MC04-1g05292	5.95817776259297	1.73909948307174e-76
228	MvSl-1064-A1-R4_MC04-1g05300	4.01571337655352	4.89675494529453e-10
229	MvSl-1064-A1-R4_MC04-1g05308	0.986237514448745	0.00378018117260622
230	MvSl-1064-A1-R4_MC04-1g05312	2.56496976296304	4.09772494055739e-08
231	MvSl-1064-A1-R4_MC04-1g05313	2.97685245808763	9.48608645690348e-12
232	MvSl-1064-A1-R4_MC04-1g05315	5.65582145737945	2.36107045478355e-27
233	MvSl-1064-A1-R4_MC04-1g05323	0.639763447816199	0.018803833997847
234	MvSl-1064-A1-R4_MC04-1g05375	2.10735579791975	2.60261039392583e-05
235	MvSl-1064-A1-R4_MC04-1g05376	1.72551161713104	2.09638563967249e-09
236	MvSl-1064-A1-R4_MC04-1g05377	4.24284301965376	2.57098776701556e-20
237	MvSl-1064-A1-R4_MC04-1g05378	0.964755972395406	0.000294137761508246
238	MvSl-1064-A1-R4_MC04-1g05382	1.24537666628761	0.0118573437902446
239	MvSl-1064-A1-R4_MC04-1g05388	2.14827144159761	0.00135415450717183
240	MvSl-1064-A1-R4_MC04-1g05389	3.43053439402813	4.03917692933864e-09
241	MvSl-1064-A1-R4_MC04-1g05411	1.21948355420473	1.31449203822682e-07
242	MvSl-1064-A1-R4_MC04-1g05423	1.55028524820799	0.044493191118175
243	MvSl-1064-A1-R4_MC04-1g05424	1.72198899259413	0.00240518285736107
244	MvSl-1064-A1-R4_MC04-1g05437	3.22242710519002	5.42557929470136e-11
245	MvSl-1064-A1-R4_MC04-1g05493	0.586365885471057	0.0318262645520806
246	MvSl-1064-A1-R4_MC04-1g05546	1.25875015719089	0.0191592426717048
247	MvSl-1064-A1-R4_MC04-1g05592	0.995529126041758	0.00116598253327294
248	MvSl-1064-A1-R4_MC04-1g05677	0.969866969006463	0.0111756932002908
249	MvSl-1064-A1-R4_MC04-1g05801	1.29848919365377	0.00230971144552616
250	MvSl-1064-A1-R4_MC04-1g05803	4.49104424517251	8.59060239011435e-11
251	MvSl-1064-A1-R4_MC04-1g05826	1.09185551161321	0.0387699666283528
252	MvSl-1064-A1-R4_MC04-1g05832	4.6665069776559	6.43279877357557e-14
253	MvSl-1064-A1-R4_MC04-1g05833	4.10033144807155	9.23511412791288e-39
254	MvSl-1064-A1-R4_MC04-1g05858	2.84008401426093	3.88515951692677e-37
255	MvSl-1064-A1-R4_MC04-1g05863	1.88206717421809	0.00367369431032178
256	MvSl-1064-A1-R4_MC04-1g05906	3.25786333361407	3.18109694904509e-26
257	MvSl-1064-A1-R4_MC04-1g05907	1.81536056197305	0.00185291549051752
258	MvSl-1064-A1-R4_MC04-1g05942	0.75221605593441	0.00401535085653316
259	MvSl-1064-A1-R4_MC04-1g05982	2.07990247419634	8.93488051927747e-14
260	MvSl-1064-A1-R4_MC04-1g06004	1.41538951721912	0.00142450157953817
261	MvSl-1064-A1-R4_MC04-1g06022	0.934997626004978	0.000633826042102425
262	MvSl-1064-A1-R4_MC04-1g06027	4.79300064569828	1.90160626027582e-10
263	MvSl-1064-A1-R4_MC04-1g06041	1.2358003000669	1.20681380161828e-05
264	MvSl-1064-A1-R4_MC04-2g06086	2.66261362391781	5.26396607496388e-31
265	MvSl-1064-A1-R4_MC05-1g06125	0.993534351685336	0.0109280405105754
266	MvSl-1064-A1-R4_MC05-1g06164	2.78242696493025	1.28358606735734e-09
267	MvSl-1064-A1-R4_MC05-1g06166	1.97595994001344	8.02964698821346e-07
268	MvSl-1064-A1-R4_MC05-1g06209	4.19665277330976	9.98454535383016e-15
269	MvSl-1064-A1-R4_MC05-1g06214	1.24083681388598	0.000165826413085873
270	MvSl-1064-A1-R4_MC05-1g06215	0.964037051979364	0.00133110242658786
271	MvSl-1064-A1-R4_MC05-1g06258	1.49021446118212	1.45752864909364e-05
272	MvSl-1064-A1-R4_MC05-1g06264	1.51979652399457	0.0247845025400041
273	MvSl-1064-A1-R4_MC05-1g06269	2.08863762338664	1.96383323920149e-07
274	MvSl-1064-A1-R4_MC05-2g06305	1.52371129581732	0.0144869751031594
275	MvSl-1064-A1-R4_MC05-2g06306	1.06152522025021	0.0284983076369381
276	MvSl-1064-A1-R4_MC05-2g06312	1.5193162977116	0.000530872016037904
277	MvSl-1064-A1-R4_MC05-2g06313	1.77262125281691	7.21903032940719e-06
278	MvSl-1064-A1-R4_MC05-2g06318	2.55643075961043	2.16610053778878e-19
279	MvSl-1064-A1-R4_MC05-2g06335	3.08374611575403	5.71945836745753e-24
280	MvSl-1064-A1-R4_MC05-2g06338	1.45178621101651	0.0188205239248481
281	MvSl-1064-A1-R4_MC05-2g06342	0.853495925246211	0.0165750962162397
282	MvSl-1064-A1-R4_MC05-2g06373	0.766967821188375	0.0104952127883196
283	MvSl-1064-A1-R4_MC05-2g06375	1.00869920732748	0.0186747744938712
284	MvSl-1064-A1-R4_MC05-2g06411	4.22596455108904	1.59634168436559e-62
285	MvSl-1064-A1-R4_MC05-2g06412	3.16141376220381	1.69282083545211e-47
286	MvSl-1064-A1-R4_MC05-2g06418	1.35523020412246	0.00427924408008205
287	MvSl-1064-A1-R4_MC05-2g06437	1.67889742168134	1.95220865338244e-09
288	MvSl-1064-A1-R4_MC05-2g06438	2.96143758377671	5.37403980200591e-26
289	MvSl-1064-A1-R4_MC05-3g06538	0.776147508254774	0.00636880536738002
290	MvSl-1064-A1-R4_MC05-3g06566	1.28155750546885	4.13806519838818e-05
291	MvSl-1064-A1-R4_MC05-3g06591	0.702247575827114	0.0162451117359178
292	MvSl-1064-A1-R4_MC05-3g06733	2.0690823632843	3.26336262709341e-22
293	MvSl-1064-A1-R4_MC05-3g06742	0.632505033599111	0.0132615962086025
294	MvSl-1064-A1-R4_MC05-3g06760	2.39997426679758	0.00408609741203252
295	MvSl-1064-A1-R4_MC05-3g06813	2.40683956624224	2.89447395238044e-17
296	MvSl-1064-A1-R4_MC06g06868	1.04563633260206	0.00825809201606547
297	MvSl-1064-A1-R4_MC06g06875	1.00342977385804	0.0305893347590118
298	MvSl-1064-A1-R4_MC06g06907	1.73488418259851	3.29349629944028e-10
299	MvSl-1064-A1-R4_MC06g06910	0.900762042197373	0.00100340746536887
300	MvSl-1064-A1-R4_MC06g06929	0.839276025780229	0.00242604192848354
301	MvSl-1064-A1-R4_MC06g06943	0.803685923035264	0.00679514478845754
302	MvSl-1064-A1-R4_MC06g07064	1.95491192140789	3.5429183187872e-05
303	MvSl-1064-A1-R4_MC06g07078	1.35918286773333	0.019637717650463
304	MvSl-1064-A1-R4_MC06g07102	2.35626656769593	4.57112893330917e-07
305	MvSl-1064-A1-R4_MC06g07124	3.01894867911577	1.5211348022625e-15
306	MvSl-1064-A1-R4_MC06g07138	4.55642439123528	7.4310722705707e-34
307	MvSl-1064-A1-R4_MC06g07179	0.920364088355201	0.0467859317131528
308	MvSl-1064-A1-R4_MC06g07191	1.25241382950679	0.000925984350430087
309	MvSl-1064-A1-R4_MC06g07295	9.84674268915228	1.4189054403815e-19
310	MvSl-1064-A1-R4_MC06g07296	1.92432832435775	1.60669645899822e-09
311	MvSl-1064-A1-R4_MC06g07297	3.35694533248392	5.2084883402778e-05
312	MvSl-1064-A1-R4_MC06g07471	1.29837133942056	0.00306110314951823
313	MvSl-1064-A1-R4_MC06g07527	0.864409551007132	0.0164222605127716
314	MvSl-1064-A1-R4_MC07g07549	3.00658670493903	5.75806994489469e-08
315	MvSl-1064-A1-R4_MC07g07592	1.13928287132028	0.0140397480581831
316	MvSl-1064-A1-R4_MC07g07597	0.699103105856047	0.0247367176942021
317	MvSl-1064-A1-R4_MC07g07612	0.777787865246425	0.0210392072383034
318	MvSl-1064-A1-R4_MC07g07660	1.00877946155499	0.00879593211312092
319	MvSl-1064-A1-R4_MC07g07674	0.730703377300033	0.0177319234161785
320	MvSl-1064-A1-R4_MC07g07702	0.841853586662374	0.00900223174957122
321	MvSl-1064-A1-R4_MC07g07754	1.39522088408031	2.4537986561737e-08
322	MvSl-1064-A1-R4_MC07g07835	1.35731880116303	0.0224347116259136
323	MvSl-1064-A1-R4_MC07g07850	3.06318613208139	3.52653267386844e-08
324	MvSl-1064-A1-R4_MC07g07851	1.37260419639618	0.0148318819953688
325	MvSl-1064-A1-R4_MC07g07868	0.68869493099026	0.0287715579803665
326	MvSl-1064-A1-R4_MC07g07960	1.12802112132071	0.0321563335151638
327	MvSl-1064-A1-R4_MC07g07962	0.927717832055976	0.00634139316512724
328	MvSl-1064-A1-R4_MC07g07963	1.53879225464064	0.0237572496516443
329	MvSl-1064-A1-R4_MC07g07964	1.31804691856412	0.0353708825901813
330	MvSl-1064-A1-R4_MC07g07981	0.89821967846434	8.80431369049741e-05
331	MvSl-1064-A1-R4_MC07g07983	0.993450233951893	0.0102048104202077
332	MvSl-1064-A1-R4_MC07g07988	1.15231340578249	0.00280973373557903
333	MvSl-1064-A1-R4_MC07g08004	2.06371257803617	3.46473287431377e-09
334	MvSl-1064-A1-R4_MC07g08076	1.36967728413669	5.88323023113237e-05
335	MvSl-1064-A1-R4_MC07g08078	1.08889010811911	0.0209270714129034
336	MvSl-1064-A1-R4_MC07g08153	1.75827979735185	1.20577354225521e-09
337	MvSl-1064-A1-R4_MC07g08235	1.20889714620813	1.45791357757241e-06
338	MvSl-1064-A1-R4_MC07g08246	0.644401431240697	0.00736704328382805
339	MvSl-1064-A1-R4_MC07g08249	1.46454635510694	0.0316529274672906
340	MvSl-1064-A1-R4_MC08g08304	1.42920824423161	0.0473781795263713
341	MvSl-1064-A1-R4_MC08g08310	1.25625602828255	0.0332492498699268
342	MvSl-1064-A1-R4_MC08g08311	3.47946705739762	3.4004916718836e-39
343	MvSl-1064-A1-R4_MC08g08367	2.14473140448909	3.64369784693591e-07
344	MvSl-1064-A1-R4_MC08g08368	1.64696208773127	1.85907351397964e-09
345	MvSl-1064-A1-R4_MC08g08369	3.91496943485954	7.36125316762643e-39
346	MvSl-1064-A1-R4_MC08g08447	0.978659121187051	0.0234758948746723
347	MvSl-1064-A1-R4_MC08g08448	1.66107442677144	0.000497599793012517
348	MvSl-1064-A1-R4_MC08g08472	0.800394399224032	0.00437027098249901
349	MvSl-1064-A1-R4_MC08g08498	1.01901729669552	0.00982528115301561
350	MvSl-1064-A1-R4_MC08g08595	0.622864127752343	0.0345718527135141
351	MvSl-1064-A1-R4_MC08g08648	1.76842509037751	1.11727362054596e-08
352	MvSl-1064-A1-R4_MC08g08752	0.744374677072215	0.0236982314823513
353	MvSl-1064-A1-R4_MC08g08754	8.53689637775136	2.26429855041446e-13
354	MvSl-1064-A1-R4_MC08g08762	1.01801611852088	2.50777512622463e-05
355	MvSl-1064-A1-R4_MC08g08800	2.90008074863147	0.000433568072257438
356	MvSl-1064-A1-R4_MC08g08810	1.05586147629156	0.0202473020156103
357	MvSl-1064-A1-R4_MC08g08837	2.35821265120309	5.73991127585554e-06
358	MvSl-1064-A1-R4_MC08g08883	2.69532203664063	6.84660590793536e-05
359	MvSl-1064-A1-R4_MC08g08895	2.63016118310472	5.2084883402778e-05
360	MvSl-1064-A1-R4_MC09-2g08931	0.629143974948969	0.0257871256689206
361	MvSl-1064-A1-R4_MC09-2g08943	1.78830433668872	8.55086682802119e-05
362	MvSl-1064-A1-R4_MC09-2g08965	1.3395572353214	5.92899031763407e-05
363	MvSl-1064-A1-R4_MC09-2g08966	2.05318313575508	1.14723306315599e-05
364	MvSl-1064-A1-R4_MC09-2g08970	2.49212897929408	1.83629747414182e-14
365	MvSl-1064-A1-R4_MC09-2g09067	5.75201435069907	5.2025484431601e-39
366	MvSl-1064-A1-R4_MC09-2g09089	0.756958869795635	0.0345969656305667
367	MvSl-1064-A1-R4_MC09-2g09127	1.54454219505772	0.0189971207813056
368	MvSl-1064-A1-R4_MC09-2g09143	0.918897516402191	0.000575367909045448
369	MvSl-1064-A1-R4_MC09-2g09144	11.7081520716182	7.64745513644847e-100
370	MvSl-1064-A1-R4_MC09-2g09242	0.602508439918471	0.030953767469246
371	MvSl-1064-A1-R4_MC09-2g09380	1.2698070318963	0.000472160102568597
372	MvSl-1064-A1-R4_MC09-2g09466	1.39107022737343	0.000128755165499424
373	MvSl-1064-A1-R4_MC09-2g09478	1.50282123263746	0.000120134548009954
374	MvSl-1064-A1-R4_MC09-2g09490	1.27607272971239	0.00121841815874766
375	MvSl-1064-A1-R4_MC09-2g09506	1.04713813640834	0.0140397480581831
376	MvSl-1064-A1-R4_MC09-2g09507	1.16185402427597	0.0226986968551777
377	MvSl-1064-A1-R4_MC09-2g09524	0.61370596462776	0.0364100300888323
378	MvSl-1064-A1-R4_MC09-2g09527	0.656897438218315	0.0177630267923406
379	MvSl-1064-A1-R4_MC09-2g09545	1.00786258897895	6.90546780072812e-05
380	MvSl-1064-A1-R4_MC09-2g09566	3.77054324576236	9.76777726860703e-09
381	MvSl-1064-A1-R4_MC10-1g09726	0.797961351576925	0.00247721351053515
382	MvSl-1064-A1-R4_MC10-1g09727	0.993097368992441	0.000248904294197628
383	MvSl-1064-A1-R4_MC10-1g09729	0.953365997121327	0.0332492498699268
384	MvSl-1064-A1-R4_MC10-1g09730	4.86508440137895	5.38662222078217e-80
385	MvSl-1064-A1-R4_MC10-1g09732	1.14214274149382	0.00065110732561386
386	MvSl-1064-A1-R4_MC10-1g09794	1.93706388537894	1.36459858186354e-14
387	MvSl-1064-A1-R4_MC10-1g09796	1.21701276978652	1.45752864909364e-05
388	MvSl-1064-A1-R4_MC10-1g09803	2.80364097223097	8.71976548253846e-09
389	MvSl-1064-A1-R4_MC10-1g09809	1.03212726498933	2.00951644518583e-05
390	MvSl-1064-A1-R4_MC10-1g09822	3.34956878417021	2.36976226642328e-07
391	MvSl-1064-A1-R4_MC10-1g09823	2.04445006043351	0.000101122956691962
392	MvSl-1064-A1-R4_MC10-1g09827	2.93123225450077	1.81927197651366e-06
393	MvSl-1064-A1-R4_MC10-1g09833	1.38164724420829	1.59785292487562e-08
394	MvSl-1064-A1-R4_MC10-2g09871	2.93947374424234	5.11124438622014e-08
395	MvSl-1064-A1-R4_MC10-2g09874	1.62549519304899	0.0253803413527558
396	MvSl-1064-A1-R4_MC10-2g09889	1.2501899575353	7.86314430453508e-05
397	MvSl-1064-A1-R4_MC10-2g09908	1.88309049275715	3.99165430765498e-08
398	MvSl-1064-A1-R4_MC10-2g09909	3.77165449691324	1.45031988002543e-15
399	MvSl-1064-A1-R4_MC10-2g09910	2.74140415819005	1.99421117880356e-12
400	MvSl-1064-A1-R4_MC10-2g09911	3.45500658338692	2.37561696267175e-06
401	MvSl-1064-A1-R4_MC10-2g09933	0.792862013515451	0.0307463725365323
402	MvSl-1064-A1-R4_MC10-2g09941	0.90885468707402	0.0110889449282414
403	MvSl-1064-A1-R4_MC10-2g09942	0.912511538309869	0.00032487653226906
404	MvSl-1064-A1-R4_MC10-2g09962	1.07273422932299	0.0144524120080801
405	MvSl-1064-A1-R4_MC10-2g09967	0.651488931887095	0.0397216481004571
406	MvSl-1064-A1-R4_MC10-2g09980	1.09648572896979	0.00522327123024269
407	MvSl-1064-A1-R4_MC10-2g09992	0.65467410339711	0.0204625256862155
408	MvSl-1064-A1-R4_MC10-2g10037	0.770463004928126	0.00259206965955113
409	MvSl-1064-A1-R4_MC10-2g10050	0.851554175413124	0.00131153889941434
410	MvSl-1064-A1-R4_MC10-2g10100	0.993766005629875	0.0338818591906728
411	MvSl-1064-A1-R4_MC10-2g10108	0.908359659794358	0.00660495107496708
412	MvSl-1064-A1-R4_MC10-2g10116	0.890572140956912	0.00418240404623251
413	MvSl-1064-A1-R4_MC10-2g10125	1.12174212150188	0.0226730388463188
414	MvSl-1064-A1-R4_MC10-2g10136	0.88719945960848	0.0178389909856883
415	MvSl-1064-A1-R4_MC10-2g10138	0.985340605370682	0.000291649605415337
416	MvSl-1064-A1-R4_MC10-2g10139	7.04519470803765	1.22059067073678e-57
417	MvSl-1064-A1-R4_MC11g10161	2.8712047837483	8.0534791349563e-06
418	MvSl-1064-A1-R4_MC11g10175	0.832206778038363	0.0145594359458561
419	MvSl-1064-A1-R4_MC11g10177	1.65236588560163	0.00270613417178067
420	MvSl-1064-A1-R4_MC11g10181	1.46494770038311	0.00154850811453719
421	MvSl-1064-A1-R4_MC11g10186	3.28694855849722	2.20754443806711e-10
422	MvSl-1064-A1-R4_MC11g10201	1.32172590319486	6.10735149048263e-07
423	MvSl-1064-A1-R4_MC11g10204	1.54098432285768	0.0376426783433052
424	MvSl-1064-A1-R4_MC11g10213	0.748689844390955	0.00378018117260622
425	MvSl-1064-A1-R4_MC11g10218	12.2938305839066	1.23415351600262e-65
426	MvSl-1064-A1-R4_MC11g10224	2.5451739728038	6.05432353370455e-07
427	MvSl-1064-A1-R4_MC11g10232	0.711969443039959	0.00770512488775548
428	MvSl-1064-A1-R4_MC11g10239	0.843585575593723	0.0280810150410901
429	MvSl-1064-A1-R4_MC11g10248	1.45132984499255	2.34359336113816e-08
430	MvSl-1064-A1-R4_MC11g10255	1.50987935520162	8.45447425388835e-08
431	MvSl-1064-A1-R4_MC11g10318	2.25193263652301	9.36838943206087e-05
432	MvSl-1064-A1-R4_MC11g10335	0.6808004399367	0.0161633129115856
433	MvSl-1064-A1-R4_MC11g10351	1.26215211515228	0.0444981116112373
434	MvSl-1064-A1-R4_MC11g10369	0.995195775939718	0.00249005833959519
435	MvSl-1064-A1-R4_MC11g10384	1.39509395686609	5.09483768445795e-11
436	MvSl-1064-A1-R4_MC11g10390	1.20254092199819	0.0312886302515544
437	MvSl-1064-A1-R4_MC11g10508	1.46943889256549	0.0224004108548842
438	MvSl-1064-A1-R4_MC11g10517	0.688426159206256	0.00893134143106597
439	MvSl-1064-A1-R4_MC11g10554	1.58131133644675	2.17806694291703e-07
440	MvSl-1064-A1-R4_MC11g10558	0.945299412979165	5.41029647770349e-05
441	MvSl-1064-A1-R4_MC11g10573	2.36553894613295	9.77550866685867e-12
442	MvSl-1064-A1-R4_MC11g10576	7.05414366108244	2.34474221485134e-88
443	MvSl-1064-A1-R4_MC11g10587	1.12678003331339	0.0465078702573041
444	MvSl-1064-A1-R4_MC11g10592	1.28106456750508	0.0378855431232963
445	MvSl-1064-A1-R4_MC11g10616	3.50444871117924	2.97971282895411e-16
446	MvSl-1064-A1-R4_MC11g10617	2.91323109286664	1.46911487621345e-17
447	MvSl-1064-A1-R4_MC11g10624	1.13670981742616	5.17681128856204e-08
448	MvSl-1064-A1-R4_MC11g10626	1.11845042467795	0.000120258134144053
449	MvSl-1064-A1-R4_MC11g10627	1.83237671340925	5.29198858465475e-06
450	MvSl-1064-A1-R4_MC11g10628	1.9556027938566	0.0019527562986903
451	MvSl-1064-A1-R4_MC11g10629	1.54888193797237	0.0104146858615407
452	MvSl-1064-A1-R4_MC11g10630	1.98730670938139	0.00022621568840871
453	MvSl-1064-A1-R4_MC11g10647	2.91606604814967	7.92217987402844e-15
454	MvSl-1064-A1-R4_MC11g10654	1.56194186084054	0.0199389804769645
455	MvSl-1064-A1-R4_MC11g10656	0.831400899482269	0.000683240849964909
456	MvSl-1064-A1-R4_MC11g10686	3.55652427320403	2.90821662394345e-09
457	MvSl-1064-A1-R4_MC11g10721	0.907863998881659	0.0446230152316622
458	MvSl-1064-A1-R4_MC11g10735	1.99925117978584	7.87553424176866e-06
459	MvSl-1064-A1-R4_MC12g10760	1.29151688465998	8.18648044630925e-07
460	MvSl-1064-A1-R4_MC12g10779	1.34064796270222	0.000388170933511479
461	MvSl-1064-A1-R4_MC12g10792	0.982321988383489	0.00235838733377236
462	MvSl-1064-A1-R4_MC12g10807	4.7351160292249	1.12142031541106e-13
463	MvSl-1064-A1-R4_MC12g10872	2.5478225798096	7.09031837073198e-11
464	MvSl-1064-A1-R4_MC12g10896	1.2008519979725	5.1579838159455e-07
465	MvSl-1064-A1-R4_MC12g10912	0.942594764401364	0.0390007000188405
466	MvSl-1064-A1-R4_MC12g10966	2.12068077921994	7.25953750306304e-09
467	MvSl-1064-A1-R4_MC12g11005	1.00452240357635	0.0392468733700134
468	MvSl-1064-A1-R4_MC12g11020	0.748127315404648	0.0030985208897497
469	MvSl-1064-A1-R4_MC12g11041	1.0290966236049	0.00266903293248983
470	MvSl-1064-A1-R4_MC12g11112	1.57375178013673	0.00434581405363718
471	MvSl-1064-A1-R4_MC12g11139	4.24551370038991	1.07447814500667e-18
472	MvSl-1064-A1-R4_MC12g11142	1.2891441745226	3.1519288726743e-06
473	MvSl-1064-A1-R4_MC12g11242	1.27688591146544	1.83872566108732e-05
474	MvSl-1064-A1-R4_MC13g11305	0.732837371156876	0.0143269446263176
475	MvSl-1064-A1-R4_MC13g11307	0.996925445355923	0.000418520540659104
476	MvSl-1064-A1-R4_MC13g11315	2.78385289293047	2.81643146756333e-23
477	MvSl-1064-A1-R4_MC13g11325	1.12345781745376	0.000497599793012517
478	MvSl-1064-A1-R4_MC13g11326	1.04348347834596	1.06935183774597e-05
479	MvSl-1064-A1-R4_MC13g11333	1.23075734731677	0.00056313105747374
480	MvSl-1064-A1-R4_MC13g11374	3.09088487136481	2.20754443806711e-10
481	MvSl-1064-A1-R4_MC13g11416	1.27147081092336	0.0212880109555799
482	MvSl-1064-A1-R4_MC13g11418	1.318892447384	0.000695366178175774
483	MvSl-1064-A1-R4_MC13g11443	0.682762411956273	0.0212880109555799
484	MvSl-1064-A1-R4_MC13g11462	0.802347177918938	0.0384515902621558
485	MvSl-1064-A1-R4_MC13g11558	3.91417785055222	3.95429691429012e-23
486	MvSl-1064-A1-R4_MC13g11584	0.892545644120303	0.011224244494208
487	MvSl-1064-A1-R4_MC13g11612	4.33220857477896	2.58924417281366e-23
488	MvSl-1064-A1-R4_MC13g11616	0.555728436757672	0.0321563335151638
489	MvSl-1064-A1-R4_MC13g11692	0.754928215800587	0.015308472219185
490	MvSl-1064-A1-R4_MC13g11714	1.09586017125628	0.00118556505570959
491	MvSl-1064-A1-R4_MC13g11715	2.71442631691046	4.19948976906864e-27
492	MvSl-1064-A1-R4_MC14g11747	1.35001529711052	0.00630102974799107
493	MvSl-1064-A1-R4_MC14g11772	1.07336181284975	0.0183434679460883
494	MvSl-1064-A1-R4_MC14g11775	0.865894149457593	0.0133417416277959
495	MvSl-1064-A1-R4_MC14g11804	3.90827941814954	2.78599352429981e-52
496	MvSl-1064-A1-R4_MC14g11805	0.616936309335641	0.0222570761227419
497	MvSl-1064-A1-R4_MC14g11878	3.0789235697613	1.82913702723596e-05
498	MvSl-1064-A1-R4_MC14g11894	2.9363283683286	7.51528700916227e-13
499	MvSl-1064-A1-R4_MC14g11916	0.955315009860636	0.00202957104166684
500	MvSl-1064-A1-R4_MC14g11962	2.95885419426542	3.34298857885098e-33
501	MvSl-1064-A1-R4_MC14g11964	1.27826388172953	0.00198658426857078
502	MvSl-1064-A1-R4_MC14g11965	2.02984638899513	2.26943178337161e-08
503	MvSl-1064-A1-R4_MC14g11969	1.39055315825184	7.25953750306304e-09
504	MvSl-1064-A1-R4_MC14g11979	1.48197188664267	2.46421624188853e-06
505	MvSl-1064-A1-R4_MC14g11984	1.8530220476823	3.38652861745493e-06
506	MvSl-1064-A1-R4_MC14g11989	2.30137880272638	2.11658928588471e-05
507	MvSl-1064-A1-R4_MC15g12018	1.40873675490089	2.39894456160084e-10
508	MvSl-1064-A1-R4_MC15g12050	1.60344383204188	7.56121630308054e-05
509	MvSl-1064-A1-R4_MC15g12121	1.90329216699789	5.26620653576304e-10
510	MvSl-1064-A1-R4_MC15g12133	2.43562140864059	2.59974197386292e-13
511	MvSl-1064-A1-R4_MC15g12134	4.02237549456181	8.75935230623114e-11
512	MvSl-1064-A1-R4_MC15g12135	1.52127871211744	4.05679732472309e-05
513	MvSl-1064-A1-R4_MC15g12136	0.80183621368476	0.00981304012469539
514	MvSl-1064-A1-R4_MC15g12144	7.96576018251135	8.34369081689432e-28
515	MvSl-1064-A1-R4_MC15g12147	1.01451441031023	0.000302915358020608
516	MvSl-1064-A1-R4_MC15g12148	3.53451954166997	6.06017542511632e-11
517	MvSl-1064-A1-R4_MC16g12180	3.85865738476061	3.58397666581082e-08
518	MvSl-1064-A1-R4_MC16g12187	1.46859320427858	1.05795628403079e-05
519	MvSl-1064-A1-R4_MC16g12190	0.753964863561352	0.0208151013301228
520	MvSl-1064-A1-R4_MC16g12194	2.21438200850052	0.0031373793511316
521	MvSl-1064-A1-R4_MC18g12254	4.54101414939061	2.97079872605269e-11
522	MvSl-1064-A1-R4_MC18g12262	3.5955085532718	1.25056963938517e-28
