gene A1 A2 ave_count
MvSl-1064-A1-R4_A1g00001	37.0852	23.9241	30.5033	
MvSl-1064-A1-R4_A1g00088 95.194 103.082 99.138
MvSl-1064-A1-R4_A1g00095 41.1687 76.6547 58.9117
MvSl-1064-A1-R4_A1g00103 21.1714 18.5803 19.8758
MvSl-1064-A1-R4_A1g00114 519.883 744.758 632.321
MvSl-1064-A1-R4_A1g00117 27.3236 32.6825 30.003
MvSl-1064-A1-R4_A1g00121 551.565 760.871 656.218
MvSl-1064-A1-R4_A1g00123 19.09 22.1797 20.6349
MvSl-1064-A1-R4_A1g00124 238.991 291.34 265.166
MvSl-1064-A1-R4_A1g00125 245.412 235.2 240.306
MvSl-1064-A1-R4_A1g00131 95 118 106.5
MvSl-1064-A1-R4_A1g00138 8.0487 19.0552 13.5519
MvSl-1064-A1-R4_A1g00139 32.463 22.2681 27.3655
MvSl-1064-A1-R4_A1g00145 68.8491 63.0948 65.972
MvSl-1064-A1-R4_A1g00146 31 29 30
MvSl-1064-A1-R4_A1g00158 5675.21 7409.76 6542.49
MvSl-1064-A1-R4_A1g00161 9.07961 9 9.03981
MvSl-1064-A1-R4_A1g00171 13.0534 23.245 18.1492
MvSl-1064-A1-R4_A1g00173 53353 50768 52060.5
MvSl-1064-A1-R4_A1g00176 183.744 243.415 213.579
MvSl-1064-A1-R4_A1g00177 9 9 9
MvSl-1064-A1-R4_A1g00183 209.458 251.955 230.707
MvSl-1064-A1-R4_A1g00187 173.766 153.447 163.606
MvSl-1064-A1-R4_A1g00190 328 438 383
MvSl-1064-A1-R4_A1g00191 1527.78 1665.56 1596.67
MvSl-1064-A1-R4_A1g00195 97.4777 56.3034 76.8906
MvSl-1064-A1-R4_A1g00201 1135.35 1930.21 1532.78
MvSl-1064-A1-R4_A1g00213 28.749 25.3354 27.0422
MvSl-1064-A1-R4_A1g00216 35.6129 28.9671 32.29
MvSl-1064-A1-R4_A1g00219 609.726 519.024 564.375
MvSl-1064-A1-R4_A1g00223 32.8416 52.9749 42.9082
MvSl-1064-A1-R4_A1g00224 23.8754 6.41136 15.1434
MvSl-1064-A1-R4_A1g00227 257.537 163.625 210.581
MvSl-1064-A1-R4_A1g00234 93.6196 140.81 117.215
MvSl-1064-A1-R4_A1g00236 13301.3 14866 14083.6
MvSl-1064-A1-R4_A1g00239 672.591 1304.07 988.331
MvSl-1064-A1-R4_A1g00244 214 174 194
MvSl-1064-A1-R4_A1g00250 150.312 113.397 131.855
MvSl-1064-A1-R4_A1g00255 182 127.3 154.65
MvSl-1064-A1-R4_A1g00257 1259.87 1375.21 1317.54
MvSl-1064-A1-R4_A1g00266 814.449 892.439 853.444
MvSl-1064-A1-R4_A1g00282 29.2357 23.281 26.2584
MvSl-1064-A1-R4_A1g00293 400.366 424.723 412.544
MvSl-1064-A1-R4_A1g00294 634.094 451.384 542.739
MvSl-1064-A1-R4_A1g00296 213.888 227.481 220.685
MvSl-1064-A1-R4_A1g00298 227.595 194.23 210.912
MvSl-1064-A1-R4_A1g00299 81.0914 83.2397 82.1655
MvSl-1064-A1-R4_A1g00301 24.8306 25.465 25.1478
MvSl-1064-A1-R4_A1g00314 44.5148 48.4155 46.4652
MvSl-1064-A1-R4_A1g00317 247.647 192.255 219.951
MvSl-1064-A1-R4_A1g00328 115 182 148.5
MvSl-1064-A1-R4_A1g00330 296.023 299.726 297.875
MvSl-1064-A1-R4_A1g00332 13 15 14
MvSl-1064-A1-R4_A1g00336 17 8 12.5
MvSl-1064-A1-R4_A1g00338 20 18 19
MvSl-1064-A1-R4_A1g00340 2410.91 4041.22 3226.06
MvSl-1064-A1-R4_A1g00342 1108 1368.86 1238.43
MvSl-1064-A1-R4_A1g00345 28 16.4049 22.2024
MvSl-1064-A1-R4_A1g00346 850.301 1091.24 970.771
MvSl-1064-A1-R4_A1g00353 1940.05 2831.69 2385.87
MvSl-1064-A1-R4_A1g00355 9439.36 18802.6 14121
MvSl-1064-A1-R4_A1g00362 33.869 37.4396 35.6543
MvSl-1064-A1-R4_A1g00388 89.6063 85.129 87.3676
MvSl-1064-A1-R4_A1g00410 656.562 794.334 725.448
MvSl-1064-A1-R4_A1g00413 3802.36 6796.35 5299.36
MvSl-1064-A1-R4_A1g00416 217.449 208.543 212.996
MvSl-1064-A1-R4_A1g00429 467.191 489.535 478.363
MvSl-1064-A1-R4_A1g00431 81.6072 106.18 93.8936
MvSl-1064-A1-R4_A1g00435 391.634 406.277 398.956
MvSl-1064-A1-R4_A1g00443 284.901 296.115 290.508
MvSl-1064-A1-R4_A1g00450 15.447 22.1523 18.7996
MvSl-1064-A1-R4_A1g00451 5.7678 6.22665 5.99723
MvSl-1064-A1-R4_A1g00452 529.137 684.088 606.612
MvSl-1064-A1-R4_A1g00454 118.603 93.8924 106.248
MvSl-1064-A1-R4_A1g00460 87.7431 72.5893 80.1662
MvSl-1064-A1-R4_A1g00461 100.552 144.165 122.358
MvSl-1064-A1-R4_A1g00480 36.319 37.9459 37.1325
MvSl-1064-A1-R4_A1g00484 9 5 7
MvSl-1064-A1-R4_A1g00489 2116.48 2405.19 2260.84
MvSl-1064-A1-R4_A1g00493 23.6165 43 33.3083
MvSl-1064-A1-R4_A1g00526 1091 1098 1094.5
MvSl-1064-A1-R4_A1g00531 16 10 13
MvSl-1064-A1-R4_A1g00536 122.178 121.824 122.001
MvSl-1064-A1-R4_A1g00539 72.1123 58.189 65.1506
MvSl-1064-A1-R4_A1g00545 92 69 80.5
MvSl-1064-A1-R4_A1g00548 132.184 87.2017 109.693
MvSl-1064-A1-R4_A1g00550 281 290 285.5
MvSl-1064-A1-R4_A1g00551 1245.24 1225.45 1235.35
MvSl-1064-A1-R4_A1g00552 70.3145 87.7036 79.0091
MvSl-1064-A1-R4_A1g00555 20.9423 21.2808 21.1116
MvSl-1064-A1-R4_A1g00557 174.9 76.4573 125.679
MvSl-1064-A1-R4_A1g00560 164.917 155 159.959
MvSl-1064-A1-R4_A1g00565 15.6962 8.97974 12.338
MvSl-1064-A1-R4_A1g00567 706.645 721.161 713.903
MvSl-1064-A1-R4_A1g00578 69.1177 108.927 89.0224
MvSl-1064-A1-R4_A1g00582 2196.4 3563.61 2880.01
MvSl-1064-A1-R4_A1g00595 325.018 302.897 313.957
MvSl-1064-A1-R4_A1g00596 6.73545 7.59875 7.1671
MvSl-1064-A1-R4_A1g00607 37.066 47.4779 42.272
MvSl-1064-A1-R4_A1g00619 5.31879 7.56251 6.44065
MvSl-1064-A1-R4_A1g00620 392 491 441.5
MvSl-1064-A1-R4_A1g00621 134.196 215 174.598
MvSl-1064-A1-R4_A1g00622 2253.16 2074.22 2163.69
MvSl-1064-A1-R4_A1g00628 170.831 239.041 204.936
MvSl-1064-A1-R4_A1g00630 784 719 751.5
MvSl-1064-A1-R4_A1g00631 528 482 505
MvSl-1064-A1-R4_A1g00632 163 180 171.5
MvSl-1064-A1-R4_A1g00633 1184 1142 1163
MvSl-1064-A1-R4_A1g00636 1192.85 2268.35 1730.6
MvSl-1064-A1-R4_A1g00638 19.1645 24.1063 21.6354
MvSl-1064-A1-R4_A1g00640 838 1125 981.5
MvSl-1064-A1-R4_A1g00659 85 67 76
MvSl-1064-A1-R4_A1g00666 7.38067 6.09089 6.73578
MvSl-1064-A1-R4_A1g00673 92.2599 97.0549 94.6574
MvSl-1064-A1-R4_A1g00676 2005.39 3293.89 2649.64
MvSl-1064-A1-R4_A1g00685 83.9595 57.183 70.5713
MvSl-1064-A1-R4_A1g00686 43.7185 37.5122 40.6153
MvSl-1064-A1-R4_A1g00688 32.5056 34.7545 33.63
MvSl-1064-A1-R4_A1g00690 1558.2 1615.34 1586.77
MvSl-1064-A1-R4_A1g00697 940.429 1108.8 1024.61
MvSl-1064-A1-R4_A1g00698 568.905 660.267 614.586
MvSl-1064-A1-R4_A1g00705 442.751 558.706 500.728
MvSl-1064-A1-R4_A1g00707 2305.07 2846 2575.53
MvSl-1064-A1-R4_A1g00716 93.1825 87.5435 90.363
MvSl-1064-A1-R4_A1g00720 888.818 879.569 884.193
MvSl-1064-A1-R4_A1g00724 67.7901 79.218 73.5041
MvSl-1064-A1-R4_A1g00736 114.211 85.4713 99.8411
MvSl-1064-A1-R4_A1g00748 816 804 810
MvSl-1064-A1-R4_A1g00754 3521.47 3051.29 3286.38
MvSl-1064-A1-R4_A1g00758 635.457 650.442 642.949
MvSl-1064-A1-R4_A1g00759 709.126 674.833 691.979
MvSl-1064-A1-R4_A1g00765 44 23 33.5
MvSl-1064-A1-R4_A1g00771 19.1887 15.0879 17.1383
MvSl-1064-A1-R4_A1g00780 116.436 108.117 112.276
MvSl-1064-A1-R4_A1g00787 31.1807 41.2464 36.2135
MvSl-1064-A1-R4_A1g00810 153.527 174.531 164.029
MvSl-1064-A1-R4_A1g00811 67 63 65
MvSl-1064-A1-R4_A1g00814 58.5855 75.3829 66.9842
MvSl-1064-A1-R4_A1g00815 68.614 63.5991 66.1065
MvSl-1064-A1-R4_A1g00816 87.2091 126.456 106.833
MvSl-1064-A1-R4_A1g00824 1620.44 2525.87 2073.15
MvSl-1064-A1-R4_A1g00827 44.3062 223 133.653
MvSl-1064-A1-R4_A1g00833 151.149 150.263 150.706
MvSl-1064-A1-R4_A1g00839 5176 5230 5203
MvSl-1064-A1-R4_A1g00841 127 80 103.5
MvSl-1064-A1-R4_A1g00851 33.1731 33.1943 33.1837
MvSl-1064-A1-R4_A1g00852 94.0888 66.5531 80.321
MvSl-1064-A1-R4_A1g00857 91.6275 124.28 107.954
MvSl-1064-A1-R4_A1g00859 111.104 111.186 111.145
MvSl-1064-A1-R4_A1g00861 46.4827 36 41.2413
MvSl-1064-A1-R4_A1g00863 275.989 194.694 235.341
MvSl-1064-A1-R4_A1g00865 194.326 151.013 172.669
MvSl-1064-A1-R4_A1g00872 5.57023 6.13629 5.85326
MvSl-1064-A1-R4_A1g00877 237.314 195.158 216.236
MvSl-1064-A1-R4_A1g00882 1081.33 987.524 1034.43
MvSl-1064-A1-R4_A1g00884 2523.8 3275.18 2899.49
MvSl-1064-A1-R4_A1g00889 124.955 131.991 128.473
MvSl-1064-A1-R4_A1g00891 375.149 279.964 327.557
MvSl-1064-A1-R4_A1g00909 141.958 176.702 159.33
MvSl-1064-A1-R4_A1g00914 10092.6 17567.9 13830.2
MvSl-1064-A1-R4_A1g00919 33.8509 71.6463 52.7486
MvSl-1064-A1-R4_A1g00925 118.698 104.185 111.441
MvSl-1064-A1-R4_A1g00931 155 120 137.5
MvSl-1064-A1-R4_A1g00932 5 5.00298 5.00149
MvSl-1064-A1-R4_A1g00939 8 5 6.5
MvSl-1064-A1-R4_A1g00945 25 23.0835 24.0418
MvSl-1064-A1-R4_A1g00947 62.2874 68.4135 65.3504
MvSl-1064-A1-R4_A1g00951 254.044 236.618 245.331
MvSl-1064-A1-R4_A1g00967 536.708 521.397 529.053
MvSl-1064-A1-R4_A1g00976 143.575 81.84 112.707
MvSl-1064-A1-R4_A1g00980 316.647 533.079 424.863
MvSl-1064-A1-R4_A1g00994 68.711 21.1996 44.9553
MvSl-1064-A1-R4_A1g00996 2370 2083 2226.5
MvSl-1064-A1-R4_A1g01000 251.657 244.3 247.978
MvSl-1064-A1-R4_A1g01001 44.4561 45.0191 44.7376
MvSl-1064-A1-R4_A1g01011 1216.54 1618.43 1417.49
MvSl-1064-A1-R4_A1g01013 69.2415 120.288 94.7647
MvSl-1064-A1-R4_A1g01019 834.934 841.5 838.217
MvSl-1064-A1-R4_A1g01032 27.9785 28.2485 28.1135
MvSl-1064-A1-R4_A1g01033 257.064 208.763 232.913
MvSl-1064-A1-R4_A1g01034 2631.57 3561.18 3096.38
MvSl-1064-A1-R4_A1g01040 81.5853 53.7467 67.666
MvSl-1064-A1-R4_A1g01043 6 5 5.5
MvSl-1064-A1-R4_A1g01044 8.28403 8.28899 8.28651
MvSl-1064-A1-R4_A1g01125 34.1463 30.74 32.4431
MvSl-1064-A1-R4_A1g01128 18.1314 15.1006 16.616
MvSl-1064-A1-R4_A1g01130 10.1276 7.04088 8.58424
MvSl-1064-A1-R4_A1g01131 249.453 279.392 264.423
MvSl-1064-A1-R4_A1g01138 5.01839 7.01325 6.01582
MvSl-1064-A1-R4_A1g01142 321.383 368.277 344.83
MvSl-1064-A1-R4_A1g01145 75.6065 59.9842 67.7953
MvSl-1064-A1-R4_A1g01155 24.0166 14.9565 19.4866
MvSl-1064-A1-R4_A1g01158 10 20 15
MvSl-1064-A1-R4_A1g01172 126.336 149.755 138.046
MvSl-1064-A1-R4_A1g01179 268.198 243.52 255.859
MvSl-1064-A1-R4_A1g01186 227.765 205.521 216.643
MvSl-1064-A1-R4_A1g01190 831.231 754.467 792.849
MvSl-1064-A1-R4_A1g01191 395 383 389
MvSl-1064-A1-R4_A1g01192 2786.49 3044.73 2915.61
MvSl-1064-A1-R4_A1g01193 301.826 316.077 308.952
MvSl-1064-A1-R4_A1g01218 2387.16 2367.43 2377.3
MvSl-1064-A1-R4_A1g01226 203.269 151.442 177.356
MvSl-1064-A1-R4_A1g01230 2060 1715 1887.5
MvSl-1064-A1-R4_A1g01233 12 26 19
MvSl-1064-A1-R4_A1g01234 2036 2066 2051
MvSl-1064-A1-R4_A1g01240 997.291 997.436 997.364
MvSl-1064-A1-R4_A1g01246 10.5435 18.2915 14.4175
MvSl-1064-A1-R4_A1g01249 2386.59 2040.96 2213.78
MvSl-1064-A1-R4_A1g01254 212.016 240.129 226.072
MvSl-1064-A1-R4_A1g01255 624.034 974.819 799.427
MvSl-1064-A1-R4_A1g01257 29.885 39.1488 34.5169
MvSl-1064-A1-R4_A1g01267 1723.24 1889.67 1806.45
MvSl-1064-A1-R4_A1g01268 2305.94 2009.04 2157.49
MvSl-1064-A1-R4_A1g01269 2990.04 3526.4 3258.22
MvSl-1064-A1-R4_A1g01273 97.4144 79.4444 88.4294
MvSl-1064-A1-R4_A1g01294 774.999 649.723 712.361
MvSl-1064-A1-R4_A1g01305 1146.03 1705.46 1425.74
MvSl-1064-A1-R4_A1g01306 87.78 54.5476 71.1638
MvSl-1064-A1-R4_A1g01308 10 7 8.5
MvSl-1064-A1-R4_A1g01312 333.974 392.574 363.274
MvSl-1064-A1-R4_A1g01315 137.38 87.4103 112.395
MvSl-1064-A1-R4_A1g01316 1101.96 1237.96 1169.96
MvSl-1064-A1-R4_A1g01318 42.1948 75.28 58.7374
MvSl-1064-A1-R4_A1g01337 312.372 316.666 314.519
MvSl-1064-A1-R4_A1g01338 429.162 445.374 437.268
MvSl-1064-A1-R4_A1g01344 35.8815 58.8781 47.3798
MvSl-1064-A1-R4_A1g01352 233.749 261.004 247.377
MvSl-1064-A1-R4_A1g01356 21.3636 15.8306 18.5971
MvSl-1064-A1-R4_A1g01360 135.493 114.056 124.774
MvSl-1064-A1-R4_A1g01370 1120 911 1015.5
MvSl-1064-A1-R4_A1g01371 83 52 67.5
MvSl-1064-A1-R4_A1g01377 521 403 462
MvSl-1064-A1-R4_A1g01391 56.8312 52.689 54.7601
MvSl-1064-A1-R4_A1g01395 228 243 235.5
MvSl-1064-A1-R4_A1g01398 31 27 29
MvSl-1064-A1-R4_A1g01400 23 11 17
MvSl-1064-A1-R4_A1g01401 277 77 177
MvSl-1064-A1-R4_A1g01402 359 362 360.5
MvSl-1064-A1-R4_A1g01403 84 59 71.5
MvSl-1064-A1-R4_A1g01410 43.1212 41.4036 42.2624
MvSl-1064-A1-R4_A1g01425 18.5246 8.25961 13.3921
MvSl-1064-A1-R4_A1g01429 180.442 172.788 176.615
MvSl-1064-A1-R4_A1g01430 159.377 135.734 147.555
