gene	water1	water2	rich1	rich2	di1	di2
MvSl-1064-A1-R4_A1g00001	37.0852	23.9241	37.0962	8.98545	82.2611	40.4695
MvSl-1064-A1-R4_A1g00012	3.35636	0.78761	0	0	1.7971	3.05999
MvSl-1064-A1-R4_A1g00088	95.194	103.082	72.2621	86.4977	29.9217	47.5132
MvSl-1064-A1-R4_A1g00090	0	0	0	0	0	2
MvSl-1064-A1-R4_A1g00094	0	0	2.03112	4	1.3216	0
MvSl-1064-A1-R4_A1g00095	41.1687	76.6547	252.579	316.247	216.053	181.196
MvSl-1064-A1-R4_A1g00096	0	0	0	0	2	2
MvSl-1064-A1-R4_A1g00101	78	81	14	9	14	33
MvSl-1064-A1-R4_A1g00103	21.1714	18.5803	9.26156	4.10733	3.21148	8.28207
MvSl-1064-A1-R4_A1g00105	0	0	0	0	0	0
MvSl-1064-A1-R4_A1g00114	519.883	744.758	315.437	372.856	342.572	370.07
MvSl-1064-A1-R4_A1g00117	27.3236	32.6825	41.2764	30.4935	74.8752	73.1284
MvSl-1064-A1-R4_A1g00121	551.565	760.871	1130.92	1791.75	669.481	638.693
MvSl-1064-A1-R4_A1g00123	19.09	22.1797	7.04206	5.02538	13.3047	14.2355
MvSl-1064-A1-R4_A1g00124	238.991	291.34	34.512	18.4299	296.528	350.223
MvSl-1064-A1-R4_A1g00125	245.412	235.2	364.266	363.401	195.067	218.157
MvSl-1064-A1-R4_A1g00131	95	118	150	175	186	167
MvSl-1064-A1-R4_A1g00135	3.68869	5.03259	1.48706	1.50168	30.431	39.1839
MvSl-1064-A1-R4_A1g00138	8.0487	19.0552	8.05398	10.0832	7.04379	14.1822
MvSl-1064-A1-R4_A1g00139	32.463	22.2681	28.3894	25.3999	44.08	53.1231
MvSl-1064-A1-R4_A1g00140	2.54307	4.953	4.97338	3.43894	5.44852	3.71907
MvSl-1064-A1-R4_A1g00145	68.8491	63.0948	367.388	526.951	51.7505	38.2035
MvSl-1064-A1-R4_A1g00146	31	29	178.18	179	18.4889	28.079
MvSl-1064-A1-R4_A1g00148	2	2	1	1	0	1
MvSl-1064-A1-R4_A1g00156	238.188	237.094	187.641	171.581	258.361	294.574
MvSl-1064-A1-R4_A1g00158	5675.21	7409.76	2143.12	3946.89	2627.21	5722.37
MvSl-1064-A1-R4_A1g00161	9.07961	9	2	0	4	4
MvSl-1064-A1-R4_A1g00169	64.0453	131.475	239.491	420.408	112.447	159.32
MvSl-1064-A1-R4_A1g00171	13.0534	23.245	5.16293	10.5156	9.4554	14.4274
MvSl-1064-A1-R4_A1g00173	53353	50768	467	215	1255	1798
MvSl-1064-A1-R4_A1g00176	183.744	243.415	188.694	301.098	193.558	163.166
MvSl-1064-A1-R4_A1g00177	9	9	6	8	7	9
MvSl-1064-A1-R4_A1g00183	209.458	251.955	365.991	453.494	190.78	207.54
MvSl-1064-A1-R4_A1g00187	173.766	153.447	171.507	225.895	99.2742	120.431
MvSl-1064-A1-R4_A1g00190	328	438	105	105	214	214
MvSl-1064-A1-R4_A1g00191	1527.78	1665.56	2546.3	4912.64	1040.56	1134.29
MvSl-1064-A1-R4_A1g00195	97.4777	56.3034	34.9741	29.853	677.639	743.634
MvSl-1064-A1-R4_A1g00196	2.7287	1.1583	6.64967	3.99145	0	3.14085
MvSl-1064-A1-R4_A1g00198	285.472	209.678	84.5116	86.13	207.733	259.638
MvSl-1064-A1-R4_A1g00199	1	1	1	0	0	0
MvSl-1064-A1-R4_A1g00201	1135.35	1930.21	665.513	979.106	458.105	580.898
MvSl-1064-A1-R4_A1g00202	0	0	3	4	0	1
MvSl-1064-A1-R4_A1g00204	0	0	1.84428	0	2.15566	1.06669
MvSl-1064-A1-R4_A1g00213	28.749	25.3354	7.97754	4.62905	21.6753	28.9767
MvSl-1064-A1-R4_A1g00216	35.6129	28.9671	51.2417	71.0426	14.6664	28.0823
MvSl-1064-A1-R4_A1g00219	609.726	519.024	129.548	129.56	242.093	399.051
MvSl-1064-A1-R4_A1g00223	32.8416	52.9749	7.60294	2.17841	81.6146	110.627
MvSl-1064-A1-R4_A1g00224	23.8754	6.41136	7.45716	7.26866	83.6469	50.1861
MvSl-1064-A1-R4_A1g00226	1.05079	1.05769	6.26431	8.29773	1.98119	0
MvSl-1064-A1-R4_A1g00227	257.537	163.625	214.225	346.181	166.781	259.557
MvSl-1064-A1-R4_A1g00232	27.1494	25.1236	65.2277	44.1095	32.543	50.3283
MvSl-1064-A1-R4_A1g00234	93.6196	140.81	34.5211	46.0681	13.8712	36.0886
MvSl-1064-A1-R4_A1g00236	13301.3	14866	4565.09	6781.21	4764.34	5424.31
MvSl-1064-A1-R4_A1g00239	672.591	1304.07	206.122	373.413	403.663	409.823
MvSl-1064-A1-R4_A1g00244	214	174	20	15	129	221
MvSl-1064-A1-R4_A1g00250	150.312	113.397	81.2713	47.9602	65.4077	96.7795
MvSl-1064-A1-R4_A1g00255	182	127.3	168	369.739	271.389	334.3
MvSl-1064-A1-R4_A1g00257	1259.87	1375.21	2443.35	1584.8	2504.85	2865.86
MvSl-1064-A1-R4_A1g00266	814.449	892.439	756.114	835.73	632.631	783.62
MvSl-1064-A1-R4_A1g00267	1	1	1	0	44.0727	51.1093
MvSl-1064-A1-R4_A1g00282	29.2357	23.281	0	0	32.0392	15.3247
MvSl-1064-A1-R4_A1g00284	0	0	0	0	0	0
MvSl-1064-A1-R4_A1g00286	0	0	0	0	0	1.89962
MvSl-1064-A1-R4_A1g00288	3.69948	0.562251	6.66952	7.49297	3.61505	4.57858
MvSl-1064-A1-R4_A1g00293	400.366	424.723	305.883	415.533	274.118	360.579
MvSl-1064-A1-R4_A1g00294	634.094	451.384	153.106	178.126	300.025	391.814
MvSl-1064-A1-R4_A1g00296	213.888	227.481	299.975	235.108	265.24	227.074
MvSl-1064-A1-R4_A1g00298	227.595	194.23	340.217	400.253	196.058	175.528
MvSl-1064-A1-R4_A1g00299	81.0914	83.2397	151.57	135.86	85.7613	98.8913
MvSl-1064-A1-R4_A1g00301	24.8306	25.465	0	8.16303	25.2717	22.739
MvSl-1064-A1-R4_A1g00304	0	0	0	0	0	0
MvSl-1064-A1-R4_A1g00314	44.5148	48.4155	43.3937	41.2236	43.8373	83.5099
MvSl-1064-A1-R4_A1g00315	25.7715	19.9165	10.3866	5.15092	13.9114	14.0612
MvSl-1064-A1-R4_A1g00317	247.647	192.255	174.194	339.998	367.631	342.952
MvSl-1064-A1-R4_A1g00324	3.43541	4.28431	11.9264	16.2387	8.09116	10.2793
MvSl-1064-A1-R4_A1g00325	0	0	1	2	2	0
MvSl-1064-A1-R4_A1g00328	115	182	360	545	277	176
MvSl-1064-A1-R4_A1g00330	296.023	299.726	183.055	312.728	112.594	121.775
MvSl-1064-A1-R4_A1g00332	13	15	5	3	4	10
MvSl-1064-A1-R4_A1g00333	3.12783	3.16936	2.02664	2.05589	0	0
MvSl-1064-A1-R4_A1g00336	17	8	1	2	5	5
MvSl-1064-A1-R4_A1g00337	0	1	0	0	0	0
MvSl-1064-A1-R4_A1g00338	20	18	2	3	9	12
MvSl-1064-A1-R4_A1g00340	2410.91	4041.22	149.731	346	167.488	223.312
MvSl-1064-A1-R4_A1g00342	1108	1368.86	417	586	434.856	389.925
MvSl-1064-A1-R4_A1g00345	28	16.4049	8.94792	1.01693	22.4164	56.1752
MvSl-1064-A1-R4_A1g00346	850.301	1091.24	544.512	650.651	954.276	1515.29
MvSl-1064-A1-R4_A1g00353	1940.05	2831.69	915.114	1420.14	627.489	963.134
MvSl-1064-A1-R4_A1g00355	9439.36	18802.6	1724.45	2383.47	3595.23	5199.58
MvSl-1064-A1-R4_A1g00356	90.8272	125.457	21.2506	19.2004	28.1311	48.9233
MvSl-1064-A1-R4_A1g00362	33.869	37.4396	97.4797	56.6757	19.6866	24.5933
MvSl-1064-A1-R4_A1g00381	0	0	1	1.249	1.22312	0
MvSl-1064-A1-R4_A1g00385	0	4	0	0	2	1
MvSl-1064-A1-R4_A1g00387	66.1779	47.9721	3.07928	9	16.0763	14.3402
MvSl-1064-A1-R4_A1g00388	89.6063	85.129	85.0474	72.2665	50.3464	37.6865
MvSl-1064-A1-R4_A1g00410	656.562	794.334	459.969	312.38	225.366	312.968
MvSl-1064-A1-R4_A1g00413	3802.36	6796.35	2186.16	4045.2	1083.5	2233.37
MvSl-1064-A1-R4_A1g00415	6	4.60215	5	2	5.6315	4.57838
MvSl-1064-A1-R4_A1g00416	217.449	208.543	225.218	226.007	179.104	205.166
MvSl-1064-A1-R4_A1g00417	135.29	119.298	141.027	119.402	166.912	156.52
MvSl-1064-A1-R4_A1g00419	3	2	0	1	5	3
MvSl-1064-A1-R4_A1g00424	1	0	0	0	2	7
MvSl-1064-A1-R4_A1g00429	467.191	489.535	152.403	101.338	660.345	1061.02
MvSl-1064-A1-R4_A1g00431	81.6072	106.18	132.067	202.75	2563.79	2270.05
MvSl-1064-A1-R4_A1g00435	391.634	406.277	144.117	160.467	368.397	419.421
MvSl-1064-A1-R4_A1g00443	284.901	296.115	80.4731	110.807	129.544	147.204
MvSl-1064-A1-R4_A1g00445	37	34	25	39	26	39
MvSl-1064-A1-R4_A1g00449	0	0	0	0	1.50426	2.5384
MvSl-1064-A1-R4_A1g00450	15.447	22.1523	66.4046	48	105.149	107.393
MvSl-1064-A1-R4_A1g00451	5.7678	6.22665	9.174	7.46034	13.8405	3.50286
MvSl-1064-A1-R4_A1g00452	529.137	684.088	852.73	909.433	529.355	491.458
MvSl-1064-A1-R4_A1g00454	118.603	93.8924	13.8207	11.3978	112.046	138.069
MvSl-1064-A1-R4_A1g00456	1.01706	1.02026	0	0	0	1.06798
MvSl-1064-A1-R4_A1g00457	0	0	0	0	0	1
MvSl-1064-A1-R4_A1g00460	87.7431	72.5893	33.8045	53.7512	71.3695	89.9648
MvSl-1064-A1-R4_A1g00461	100.552	144.165	110.659	184.226	42.2844	70.7271
MvSl-1064-A1-R4_A1g00472	10.5364	6.58547	20.7783	20.4841	14.5228	16.4743
MvSl-1064-A1-R4_A1g00473	0.374533	1.10732	1	0	0	1.02134
MvSl-1064-A1-R4_A1g00477	168	171	288	432	168	100
MvSl-1064-A1-R4_A1g00479	12	1	5	11	1	2
MvSl-1064-A1-R4_A1g00480	36.319	37.9459	8.05758	27.1875	42.7984	71.2891
MvSl-1064-A1-R4_A1g00484	9	5	6	0	0	1
MvSl-1064-A1-R4_A1g00485	0	2.01043	1.02786	0	9.12641	2.60315
MvSl-1064-A1-R4_A1g00486	5	4	4	2	3	1.01191
MvSl-1064-A1-R4_A1g00488	28.8455	19.6093	15.9613	27.3159	6.79405	27.1023
MvSl-1064-A1-R4_A1g00489	2116.48	2405.19	1281.06	1930.3	1362.6	1462.22
MvSl-1064-A1-R4_A1g00493	23.6165	43	46.6032	47.5192	22.8716	27
MvSl-1064-A1-R4_A1g00494	7	11	16	27	26	7.08643
MvSl-1064-A1-R4_A1g00499	2.38448	3.45847	0	0	2.70888	1.5689
MvSl-1064-A1-R4_A1g00502	0	0	0	0	0	0
MvSl-1064-A1-R4_A1g00526	1091	1098	2344	3703	896	987
MvSl-1064-A1-R4_A1g00531	16	10	12	18	21	23
MvSl-1064-A1-R4_A1g00536	122.178	121.824	170.792	180.396	115.719	95.0505
MvSl-1064-A1-R4_A1g00539	72.1123	58.189	41.6633	57.0177	28.7619	38.832
MvSl-1064-A1-R4_A1g00545	92	69	22	16	18	18
MvSl-1064-A1-R4_A1g00548	132.184	87.2017	66.5867	90.0968	219.533	205.402
MvSl-1064-A1-R4_A1g00550	281	290	129	150	115	168
MvSl-1064-A1-R4_A1g00551	1245.24	1225.45	316.838	497.522	876.925	1172.88
MvSl-1064-A1-R4_A1g00552	70.3145	87.7036	39.2116	32.1445	46.2553	38.8516
MvSl-1064-A1-R4_A1g00555	20.9423	21.2808	89.1465	171.656	18.0156	15.7612
MvSl-1064-A1-R4_A1g00556	0	0	0	0	0	0
MvSl-1064-A1-R4_A1g00557	174.9	76.4573	2.43119	2.13765	170.132	183.858
MvSl-1064-A1-R4_A1g00560	164.917	155	141.786	105.155	141.962	114.927
MvSl-1064-A1-R4_A1g00561	230.661	227.624	98.7949	144.864	123.731	232.769
MvSl-1064-A1-R4_A1g00564	0	0	36.104	93.1064	0	0
MvSl-1064-A1-R4_A1g00565	15.6962	8.97974	23.5906	23.2638	5.98879	8.57883
MvSl-1064-A1-R4_A1g00567	706.645	721.161	195.834	224.806	562.634	609.863
MvSl-1064-A1-R4_A1g00571	1.86979	1.43296	2.02589	3.01021	0	2.49578
MvSl-1064-A1-R4_A1g00574	37	39	4	6	16	15
MvSl-1064-A1-R4_A1g00578	69.1177	108.927	23.3315	20.3258	8.27045	29.7373
MvSl-1064-A1-R4_A1g00582	2196.4	3563.61	494.544	739.572	713.083	1260.71
MvSl-1064-A1-R4_A1g00585	0	0	0	0	0	0
MvSl-1064-A1-R4_A1g00588	2.57553	2.44388	0	0	35.8663	51.5169
MvSl-1064-A1-R4_A1g00595	325.018	302.897	174.888	144.119	304.631	331.999
MvSl-1064-A1-R4_A1g00596	6.73545	7.59875	3.60846	5.78003	4.52156	2.5386
MvSl-1064-A1-R4_A1g00597	0	0	0	0	0	0
MvSl-1064-A1-R4_A1g00600	26	16	4.11911	2	0	13
MvSl-1064-A1-R4_A1g00601	85	72	14	6	14	41
MvSl-1064-A1-R4_A1g00602	2	3	1	2.03909	1	5.07242
MvSl-1064-A1-R4_A1g00607	37.066	47.4779	38.0484	49.7114	39.5606	69.9533
MvSl-1064-A1-R4_A1g00612	33.6562	50.6676	98.7824	111.417	64.3913	95.5907
MvSl-1064-A1-R4_A1g00615	4.0151	5.07607	4.02501	0	4.20254	0
MvSl-1064-A1-R4_A1g00617	0	0	0	0	1.03502	3.03898
MvSl-1064-A1-R4_A1g00619	5.31879	7.56251	3.22773	3.23304	28.5671	29.8356
MvSl-1064-A1-R4_A1g00620	392	491	186	138	274	254
MvSl-1064-A1-R4_A1g00621	134.196	215	0	1	35.1033	26.08
MvSl-1064-A1-R4_A1g00622	2253.16	2074.22	173	171	1218.77	1558.95
MvSl-1064-A1-R4_A1g00623	248	280	20	34	121	205
MvSl-1064-A1-R4_A1g00625	85.6767	106	54.1383	72	111	108
MvSl-1064-A1-R4_A1g00628	170.831	239.041	32.129	67.048	132.937	207.97
MvSl-1064-A1-R4_A1g00629	132	174	169	324	80	104
MvSl-1064-A1-R4_A1g00630	784	719	1805	3955	440	461
MvSl-1064-A1-R4_A1g00631	528	482	3667	8248	349	337
MvSl-1064-A1-R4_A1g00632	163	180	296	513	120	117
MvSl-1064-A1-R4_A1g00633	1184	1142	1988	3763	758	796
MvSl-1064-A1-R4_A1g00634	498	329	613	1286	213	350
MvSl-1064-A1-R4_A1g00636	1192.85	2268.35	292.363	463.321	381.123	660.788
MvSl-1064-A1-R4_A1g00638	19.1645	24.1063	0	1.06934	25.0953	30.0447
MvSl-1064-A1-R4_A1g00639	185	229	96	141	81	103
MvSl-1064-A1-R4_A1g00640	838	1125	496	897	722	779.92
MvSl-1064-A1-R4_A1g00643	38.8333	19.4019	9.41391	27.3913	9.90286	8.6153
MvSl-1064-A1-R4_A1g00655	0	0	0	0	0	14.847
MvSl-1064-A1-R4_A1g00658	88	151	52	29	12	47
MvSl-1064-A1-R4_A1g00659	85	67	13	24	313	261
MvSl-1064-A1-R4_A1g00664	4	7.29763	1.02628	2.14958	3.19037	6.68143
MvSl-1064-A1-R4_A1g00665	5.76976	1.51289	1.67161	0	8.29903	7.67862
MvSl-1064-A1-R4_A1g00666	7.38067	6.09089	14.0206	2.00698	7.42664	25.3355
MvSl-1064-A1-R4_A1g00673	92.2599	97.0549	3.57136	4.67723	71.4049	37.261
MvSl-1064-A1-R4_A1g00676	2005.39	3293.89	580.314	770.692	621.626	998.605
MvSl-1064-A1-R4_A1g00685	83.9595	57.183	122.021	123.876	52.9306	41.5657
MvSl-1064-A1-R4_A1g00686	43.7185	37.5122	8.52498	7.59758	66.4448	88.8671
MvSl-1064-A1-R4_A1g00687	0	0	0	1	0.504576	0
MvSl-1064-A1-R4_A1g00688	32.5056	34.7545	4.10904	5	15.3776	16.579
MvSl-1064-A1-R4_A1g00689	1749.86	1883.94	366.167	313.989	1089.53	1331.64
MvSl-1064-A1-R4_A1g00690	1558.2	1615.34	393.469	387.841	898.618	1043.92
MvSl-1064-A1-R4_A1g00697	940.429	1108.8	1582.35	2770.38	1210.94	1412.82
MvSl-1064-A1-R4_A1g00698	568.905	660.267	1781.9	2653.88	389.152	461.317
MvSl-1064-A1-R4_A1g00701	0	0	0	0	39.3413	62
MvSl-1064-A1-R4_A1g00704	1	0	0	2	2.10181	1.0412
MvSl-1064-A1-R4_A1g00705	442.751	558.706	653.468	905.79	270.027	327.439
MvSl-1064-A1-R4_A1g00707	2305.07	2846	984	1848	1063.68	2480.11
MvSl-1064-A1-R4_A1g00716	93.1825	87.5435	329.97	503.642	296.99	353.656
MvSl-1064-A1-R4_A1g00717	155.955	218.896	895.503	1571.28	1146.19	1501.75
MvSl-1064-A1-R4_A1g00720	888.818	879.569	1768.86	2737.18	862.19	799.483
MvSl-1064-A1-R4_A1g00724	67.7901	79.218	126.548	77.9319	215.162	204.557
MvSl-1064-A1-R4_A1g00725	24	27	41.1146	33.3025	60.4324	51.5144
MvSl-1064-A1-R4_A1g00730	119.131	154.951	79.3303	78.2726	96.1702	87.8796
MvSl-1064-A1-R4_A1g00733	5830	6835	2075	2172	2921	3101
MvSl-1064-A1-R4_A1g00736	114.211	85.4713	99.8292	86.3989	140.706	114.804
MvSl-1064-A1-R4_A1g00747	603.27	501.838	302.225	343.821	318.557	398.111
MvSl-1064-A1-R4_A1g00748	816	804	314	288	1410	1778
MvSl-1064-A1-R4_A1g00754	3521.47	3051.29	1333.8	1423.87	2102.86	2507.06
MvSl-1064-A1-R4_A1g00758	635.457	650.442	824	908.295	476	653.516
MvSl-1064-A1-R4_A1g00759	709.126	674.833	778.126	884.159	552.956	663.155
MvSl-1064-A1-R4_A1g00760	190.283	236.267	413.047	350.488	328.612	380.128
MvSl-1064-A1-R4_A1g00761	76.824	86.2625	134.642	139.69	160.771	207.712
MvSl-1064-A1-R4_A1g00762	41.1426	33.3264	7.57885	9.38399	85.693	66.4444
MvSl-1064-A1-R4_A1g00765	44	23	10	14.4609	13.1837	13.1859
MvSl-1064-A1-R4_A1g00769	1.01779	3.21664	7.30591	5.09087	4.19422	1.01774
MvSl-1064-A1-R4_A1g00770	27.415	48.0338	8.72209	15.0448	4.94839	11.4343
MvSl-1064-A1-R4_A1g00771	19.1887	15.0879	26.1998	26	9.18118	7.12742
MvSl-1064-A1-R4_A1g00776	9	1	13	5	86.933	57.5962
MvSl-1064-A1-R4_A1g00780	116.436	108.117	83.5775	43.4213	166.858	190.426
MvSl-1064-A1-R4_A1g00781	4.812	12.7273	14.228	1.05568	13.4688	18.6274
MvSl-1064-A1-R4_A1g00787	31.1807	41.2464	75.2249	46.7833	572.313	769.619
MvSl-1064-A1-R4_A1g00790	14.6437	4.62396	26.1739	27.6059	9.85669	8.09653
MvSl-1064-A1-R4_A1g00791	0	1.08004	4.36491	4.22212	2.0902	1.04174
MvSl-1064-A1-R4_A1g00795	2	1	3	4	0	1.03521
MvSl-1064-A1-R4_A1g00797	4.57651	2.39158	2.3607	0	1.47642	4.32651
MvSl-1064-A1-R4_A1g00810	153.527	174.531	189.136	267.602	97.1374	123.184
MvSl-1064-A1-R4_A1g00811	67	63	36	24	65	64
MvSl-1064-A1-R4_A1g00813	6.11341	2.06446	5.11941	1.02208	79.7815	94.2053
MvSl-1064-A1-R4_A1g00814	58.5855	75.3829	73.6086	110.922	171.965	188.715
MvSl-1064-A1-R4_A1g00815	68.614	63.5991	12.944	6.83033	271.604	541.205
MvSl-1064-A1-R4_A1g00816	87.2091	126.456	20.746	38.1565	99.1594	131.774
MvSl-1064-A1-R4_A1g00818	2.09081	1.10916	1.0709	0	1.07725	2.22159
MvSl-1064-A1-R4_A1g00821	4.55506	4.52079	0.0669808	2.68589	1.54433	2.90101
MvSl-1064-A1-R4_A1g00824	1620.44	2525.87	505.661	701.986	761.207	966.498
MvSl-1064-A1-R4_A1g00826	0	1	4	1.01355	0	0
MvSl-1064-A1-R4_A1g00827	44.3062	223	144.6	275	140.259	155.366
MvSl-1064-A1-R4_A1g00828	54.1028	56.0471	142.333	341.175	32.381	40.7309
MvSl-1064-A1-R4_A1g00830	0	2	3	3	1.01298	1
MvSl-1064-A1-R4_A1g00831	1	3.50783	3.14882	4.87898	0	2
MvSl-1064-A1-R4_A1g00833	151.149	150.263	412.795	258.88	67.0477	108.771
MvSl-1064-A1-R4_A1g00839	5176	5230	5704	4900	2889	3188
MvSl-1064-A1-R4_A1g00841	127	80	1172	258	62	68
MvSl-1064-A1-R4_A1g00849	0	0	0	0	0	0
MvSl-1064-A1-R4_A1g00851	33.1731	33.1943	15.1823	14.0953	14.1355	21.1084
MvSl-1064-A1-R4_A1g00852	94.0888	66.5531	4.5255	0	0	13.2569
MvSl-1064-A1-R4_A1g00857	91.6275	124.28	120.267	197.677	66.4893	63.7303
MvSl-1064-A1-R4_A1g00859	111.104	111.186	259.422	373.411	122.709	123.551
MvSl-1064-A1-R4_A1g00861	46.4827	36	30	10	25.213	33.4616
MvSl-1064-A1-R4_A1g00863	275.989	194.694	195.485	246.702	416.524	352.706
MvSl-1064-A1-R4_A1g00864	2.46022	0	1.26938	0	4.31051	0
MvSl-1064-A1-R4_A1g00865	194.326	151.013	39.613	42.7701	27.2748	76.3025
MvSl-1064-A1-R4_A1g00871	1.12251	1.07977	1.07519	1.08581	0	0
MvSl-1064-A1-R4_A1g00872	5.57023	6.13629	13.4044	7.26668	3.4427	8.3319
MvSl-1064-A1-R4_A1g00874	0	7.06393	0	0	3.86512	6.42215
MvSl-1064-A1-R4_A1g00875	6	10	2	0	4	4
MvSl-1064-A1-R4_A1g00877	237.314	195.158	138.194	174.706	96.5709	147.73
MvSl-1064-A1-R4_A1g00882	1081.33	987.524	563.504	569.007	1248.11	1798.66
MvSl-1064-A1-R4_A1g00884	2523.8	3275.18	1208.04	2508.8	870	1829.44
MvSl-1064-A1-R4_A1g00889	124.955	131.991	79.9249	60.2061	201.735	370.109
MvSl-1064-A1-R4_A1g00891	375.149	279.964	83.9921	145.628	165.721	236.409
MvSl-1064-A1-R4_A1g00896	1.95246	0	0	0	130.941	120.506
MvSl-1064-A1-R4_A1g00898	0	2.02858	0	0	0	0
MvSl-1064-A1-R4_A1g00900	3.03915	2	4	1.01261	3.03483	5.19684
MvSl-1064-A1-R4_A1g00901	1.12366	3.35956	2.55175	3.44945	59.507	33.2772
MvSl-1064-A1-R4_A1g00904	9.99414	3.22597	1.07923	0	3.34808	4.71764
MvSl-1064-A1-R4_A1g00906	9	5	7	5	4.18568	4
MvSl-1064-A1-R4_A1g00909	141.958	176.702	76.9094	105.051	121.004	129.379
MvSl-1064-A1-R4_A1g00914	10092.6	17567.9	4935.83	7360.61	3262.71	4513.06
MvSl-1064-A1-R4_A1g00915	17.4329	21.6637	13.1382	17.4645	1.34704	5.23865
MvSl-1064-A1-R4_A1g00917	11.6349	6.33015	6.18569	0	1.5767	1.46365
MvSl-1064-A1-R4_A1g00919	33.8509	71.6463	185.576	261.937	35.4544	46.6638
MvSl-1064-A1-R4_A1g00925	118.698	104.185	42.4959	41.2526	59.883	66.7609
MvSl-1064-A1-R4_A1g00926	212.162	214.322	69.5384	72.1607	200.125	121.811
MvSl-1064-A1-R4_A1g00931	155	120	55	18	122	182
MvSl-1064-A1-R4_A1g00932	5	5.00298	0	1.00589	6.01561	3.00572
MvSl-1064-A1-R4_A1g00935	6.20568	9.1924	19.9784	12.4591	4.47291	4.19483
MvSl-1064-A1-R4_A1g00936	0	0	0	0	0	0
MvSl-1064-A1-R4_A1g00937	0	0	0	0	1.02566	0
MvSl-1064-A1-R4_A1g00939	8	5	1	0	0	3
MvSl-1064-A1-R4_A1g00942	1.11891	1.00173	0	0	1.00175	0
MvSl-1064-A1-R4_A1g00945	25	23.0835	13	6	31.0465	76.4126
MvSl-1064-A1-R4_A1g00946	5	3.06067	3	2	7	11
MvSl-1064-A1-R4_A1g00947	62.2874	68.4135	93	58.6117	65.1229	49.7724
MvSl-1064-A1-R4_A1g00950	4	0	2	2	2	1
MvSl-1064-A1-R4_A1g00951	254.044	236.618	273.073	250.693	175.91	196.309
MvSl-1064-A1-R4_A1g00953	21	9	8	7	7	14.0551
MvSl-1064-A1-R4_A1g00967	536.708	521.397	160.187	168.042	329.191	365.525
MvSl-1064-A1-R4_A1g00976	143.575	81.84	195.68	307.669	33.5756	51.7332
MvSl-1064-A1-R4_A1g00978	1.06716	3.87601	1.10227	0	3.2263	3.25378
MvSl-1064-A1-R4_A1g00980	316.647	533.079	3431.7	1008.36	651.502	776.305
MvSl-1064-A1-R4_A1g00981	0.595399	1.23439	24.048	5.39247	0	0
MvSl-1064-A1-R4_A1g00984	0	3.6365	3.42066	0	0	0
MvSl-1064-A1-R4_A1g00987	3.06595	3.04336	3.0116	0	3.01275	3.0086
MvSl-1064-A1-R4_A1g00989	2.02319	0	0	1.00724	0	0
MvSl-1064-A1-R4_A1g00990	1.02707	6.04387	1.03484	1.00358	8.10757	11.3065
MvSl-1064-A1-R4_A1g00992	4.01029	3.00261	1	0	3	3.00098
MvSl-1064-A1-R4_A1g00993	0	0	0	0	0	1
MvSl-1064-A1-R4_A1g00994	68.711	21.1996	6.05921	1.7121	5.90284	14.7061
MvSl-1064-A1-R4_A1g00996	2370	2083	413	564	2055.19	2065.75
MvSl-1064-A1-R4_A1g01000	251.657	244.3	139.334	247.327	159.378	178.314
MvSl-1064-A1-R4_A1g01001	44.4561	45.0191	25.5721	37.6457	201.383	382.523
MvSl-1064-A1-R4_A1g01002	1.63428	0	0	0	0	0
MvSl-1064-A1-R4_A1g01004	13.4404	2.19895	2.09883	2.2031	4.5714	11.4871
MvSl-1064-A1-R4_A1g01008	1.0095	1.01052	0	0	1.01376	4.06538
MvSl-1064-A1-R4_A1g01010	57	117.735	169.824	285.855	60.6088	106.06
MvSl-1064-A1-R4_A1g01011	1216.54	1618.43	3778.13	4477.35	951.338	916.541
MvSl-1064-A1-R4_A1g01012	0	0	0	0	0	0
MvSl-1064-A1-R4_A1g01013	69.2415	120.288	73.0995	108.282	60.0532	51.4555
MvSl-1064-A1-R4_A1g01019	834.934	841.5	1020.34	1111.41	584.585	565.22
MvSl-1064-A1-R4_A1g01020	0	0	0	0	0	0
MvSl-1064-A1-R4_A1g01023	0	0	0	0	1.00971	0
MvSl-1064-A1-R4_A1g01026	0	1	0	0	0	0
MvSl-1064-A1-R4_A1g01032	27.9785	28.2485	42.6137	10.7602	24.9719	28.4678
MvSl-1064-A1-R4_A1g01033	257.064	208.763	181.746	171.518	196.241	170.292
MvSl-1064-A1-R4_A1g01034	2631.57	3561.18	345.449	623.394	895.638	2225.98
MvSl-1064-A1-R4_A1g01037	1	6	6	10	1	4
MvSl-1064-A1-R4_A1g01039	0	3	0	0	1.0204	0
MvSl-1064-A1-R4_A1g01040	81.5853	53.7467	92.7476	65.2237	75.5774	112.633
MvSl-1064-A1-R4_A1g01042	2	2	1	0	0	0
MvSl-1064-A1-R4_A1g01043	6	5	0	0	0	0
MvSl-1064-A1-R4_A1g01044	8.28403	8.28899	2.07691	0	1.03138	3.07989
MvSl-1064-A1-R4_A1g01048	0	1.15434	0	0	45.3595	30.9905
MvSl-1064-A1-R4_A1g01051	6	4	1	1	3	3
MvSl-1064-A1-R4_A1g01052	4	6	4	5	6.03779	6
MvSl-1064-A1-R4_A1g01058	0	0	0	0	0	0
MvSl-1064-A1-R4_A1g01059	0	0	0	0	0	0
MvSl-1064-A1-R4_A1g01060	0	0	0.0286754	0	0	0
MvSl-1064-A1-R4_A1g01064	0	0	0	0	0	0
MvSl-1064-A1-R4_A1g01066	0	0	0	0	0	0
MvSl-1064-A1-R4_A1g01067	0	0	0	0	0	0
MvSl-1064-A1-R4_A1g01072	0	0	1.021	0	1.04421	0
MvSl-1064-A1-R4_A1g01073	0	0	0	0	0	0
MvSl-1064-A1-R4_A1g01085	1.27988	0.365654	0	0	1.88731	1.56683
MvSl-1064-A1-R4_A1g01094	1.13708	1.16448	1.22566	0	4.66266	6.0511
MvSl-1064-A1-R4_A1g01098	1.03513	0	0	0	0	0
MvSl-1064-A1-R4_A1g01103	0	0	0	0	0	0
MvSl-1064-A1-R4_A1g01107	0	0	0	0	0	0
MvSl-1064-A1-R4_A1g01109	0	0	0	0	0	0
MvSl-1064-A1-R4_A1g01114	2	2	4	4	102.518	167.088
MvSl-1064-A1-R4_A1g01115	0	0	0	0	22.3422	23.1504
MvSl-1064-A1-R4_A1g01116	2.01957	2.00449	1.00048	0	24.1498	25.8241
MvSl-1064-A1-R4_A1g01117	0	0	0	3.96897	21.7486	35.2053
MvSl-1064-A1-R4_A1g01118	0	0	0	0	0	0
MvSl-1064-A1-R4_A1g01119	68	58	44	40	84	60
MvSl-1064-A1-R4_A1g01120	0	0	0	0	1.11942	0
MvSl-1064-A1-R4_A1g01122	0	0	1.00281	1	7.48641	5.84062
MvSl-1064-A1-R4_A1g01125	34.1463	30.74	18.6186	20.5056	9.27399	19.7181
MvSl-1064-A1-R4_A1g01128	18.1314	15.1006	1	1	6.66113	11.1783
MvSl-1064-A1-R4_A1g01130	10.1276	7.04088	5	3.00425	9.11702	6.13521
MvSl-1064-A1-R4_A1g01131	249.453	279.392	210.549	259.246	227.069	200.169
MvSl-1064-A1-R4_A1g01132	31	28	33	28	43	25
MvSl-1064-A1-R4_A1g01134	62	91	62	71	70	65
MvSl-1064-A1-R4_A1g01138	5.01839	7.01325	9.01595	20.0492	78.7205	59.8165
MvSl-1064-A1-R4_A1g01140	779.943	332	1	4	149.778	127.116
MvSl-1064-A1-R4_A1g01141	91.0446	107.488	21.6794	6.68644	176.462	324.402
MvSl-1064-A1-R4_A1g01142	321.383	368.277	437.264	802.108	1515.42	2557.37
MvSl-1064-A1-R4_A1g01144	19.2178	11.6043	7.18996	6.80907	14.7921	20.3275
MvSl-1064-A1-R4_A1g01145	75.6065	59.9842	31.8691	39.3748	37.5659	43.555
MvSl-1064-A1-R4_A1g01155	24.0166	14.9565	11.2344	16.3747	27.3901	29.6507
MvSl-1064-A1-R4_A1g01157	1.12568	0	3.96772	1.33064	3.5296	0
MvSl-1064-A1-R4_A1g01158	10	20	24	19.9684	15.7454	7.62165
MvSl-1064-A1-R4_A1g01165	1	1	16	30	1	0
MvSl-1064-A1-R4_A1g01170	5	5	11	11	3	2
MvSl-1064-A1-R4_A1g01171	72	51	65	100	76	111
MvSl-1064-A1-R4_A1g01172	126.336	149.755	100.588	166.577	87.7098	133.272
MvSl-1064-A1-R4_A1g01177	0	0.469633	0	0.149094	0	0
MvSl-1064-A1-R4_A1g01179	268.198	243.52	25.0435	36.603	125.25	179.043
MvSl-1064-A1-R4_A1g01181	4.37849	5.78094	0	24.9049	1.60805	3.03096
MvSl-1064-A1-R4_A1g01183	6	6	21	9	2	1
MvSl-1064-A1-R4_A1g01185	6.53432	5	7.45509	7	2	3.8027
MvSl-1064-A1-R4_A1g01186	227.765	205.521	313.078	345.284	221.176	165.265
MvSl-1064-A1-R4_A1g01187	5.79587	5.85723	1.32864	2.2284	3.90006	5.07437
MvSl-1064-A1-R4_A1g01188	24	38	179	232	17	29
MvSl-1064-A1-R4_A1g01190	831.231	754.467	336.687	241.346	529.291	620.113
MvSl-1064-A1-R4_A1g01191	395	383	1308	1752	809	710
MvSl-1064-A1-R4_A1g01192	2786.49	3044.73	1386.45	424.63	1902.14	1969
MvSl-1064-A1-R4_A1g01193	301.826	316.077	320.365	334.443	394.278	504.826
MvSl-1064-A1-R4_A1g01199	2.50794	0	1.22286	2.71277	0	1.27072
MvSl-1064-A1-R4_A1g01206	2.00765	4.97481	1.20487	0	1.21824	4.77571
MvSl-1064-A1-R4_A1g01207	4	4.82278	9.17448	4.01632	52.2309	48.9972
MvSl-1064-A1-R4_A1g01208	6.73093	4.20583	5.24984	5	7.0828	5.59564
MvSl-1064-A1-R4_A1g01209	0	0	36.104	93.1064	0	0
MvSl-1064-A1-R4_A1g01211	1	0	0	0	0	0
MvSl-1064-A1-R4_A1g01214	0	0	36.104	93.1064	0	0
MvSl-1064-A1-R4_A1g01217	2.26896	1.20778	7.95971	2.58922	2.34301	0.0150988
MvSl-1064-A1-R4_A1g01218	2387.16	2367.43	1760.85	1090.1	551.624	924.753
MvSl-1064-A1-R4_A1g01221	1	0	2	2.00419	117	126
MvSl-1064-A1-R4_A1g01226	203.269	151.442	118.288	103.48	189.46	290.256
MvSl-1064-A1-R4_A1g01230	2060	1715	1190	1165	1126	1095
MvSl-1064-A1-R4_A1g01232	57.2248	65.9086	36.542	39.5198	36.3103	39.4775
MvSl-1064-A1-R4_A1g01233	12	26	12	9	52.7398	74
MvSl-1064-A1-R4_A1g01234	2036	2066	1963	2827	1369	1323
MvSl-1064-A1-R4_A1g01238	16.0085	16.4029	8.38067	14.6918	6.89066	11.5883
MvSl-1064-A1-R4_A1g01240	997.291	997.436	895.203	1023.26	777.09	815.099
MvSl-1064-A1-R4_A1g01245	375.247	568.836	460.262	619.69	425.311	666.151
MvSl-1064-A1-R4_A1g01246	10.5435	18.2915	14.9643	8.85897	12.0501	7.29556
MvSl-1064-A1-R4_A1g01248	3.023	1.0116	2	5	22.3527	29.4114
MvSl-1064-A1-R4_A1g01249	2386.59	2040.96	197.463	90.628	4361.8	5857.58
MvSl-1064-A1-R4_A1g01254	212.016	240.129	701.818	1193.25	141.557	160.167
MvSl-1064-A1-R4_A1g01255	624.034	974.819	352.499	578.321	85.0531	364.19
MvSl-1064-A1-R4_A1g01257	29.885	39.1488	36.6603	37.8847	16.002	17.3123
MvSl-1064-A1-R4_A1g01263	139.444	113.743	127.187	83.1313	72.3737	56
MvSl-1064-A1-R4_A1g01264	34	23	36	19	12	18
MvSl-1064-A1-R4_A1g01267	1723.24	1889.67	1680.26	2170.49	1069.8	1191.38
MvSl-1064-A1-R4_A1g01268	2305.94	2009.04	1028.47	1393.72	1131.02	1570.97
MvSl-1064-A1-R4_A1g01269	2990.04	3526.4	1760.82	2520.79	1719.82	2511.3
MvSl-1064-A1-R4_A1g01273	97.4144	79.4444	33.1092	31.1136	44.8929	59.4408
MvSl-1064-A1-R4_A1g01274	1.18916	0	0	0	0	0
MvSl-1064-A1-R4_A1g01276	0	0	0	0	0	0
MvSl-1064-A1-R4_A1g01280	0	0	0	0	0	0
MvSl-1064-A1-R4_A1g01281	8.38399	4.00818	1.02188	1.04553	1.02516	4.05678
MvSl-1064-A1-R4_A1g01284	39.9266	62.3771	46.9061	92.4056	248.538	318.05
MvSl-1064-A1-R4_A1g01286	0	0	0	0	0	0
MvSl-1064-A1-R4_A1g01294	774.999	649.723	1484.81	2678.28	539.582	627.08
MvSl-1064-A1-R4_A1g01295	0	1	0	0	1	0
MvSl-1064-A1-R4_A1g01298	9.78337	2.49544	2.79567	1.3166	0	2.10421
MvSl-1064-A1-R4_A1g01300	234	213	15	21	36	117
MvSl-1064-A1-R4_A1g01301	5	3	0	1	13.3955	19.4603
MvSl-1064-A1-R4_A1g01304	0	1	1	0	0	0
MvSl-1064-A1-R4_A1g01305	1146.03	1705.46	265.802	351.048	625.861	611.71
MvSl-1064-A1-R4_A1g01306	87.78	54.5476	39.253	24.7831	3019.62	2917.11
MvSl-1064-A1-R4_A1g01307	0	2.01645	4	1	1552	1209.59
MvSl-1064-A1-R4_A1g01308	10	7	9	5	83.0101	77
MvSl-1064-A1-R4_A1g01312	333.974	392.574	146.373	199.54	157.438	272.743
MvSl-1064-A1-R4_A1g01315	137.38	87.4103	164.572	238.263	97.4355	85.7675
MvSl-1064-A1-R4_A1g01316	1101.96	1237.96	891.342	796.199	840.27	813.479
MvSl-1064-A1-R4_A1g01318	42.1948	75.28	0	2.06821	33.4999	40.0681
MvSl-1064-A1-R4_A1g01323	0	0	0	0	3.04461	2.02158
MvSl-1064-A1-R4_A1g01325	2.00319	2.00325	0	0	1.16278	1.0678
MvSl-1064-A1-R4_A1g01326	0	0	0	0	0	1.06153
MvSl-1064-A1-R4_A1g01329	2.01346	3.02492	0	0	86.9952	86.1515
MvSl-1064-A1-R4_A1g01330	0	0	0	0	0	0
MvSl-1064-A1-R4_A1g01333	2.18536	2.00793	0	0	1.43881	2.40582
MvSl-1064-A1-R4_A1g01334	2.00903	1.00501	0	0	2.19034	6.4191
MvSl-1064-A1-R4_A1g01337	312.372	316.666	107.902	141.438	235.457	251.823
MvSl-1064-A1-R4_A1g01338	429.162	445.374	126.167	211.344	110.41	164.287
MvSl-1064-A1-R4_A1g01344	35.8815	58.8781	36.2425	55.2538	52.1249	45.8909
MvSl-1064-A1-R4_A1g01345	1	0	1	0	0	0
MvSl-1064-A1-R4_A1g01352	233.749	261.004	313.579	417.254	142.008	152.51
MvSl-1064-A1-R4_A1g01356	21.3636	15.8306	6.40072	10.5702	10.4794	12.5857
MvSl-1064-A1-R4_A1g01360	135.493	114.056	40	36.4327	63.0941	99.454
MvSl-1064-A1-R4_A1g01370	1120	911	131	299	2255	1604
MvSl-1064-A1-R4_A1g01371	83	52	22	24	316	311
MvSl-1064-A1-R4_A1g01377	521	403	200	255	584	442
MvSl-1064-A1-R4_A1g01391	56.8312	52.689	68.2776	52.4744	59.3732	54.5456
MvSl-1064-A1-R4_A1g01395	228	243	435	857	273	318
MvSl-1064-A1-R4_A1g01397	2	0	0	0	0	1
MvSl-1064-A1-R4_A1g01398	31	27	8	8	8.35764	19
MvSl-1064-A1-R4_A1g01400	23	11	32	73	31	55
MvSl-1064-A1-R4_A1g01401	277	77	0	0	9.79041	13
MvSl-1064-A1-R4_A1g01402	359	362	197	272	348	460.904
MvSl-1064-A1-R4_A1g01403	84	59	49	38	44	40
MvSl-1064-A1-R4_A1g01408	106	85	90.6098	119	58	53
MvSl-1064-A1-R4_A1g01410	43.1212	41.4036	45.3733	28.7868	44.548	33.5914
MvSl-1064-A1-R4_A1g01414	23.2877	25.4602	1.44204	4.00388	18.4018	31.4173
MvSl-1064-A1-R4_A1g01419	0	0	0	0	0	0
MvSl-1064-A1-R4_A1g01420	1.12916	0	0	0	0	0
MvSl-1064-A1-R4_A1g01423	5.34106	2.48602	1.23601	0	7.98611	15.5467
MvSl-1064-A1-R4_A1g01425	18.5246	8.25961	19.5949	34.8927	6.11736	5.03758
MvSl-1064-A1-R4_A1g01427	89.3623	104.586	299.81	648.203	60.6334	109.984
MvSl-1064-A1-R4_A1g01428	28	27	136	227	19	22
MvSl-1064-A1-R4_A1g01429	180.442	172.788	458.752	764.804	184.707	252.641
MvSl-1064-A1-R4_A1g01430	159.377	135.734	121.086	125.158	232.253	304.886
MvSl-1064-A1-R4_A1g01433	1	1	5	2	0	2
MvSl-1064-A1-R4_A1g01434	5.04277	2.02292	1.00778	0	3.02649	2.01922
MvSl-1064-A1-R4_A1g01435	0	1	0	0	1.00228	2