gene	rich1	rich2	water1	water2	di1	di2
MvSl-1064-A2-R4_A2g00001	22.6775	12.7782	60.8716	57.3888	86.6857	42.9264
MvSl-1064-A2-R4_A2g00012	0	0	1.66975	0.0162075	1.7971	3.05999
MvSl-1064-A2-R4_A2g00137	0	0	0	0	0	0
MvSl-1064-A2-R4_A2g00138	11	6.01053	2.65776	5.43523	0.51181	2.5453
MvSl-1064-A2-R4_A2g00149	795	620	371	434.022	400	473
MvSl-1064-A2-R4_A2g00151	11.3215	20.1937	19.7267	19.8962	15.4737	20.2678
MvSl-1064-A2-R4_A2g00152	18	23	186	264	87	133
MvSl-1064-A2-R4_A2g00155	1003.34	1220.82	19209.3	17937.6	3280.33	3191.62
MvSl-1064-A2-R4_A2g00156	20.8395	105.712	330.778	384.615	57.9129	59.8362
MvSl-1064-A2-R4_A2g00159	157.65	211.728	17.7528	35.1132	5	9
MvSl-1064-A2-R4_A2g00165	132.691	127.692	61.2188	86.4033	53.4353	58.3067
MvSl-1064-A2-R4_A2g00166	106.789	153.856	34.8934	51.4433	105.214	93.7868
MvSl-1064-A2-R4_A2g00167	11.4391	8.38116	71.4083	119.919	23.0052	19.5925
MvSl-1064-A2-R4_A2g00173	296.561	282.431	475.845	522.483	165.994	161.267
MvSl-1064-A2-R4_A2g00174	899.769	935.923	2517.68	2373.49	499.705	604
MvSl-1064-A2-R4_A2g00175	2.43799	2.57911	62.4514	45.8419	11.1316	5.17546
MvSl-1064-A2-R4_A2g00177	42.3124	48.2813	198.653	158.113	63.0391	140.85
MvSl-1064-A2-R4_A2g00178	420	454	1304	1064	727.78	580.09
MvSl-1064-A2-R4_A2g00180	1.03292	5.20154	1.04238	1.08572	0	0
MvSl-1064-A2-R4_A2g00188	5	10	48	46.7886	20	27
MvSl-1064-A2-R4_A2g00189	613.827	886.061	3884.53	3095.34	1004.78	1723.5
MvSl-1064-A2-R4_A2g00190	33	33.3508	202.993	115	56.3743	46.2074
MvSl-1064-A2-R4_A2g00191	253.033	758.41	353.479	239.401	366.584	641.383
MvSl-1064-A2-R4_A2g00198	17	10.1375	35.6128	42.6755	15.4402	10.7692
MvSl-1064-A2-R4_A2g00212	291.027	317.56	186.916	207.333	181.585	123.953
MvSl-1064-A2-R4_A2g00213	368.019	326.391	297.372	300.173	252.501	190.461
MvSl-1064-A2-R4_A2g00214	96.6797	94.8761	131.135	95.9612	235.728	311.121
MvSl-1064-A2-R4_A2g00219	25.9996	9.41355	110.158	204.304	74.7954	66.1615
MvSl-1064-A2-R4_A2g00221	8.3227	6.34664	9.65796	8.36555	3.18311	4.14054
MvSl-1064-A2-R4_A2g00224	41.5094	32.4419	45.3561	30.1535	70.6338	39.7527
MvSl-1064-A2-R4_A2g00228	1	0	5	2	7.80565	7.23596
MvSl-1064-A2-R4_A2g00230	404	455	199	166	201	167
MvSl-1064-A2-R4_A2g00233	5	5	0	5	122	167
MvSl-1064-A2-R4_A2g00234	1.0228	3.04288	0	0	1.00412	0
MvSl-1064-A2-R4_A2g00236	559.611	551.956	1837	2349.33	1097.31	934.036
MvSl-1064-A2-R4_A2g00243	34.6293	40.3105	34.9618	18.4683	18.0549	12.8089
MvSl-1064-A2-R4_A2g00244	70.3573	60.2146	88.65	76.8838	31.8264	58.5741
MvSl-1064-A2-R4_A2g00252	9.11022	3.03385	30.1186	34.2593	6.05222	7.05647
MvSl-1064-A2-R4_A2g00254	7929.99	7714.99	5414.95	3700.92	4261.61	4117.08
MvSl-1064-A2-R4_A2g00257	1.10916	0	0	1.06569	0	0
MvSl-1064-A2-R4_A2g00259	0	0	1.23442	0	0	0
MvSl-1064-A2-R4_A2g00260	1.0539	2.01257	1.02665	0	3.55804	1.20611
MvSl-1064-A2-R4_A2g00262	0	0	0	0	1.11614	0
MvSl-1064-A2-R4_A2g00271	6.91175	19.1933	22.5041	67.2811	50.9742	88.3186
MvSl-1064-A2-R4_A2g00275	0	0	0	3.75778	0	0
MvSl-1064-A2-R4_A2g00276	0	1.00514	3	3.00485	1.00384	0
MvSl-1064-A2-R4_A2g00282	13.2331	10.353	291.43	316.333	77.9573	140.956
MvSl-1064-A2-R4_A2g00284	3.74129	11.0457	33.2557	32.9055	8.80823	15.7218
MvSl-1064-A2-R4_A2g00285	1.03669	0	0	0	125.122	161.937
MvSl-1064-A2-R4_A2g00287	3	8	0	1	0	0
MvSl-1064-A2-R4_A2g00291	433	525.761	472	622	355	477
MvSl-1064-A2-R4_A2g00302	55	52	5	7	7	2
MvSl-1064-A2-R4_A2g00305	0	0	0	0	0	0
MvSl-1064-A2-R4_A2g00316	810.809	765.362	1941.71	1820.53	876.731	1121.98
MvSl-1064-A2-R4_A2g00317	2	2	1	2	72.2807	68.7302
MvSl-1064-A2-R4_A2g00320	1.14509	2.33346	3.34904	5.51489	1.14489	0
MvSl-1064-A2-R4_A2g00321	87.9089	253.541	177.744	117.826	167.537	84.3216
MvSl-1064-A2-R4_A2g00330	279.54	332.593	1356.45	2200.03	667.465	1012.12
MvSl-1064-A2-R4_A2g00331	187.152	152.15	609.549	1143.97	384.938	626.335
MvSl-1064-A2-R4_A2g00332	21.9386	26.6936	30.0236	51.4845	24.1136	20.6541
MvSl-1064-A2-R4_A2g00334	66	86	130	166	109.292	91.095
MvSl-1064-A2-R4_A2g00337	0	0	0	5.2871	3.44585	1.29488
MvSl-1064-A2-R4_A2g00338	3	2	4	8.62578	5	2
MvSl-1064-A2-R4_A2g00340	841.443	604.193	2799.8	2900.88	1366.66	1407.63
MvSl-1064-A2-R4_A2g00341	2.04231	4	13	16.1729	13.1606	12.1738
MvSl-1064-A2-R4_A2g00342	56	39	36	52	36	42
MvSl-1064-A2-R4_A2g00343	462.35	496.038	708.189	642.109	548.743	607.486
MvSl-1064-A2-R4_A2g00344	16.9509	35.6599	315.761	273.981	137.705	156.766
MvSl-1064-A2-R4_A2g00346	13.5867	19.0191	328.838	370.378	197.652	254.845
MvSl-1064-A2-R4_A2g00347	1.01453	1.01328	0	2.07279	0	6.22726
MvSl-1064-A2-R4_A2g00348	11.4085	10.9245	3.16237	13.3207	0	2.04295
MvSl-1064-A2-R4_A2g00350	17.6325	20.2217	16.1484	17.4741	11.7719	20.2629
MvSl-1064-A2-R4_A2g00359	267.837	254.448	2158.28	3571.52	581.569	897.823
MvSl-1064-A2-R4_A2g00360	0	0	1	12	2	2
MvSl-1064-A2-R4_A2g00361	2.21576	2	12	20	25.7678	28.0395
MvSl-1064-A2-R4_A2g00362	1	2	8	17	76	77
MvSl-1064-A2-R4_A2g00364	21.9034	30.5119	24.5993	13.7906	15.0055	14.9797
MvSl-1064-A2-R4_A2g00385	3	3	15	24	3	7
MvSl-1064-A2-R4_A2g00390	540.276	518.303	98.6989	99	151.123	145.424
MvSl-1064-A2-R4_A2g00396	4	3	12	12	14	14
MvSl-1064-A2-R4_A2g00399	2	0	1	1	1	1
MvSl-1064-A2-R4_A2g00401	690.297	709.836	987.879	823.727	1421.99	1309.83
MvSl-1064-A2-R4_A2g00402	77.7218	116.22	28.5989	15.4337	114.924	174.435
MvSl-1064-A2-R4_A2g00404	173.135	133.024	898.363	1147.53	896.851	859.554
MvSl-1064-A2-R4_A2g00408	2.30576	1.20454	1.3636	3.63537	0	17.5698
MvSl-1064-A2-R4_A2g00411	1.14147	0	0	0	0	0.788221
MvSl-1064-A2-R4_A2g00412	0	0	1	0	0	0
MvSl-1064-A2-R4_A2g00415	228.471	217.403	137.372	193.043	189.559	154.19
MvSl-1064-A2-R4_A2g00419	154	166	164	338	207	155
MvSl-1064-A2-R4_A2g00424	583.81	614.265	382.595	484.668	226.214	336.29
MvSl-1064-A2-R4_A2g00426	5	3	3	3	79.2103	149.495
MvSl-1064-A2-R4_A2g00427	4.00136	3.00153	6.00421	12.0364	1.00208	3.00954
MvSl-1064-A2-R4_A2g00428	0	0	0	3	1	0
MvSl-1064-A2-R4_A2g00429	1	3	8.00608	19.0081	5	1
MvSl-1064-A2-R4_A2g00430	164.163	170.201	261	228.183	195	176.113
MvSl-1064-A2-R4_A2g00433	1034	1125	1458	1361	750	694
MvSl-1064-A2-R4_A2g00436	5.02152	9.03673	19.5421	11.0901	3.01532	1.00095
MvSl-1064-A2-R4_A2g00438	63.5417	72.759	158.579	138.489	72.3016	89.5547
MvSl-1064-A2-R4_A2g00449	95.4133	63.5932	76.9899	147.791	44.1302	44.7789
MvSl-1064-A2-R4_A2g00450	6.1712	12	30.8185	50.7735	19.4319	17.7093
MvSl-1064-A2-R4_A2g00452	519.507	413.033	815.477	791.221	740.244	741.106
MvSl-1064-A2-R4_A2g00454	49	41.0957	62.3536	42.4325	40.3863	58.6684
MvSl-1064-A2-R4_A2g00458	15.8927	36.1255	54.1733	54.3751	16.3153	22.5451
MvSl-1064-A2-R4_A2g00459	13	27	35.1245	46	20	27
MvSl-1064-A2-R4_A2g00460	1803.73	1831.85	1453.48	1414.3	1035.38	1083.04
MvSl-1064-A2-R4_A2g00461	43	78.5821	31	53.7062	19	11
MvSl-1064-A2-R4_A2g00483	418.496	858.806	2423.59	2166.71	926.515	1327.32
MvSl-1064-A2-R4_A2g00496	0	0	0	0	0	0
MvSl-1064-A2-R4_A2g00497	0	0	0	0	0	0
MvSl-1064-A2-R4_A2g00502	49	47	448	708	203	116
MvSl-1064-A2-R4_A2g00503	24.8871	31.8933	242.855	410.489	118.919	99.6034
MvSl-1064-A2-R4_A2g00504	32.2692	38.1421	252.909	425.704	140.291	79.3204
MvSl-1064-A2-R4_A2g00509	32.5291	30.1581	79.7451	46.6237	64.492	121.885
MvSl-1064-A2-R4_A2g00510	0	1.0011	8.02136	11.0636	5.34988	5.25863
MvSl-1064-A2-R4_A2g00511	67.7291	58.6304	128.985	155.058	105.774	153.925
MvSl-1064-A2-R4_A2g00512	8.43727	8.03178	18.1789	32.9077	26.3383	35.1454
MvSl-1064-A2-R4_A2g00518	0	0	0	0	0	0
MvSl-1064-A2-R4_A2g00523	2.5912	3.14518	5.54517	5.28783	3.38069	0
MvSl-1064-A2-R4_A2g00524	0	0	4.22306	10.3619	2	3.10855
MvSl-1064-A2-R4_A2g00538	519.874	1642.71	627.942	282.888	279.772	197.433
MvSl-1064-A2-R4_A2g00540	49.9271	113.597	54.212	71.1205	48.232	76.1901
MvSl-1064-A2-R4_A2g00541	70.8352	37	213.257	144.555	137.248	74.4796
MvSl-1064-A2-R4_A2g00542	245.156	210.264	505.118	502.27	633.05	554.516
MvSl-1064-A2-R4_A2g00546	121.762	184.255	212.716	257.373	186.617	160.156
MvSl-1064-A2-R4_A2g00548	280	387	733	937	463	674
MvSl-1064-A2-R4_A2g00550	53	79	290	284	350	308
MvSl-1064-A2-R4_A2g00554	27.5142	66.0034	126.797	207.856	28.5453	29.3327
MvSl-1064-A2-R4_A2g00564	1097.7	1098.71	987.022	927.419	526.068	565.487
MvSl-1064-A2-R4_A2g00572	3.66365	1.20229	99.3467	153.98	42.0057	47.6284
MvSl-1064-A2-R4_A2g00574	15.3488	6.00431	32.0397	44.353	25.191	33.4764
MvSl-1064-A2-R4_A2g00588	29.1436	33.2818	15.4108	43.3515	14.4298	19.5673
MvSl-1064-A2-R4_A2g00590	0	0	1	1	0	0
MvSl-1064-A2-R4_A2g00594	393.546	590.57	78.7854	109.421	44.0585	50.9412
MvSl-1064-A2-R4_A2g00595	147.908	99.061	106.251	91.2466	55.3131	50.3093
MvSl-1064-A2-R4_A2g00598	263.591	254.328	124.381	155.015	94.2324	138.753
MvSl-1064-A2-R4_A2g00607	398.578	538.484	474.72	538.579	287.491	258.757
MvSl-1064-A2-R4_A2g00612	81	145	97	98	63	105
MvSl-1064-A2-R4_A2g00620	0	2.95075	0	0	0	0
MvSl-1064-A2-R4_A2g00623	0	0	1	0	10	1
MvSl-1064-A2-R4_A2g00625	18	21	554	1812	183	281
MvSl-1064-A2-R4_A2g00626	0	0	0	3.27378	1.10457	0
MvSl-1064-A2-R4_A2g00627	4.16376	8.55845	68.2227	87.3176	275.782	326.719
MvSl-1064-A2-R4_A2g00628	1.03844	1.01229	7	13	23.6642	26.2573
MvSl-1064-A2-R4_A2g00629	35.8485	24.9828	46.8548	61.2403	47.8612	92.2844
MvSl-1064-A2-R4_A2g00631	1.12848	2.26535	0.476456	0	5.16966	0.582933
MvSl-1064-A2-R4_A2g00634	0	3.02305	0	0	0	0
MvSl-1064-A2-R4_A2g00637	332.446	595.815	1882.59	1256.91	478.296	399.834
MvSl-1064-A2-R4_A2g00648	5	4.00375	3.00782	6.0117	1777.92	1776.13
MvSl-1064-A2-R4_A2g00652	1.00737	1.00856	0	4.02603	516.854	1072.94
MvSl-1064-A2-R4_A2g00656	2.12584	1.00937	1.03225	3.34857	2.11285	1.34994
MvSl-1064-A2-R4_A2g00657	0	0	1	0	0	0
MvSl-1064-A2-R4_A2g00658	0	0	1	0	1.00468	1.00492
MvSl-1064-A2-R4_A2g00661	1.26323	0	0	0	1.29133	0
MvSl-1064-A2-R4_A2g00662	5.97986	10.5331	125.765	139.139	83.3167	78.2331
MvSl-1064-A2-R4_A2g00664	98.905	70.868	117.97	145.259	809.646	1054.8
MvSl-1064-A2-R4_A2g00665	89.7763	108.44	642.952	779.021	345.133	374.248
MvSl-1064-A2-R4_A2g00666	784.125	738.465	1472	1394.27	826.437	1363.25
MvSl-1064-A2-R4_A2g00667	731.019	584.012	4657.22	5803.06	2306.15	3434.59
MvSl-1064-A2-R4_A2g00683	35.6786	23.1928	40.2246	37.3661	48.8108	61.9467
MvSl-1064-A2-R4_A2g00685	1154.82	1970	7096.97	5667.2	1784.53	1070.47
MvSl-1064-A2-R4_A2g00688	623	577	403	408	118	128
MvSl-1064-A2-R4_A2g00689	2	0	2.08028	5.37914	81.0171	120.285
MvSl-1064-A2-R4_A2g00690	4	5	11	11	9.15737	12.1072
MvSl-1064-A2-R4_A2g00692	0	0	4.2394	4	1.13629	0
MvSl-1064-A2-R4_A2g00694	2	1	12	11	3	7
MvSl-1064-A2-R4_A2g00696	20.4837	23	643	926.712	73.4461	80.3921
MvSl-1064-A2-R4_A2g00697	386.075	357.542	336847	416058	29476.1	31061.3
MvSl-1064-A2-R4_A2g00701	206.298	673.497	442.768	281.187	290.461	270.712
MvSl-1064-A2-R4_A2g00704	97.7445	54.7437	115.004	91.044	43.1246	36.4336
MvSl-1064-A2-R4_A2g00707	22	16	33	43	9	13
MvSl-1064-A2-R4_A2g00708	10	8	23	35.2067	19	15
MvSl-1064-A2-R4_A2g00709	6	13	3	10	2	5
MvSl-1064-A2-R4_A2g00710	32.9607	31	37	38.6754	23.602	23.3722
MvSl-1064-A2-R4_A2g00712	37	32.9696	51	86	89	99
MvSl-1064-A2-R4_A2g00715	1	2	1	3.21429	2	0
MvSl-1064-A2-R4_A2g00716	71.5605	60.3647	15.2475	13.1403	1.03511	14.514
MvSl-1064-A2-R4_A2g00724	7	5	7.59011	8.59329	9.44619	8.10885
MvSl-1064-A2-R4_A2g00725	839.256	797.62	2121.68	2287.26	1343.41	1430.6
MvSl-1064-A2-R4_A2g00727	136.184	153.989	163.039	266.498	298.711	311.53
MvSl-1064-A2-R4_A2g00729	1472.23	1457.84	4893.56	5561.74	2305.78	2882.97
MvSl-1064-A2-R4_A2g00730	36	77	34	22	23	24
MvSl-1064-A2-R4_A2g00739	21	17	2441.48	4485.83	225.777	220.891
MvSl-1064-A2-R4_A2g00740	5.47986	10.215	3810.5	6078.55	226.76	258.284
MvSl-1064-A2-R4_A2g00751	0.334074	0	3	3.89226	0.5	0
MvSl-1064-A2-R4_A2g00752	47.8917	48.6615	0	3.69682	1.59211	1.90309
MvSl-1064-A2-R4_A2g00758	67	90.3652	40.2827	27.66	475.194	663.432
MvSl-1064-A2-R4_A2g00760	0	1	12.4516	5.74574	1.41E-08	0
MvSl-1064-A2-R4_A2g00761	682.712	657.941	406.374	418.922	296.096	246.925
MvSl-1064-A2-R4_A2g00762	172.674	164.71	118.99	145.953	128.97	80.574
MvSl-1064-A2-R4_A2g00763	125.965	95.7509	131.546	116.94	97.1494	106.35
MvSl-1064-A2-R4_A2g00764	33.7622	22.3535	55.3104	59.2091	77.6375	61.5456
MvSl-1064-A2-R4_A2g00765	96.9982	103.418	296.879	244.578	249.32	209.736
MvSl-1064-A2-R4_A2g00766	18.1819	8.46639	30.4783	67.8647	26.2215	25.2788
MvSl-1064-A2-R4_A2g00767	273.415	359.318	315.52	376.558	271.116	323.054
MvSl-1064-A2-R4_A2g00768	158.349	162.532	196.63	255.798	206.329	261.235
MvSl-1064-A2-R4_A2g00769	1.01096	1.02726	5.10773	2.03224	2.08435	4.10782
MvSl-1064-A2-R4_A2g00778	4.14816	9.57821	5	3.53426	8	8.61432
MvSl-1064-A2-R4_A2g00780	6.95807	5.97496	11.7107	10.8783	2	6.83702
MvSl-1064-A2-R4_A2g00782	19	22	17	26	8	9
MvSl-1064-A2-R4_A2g00783	0	0	0	1	0	0
MvSl-1064-A2-R4_A2g00784	493.619	600.251	998.393	1163.82	378.318	456.452
MvSl-1064-A2-R4_A2g00786	45.3219	50.2761	33.5748	28.0391	29.8124	38.4432
MvSl-1064-A2-R4_A2g00787	698.828	820.952	693.951	513.833	344.358	425.271
MvSl-1064-A2-R4_A2g00788	90.7763	64	169.407	207.28	126.453	156.255
MvSl-1064-A2-R4_A2g00789	7.26059	5.93692	14.3568	9.18065	6.27434	3.60235
MvSl-1064-A2-R4_A2g00807	3	4.07346	4.04733	6.11173	4.11691	1.01537
MvSl-1064-A2-R4_A2g00809	1.05653	3.2456	3.08512	5.16382	31.9753	81.6057
MvSl-1064-A2-R4_A2g00812	56.5213	56.0522	153.664	176.258	90.8063	156.715
MvSl-1064-A2-R4_A2g00816	3530.16	3886.56	4330.63	2696.83	1919.9	1799.42
MvSl-1064-A2-R4_A2g00820	0	1.01608	0	0	0	0
MvSl-1064-A2-R4_A2g00824	209.379	189.308	244.721	260.12	229.603	272.417
MvSl-1064-A2-R4_A2g00827	0	1	0	0	0	0
MvSl-1064-A2-R4_A2g00830	23.1869	21.1507	138.872	174.576	79.4137	119.107
MvSl-1064-A2-R4_A2g00838	3370.72	3326.81	1263.92	1195.41	802.956	788.132
MvSl-1064-A2-R4_A2g00840	389.466	432.939	274.797	261.086	294.002	292.101
MvSl-1064-A2-R4_A2g00843	342.296	391.769	342.236	345.151	1019.79	1082.01
MvSl-1064-A2-R4_A2g00844	372	431.816	30	39	15	18
MvSl-1064-A2-R4_A2g00846	73	68	150.142	177.53	102.934	86.8629
MvSl-1064-A2-R4_A2g00847	73	87	184	234	95	106
MvSl-1064-A2-R4_A2g00848	2	1	17	22	3	2
MvSl-1064-A2-R4_A2g00851	42	44	261	237	126	127
MvSl-1064-A2-R4_A2g00852	17	23	79	90	66	40
MvSl-1064-A2-R4_A2g00853	73.34	30.0458	91.3357	143.466	61.1462	26.9286
MvSl-1064-A2-R4_A2g00870	4.18672	12.5762	9.12499	6.98197	7.74685	3.63909
MvSl-1064-A2-R4_A2g00875	204.704	256.979	217.691	264.328	110.208	138.157
MvSl-1064-A2-R4_A2g00884	52.3034	62.385	53.843	50.9452	44.5416	50.6749
MvSl-1064-A2-R4_A2g00900	1	0	0	0	1	0
MvSl-1064-A2-R4_A2g00906	360.677	287.84	1117.13	1394.21	495.5	614.278
MvSl-1064-A2-R4_A2g00909	202.773	173.848	162.496	180.19	76.5345	84.4237
MvSl-1064-A2-R4_A2g00911	38.0778	25.3917	39.5678	30.3331	72.2885	55.7714
MvSl-1064-A2-R4_A2g00916	304	407	509	529	205	373
MvSl-1064-A2-R4_A2g00917	1999	2156	5486	4428	1550	4354
MvSl-1064-A2-R4_A2g00926	19.0545	20.7719	44.2305	43.0784	32.9464	32.4241
MvSl-1064-A2-R4_A2g00929	1645.38	1217.08	322.896	320.829	359.834	407.03
MvSl-1064-A2-R4_A2g00934	2	3	3	4	0	2
MvSl-1064-A2-R4_A2g00938	0	0	0	1	0	0
MvSl-1064-A2-R4_A2g00940	0	2	74	30	15	17.6048
MvSl-1064-A2-R4_A2g00942	10	7	13	9	12.1663	12.1979
MvSl-1064-A2-R4_A2g00944	31.8212	13.3742	24.1994	19.7118	2.94457	7.54637
MvSl-1064-A2-R4_A2g00945	130.877	176.495	656.338	774.832	186.934	235.981
MvSl-1064-A2-R4_A2g00946	0	7.58065	0	1.35905	0	0
MvSl-1064-A2-R4_A2g00951	0	0	0	0	0	0
MvSl-1064-A2-R4_A2g00973	565.911	571.57	1089.59	1214.37	683.273	565.991
MvSl-1064-A2-R4_A2g00974	44.4531	56	97.5496	72.5483	49.4053	50.864
MvSl-1064-A2-R4_A2g00978	5.73948	1.04052	3.4784	1.04369	4.46949	2.13764
MvSl-1064-A2-R4_A2g00980	67.195	41.0735	150.535	202.767	69.1088	98.0376
MvSl-1064-A2-R4_A2g00984	0	1.06782	3.41164	2.20456	51.6979	25.3761
MvSl-1064-A2-R4_A2g00986	768	827	495	542	279	273
MvSl-1064-A2-R4_A2g00997	2355.62	1746.35	5978.77	7052.68	1083.76	1051
MvSl-1064-A2-R4_A2g01003	1	0	0	4	0	0
MvSl-1064-A2-R4_A2g01006	48.2036	38.0354	30.8309	49.0507	35.8949	33.0599
MvSl-1064-A2-R4_A2g01007	12.7993	18.0766	2.06598	7.29587	1.03556	0
MvSl-1064-A2-R4_A2g01011	8.96654	14.2921	11.6863	17.4102	5.44699	8.20763
MvSl-1064-A2-R4_A2g01013	39.199	21.3444	107.259	149.224	149.136	170.749
MvSl-1064-A2-R4_A2g01015	0	0	3.09726	3.02484	1.02839	1.01307
MvSl-1064-A2-R4_A2g01018	679.993	641.915	193.457	183.182	233.953	253.192
MvSl-1064-A2-R4_A2g01023	32.1129	46.1619	60.7493	70.2639	157.836	201.413
MvSl-1064-A2-R4_A2g01026	26	37	91.5062	160.247	41.9885	67.7027
MvSl-1064-A2-R4_A2g01030	826.016	968.164	65.9796	82.3456	73.0314	78.2051
MvSl-1064-A2-R4_A2g01034	373	349	327	556	197	152.652
MvSl-1064-A2-R4_A2g01035	117.004	144.371	186.503	258.968	86.8073	111.406
MvSl-1064-A2-R4_A2g01037	0	4	0	0	0	0
MvSl-1064-A2-R4_A2g01039	72.6978	74.8148	85.198	53.7956	140.82	71.1642
MvSl-1064-A2-R4_A2g01040	12.111	3.01944	46.2693	57.6037	28.171	21.2105
MvSl-1064-A2-R4_A2g01048	2	0	3	7	4	5
MvSl-1064-A2-R4_A2g01051	11.4201	25.6757	81.4568	44.1579	55.1158	118.724
MvSl-1064-A2-R4_A2g01054	4342.55	3271.51	27631.7	30761.1	3889.3	3933.88
MvSl-1064-A2-R4_A2g01055	2337.83	1577.21	8127.2	11922.2	1572.22	1272.11
MvSl-1064-A2-R4_A2g01056	240.655	293.42	4172.29	4679.43	876.283	986.502
MvSl-1064-A2-R4_A2g01057	12.191	26.6556	759.001	1198.22	113.04	90.5192
MvSl-1064-A2-R4_A2g01063	58.1246	57.2873	20.4787	27.7497	8.89954	5.88675
MvSl-1064-A2-R4_A2g01064	1.27725	18.2978	1.83099	17.6896	8.57989	0.842843
MvSl-1064-A2-R4_A2g01065	420.4	508.904	418.517	583.461	308.899	337.344
MvSl-1064-A2-R4_A2g01067	0	1	188	237	15	20
MvSl-1064-A2-R4_A2g01070	0	0	1.26173	0	0	0
MvSl-1064-A2-R4_A2g01071	19.469	20.6598	34.331	25.5695	3.69747	8.92107
MvSl-1064-A2-R4_A2g01074	0	0	6.6356	1.54215	3.04196	5.1827
MvSl-1064-A2-R4_A2g01076	39.2212	56.1228	183.306	105.646	67.3207	42.7861
MvSl-1064-A2-R4_A2g01078	2.01992	6.0982	0	4.73614	18.526	32.6518
MvSl-1064-A2-R4_A2g01082	3.00701	2.00176	0	1.00512	0	0
MvSl-1064-A2-R4_A2g01084	0	0	0	0	3.71397	2.73262
MvSl-1064-A2-R4_A2g01085	71	62	100	110	34.0071	41
MvSl-1064-A2-R4_A2g01086	2	0.5	7.63662	13.5189	419.72	459.663
MvSl-1064-A2-R4_A2g01087	726.619	586.404	2779.66	2737.74	1584.55	1663.75
MvSl-1064-A2-R4_A2g01088	2.54823	1.05767	4.42445	7.403	1.03557	5.87159
MvSl-1064-A2-R4_A2g01089	5.45457	4.01289	5.0107	6.11729	57.7023	72.9661
MvSl-1064-A2-R4_A2g01090	5.26663	8.54633	3.14651	5.64128	1.99389	0.750295
MvSl-1064-A2-R4_A2g01092	489.985	568.006	344.037	443.79	335.897	421.185
MvSl-1064-A2-R4_A2g01095	16	5	7	10	1	0
MvSl-1064-A2-R4_A2g01100	10.4776	45.2738	12.113	7.25603	12.7305	3.12835
MvSl-1064-A2-R4_A2g01101	0	0	0	1	0	1.05968
MvSl-1064-A2-R4_A2g01103	3	5.01284	7	8	21.2523	26.0243
MvSl-1064-A2-R4_A2g01105	18.1002	12.9877	32.5033	52.2926	24.5519	24.1575
MvSl-1064-A2-R4_A2g01107	0	0	0	0	0	0
MvSl-1064-A2-R4_A2g01115	77.5945	66.0165	319.765	226.274	107.711	98.4048
MvSl-1064-A2-R4_A2g01116	83.7037	72.2248	60.8118	74.7032	73.2867	83.9265
MvSl-1064-A2-R4_A2g01117	22.5015	13.0156	25.1227	22.0329	22.4384	25.7
MvSl-1064-A2-R4_A2g01118	44.3101	43.7147	101.554	107.653	116.273	153.768
MvSl-1064-A2-R4_A2g01119	65.5787	57.3316	78.0217	116.123	112.549	134.023
MvSl-1064-A2-R4_A2g01124	0	0	0	0	0	0
MvSl-1064-A2-R4_A2g01125	40.0522	51	81.5138	107.533	126.134	134.944
MvSl-1064-A2-R4_A2g01126	0	0	0	0	0	1
MvSl-1064-A2-R4_A2g01127	0	0	1.99166	3.65017	0	2.40325
MvSl-1064-A2-R4_A2g01128	0	2	2	3	0	3
MvSl-1064-A2-R4_A2g01129	3	2	2	17	0	0
MvSl-1064-A2-R4_A2g01130	0	1	1	3	0	0
MvSl-1064-A2-R4_A2g01131	20.4431	22.8829	24.4945	46.0042	21.6513	23.5044
MvSl-1064-A2-R4_A2g01140	21.1091	22.0386	38.2866	54.0151	65.6753	127.813
MvSl-1064-A2-R4_A2g01141	83.1495	340.527	1170.36	1093.05	1022.36	1571.76
MvSl-1064-A2-R4_A2g01144	218.169	353.153	248.305	448.448	192.914	149.898
MvSl-1064-A2-R4_A2g01146	29	20	50	36	40	31
MvSl-1064-A2-R4_A2g01147	0	1.02759	2.00994	4.04533	1.00784	0
MvSl-1064-A2-R4_A2g01148	91	58	38	25	13	10
MvSl-1064-A2-R4_A2g01149	0	3.12514	10.521	8.08159	9.81877	14.9794
MvSl-1064-A2-R4_A2g01150	363.946	385.082	1039.08	1212.76	356.712	623.198
MvSl-1064-A2-R4_A2g01156	164.98	213.618	178.729	308.337	143.284	112.667
MvSl-1064-A2-R4_A2g01157	0	0	1.10792	1.13043	12.4904	9.18793
MvSl-1064-A2-R4_A2g01158	0	0	0	0	1.03306	8.11872
MvSl-1064-A2-R4_A2g01163	320.91	290.148	1172.28	811.354	559.637	670.176
MvSl-1064-A2-R4_A2g01164	4.47126	4.68203	2.33553	4.52489	12.9214	19.1131
MvSl-1064-A2-R4_A2g01167	3.00061	1.00091	25.0073	32.0057	7.0132	11.0154
MvSl-1064-A2-R4_A2g01168	0	0	0	1	1.08993	2.15034
MvSl-1064-A2-R4_A2g01171	8.25467	7	65.1934	57.2726	24.105	25.4321
MvSl-1064-A2-R4_A2g01172	0	2.15546	10.7816	5.85725	162.52	320.962
MvSl-1064-A2-R4_A2g01174	59.3546	75.9327	27.091	11.2792	26.5624	16.5534
MvSl-1064-A2-R4_A2g01175	0	0	0	0.0298812	0	0
MvSl-1064-A2-R4_A2g01176	5314.97	4612.47	2344.11	1978.12	1318.27	1127.85
MvSl-1064-A2-R4_A2g01177	2894.93	2465.22	3087.61	2426.54	2166.6	2699
MvSl-1064-A2-R4_A2g01178	1590.95	1454.47	1011.63	806.579	519.611	539.337
MvSl-1064-A2-R4_A2g01183	6	7	7	12.1085	6	2
MvSl-1064-A2-R4_A2g01184	5	1	18	15	5	3.06744
MvSl-1064-A2-R4_A2g01185	57	41.9737	317.377	331.492	201.111	224.345
MvSl-1064-A2-R4_A2g01195	3	5	19.2113	16.0297	13	10.0312
MvSl-1064-A2-R4_A2g01199	452.499	363.556	1217.91	1085.78	627.617	578.871
MvSl-1064-A2-R4_A2g01200	18	7	2	2	1	1
MvSl-1064-A2-R4_A2g01205	0	0	0	0	0	0
MvSl-1064-A2-R4_A2g01206	0	0	4.04289	2.02333	4.01757	3.11109
MvSl-1064-A2-R4_A2g01207	0	0	0	0	0	0
MvSl-1064-A2-R4_A2g01208	44.4315	47.3507	96.9748	153.397	82.0866	88.8814
MvSl-1064-A2-R4_A2g01211	2.97718	0.938401	1.50566	1.12617	2.23438	3.41069
MvSl-1064-A2-R4_A2g01212	14.6527	15.8576	30.3142	62.225	19.0792	21.5019
MvSl-1064-A2-R4_A2g01216	0	0	0	0	0	0
MvSl-1064-A2-R4_A2g01218	7.82527	2.24537	3.32704	7.99818	0	3.26374
MvSl-1064-A2-R4_A2g01220	0	2.41162	29.4964	27.5211	24.9997	49.0537
MvSl-1064-A2-R4_A2g01221	19.1731	22.5801	39.4001	85.2556	9.90306	13.2241
MvSl-1064-A2-R4_A2g01222	279.93	299.083	596.284	659.649	453.421	355.991
MvSl-1064-A2-R4_A2g01224	291.829	318.732	254.132	451.67	221.201	176.424
MvSl-1064-A2-R4_A2g01225	186.36	205.535	173.149	225.095	198.111	244.061
MvSl-1064-A2-R4_A2g01229	44.5954	40.2304	40.3735	70.7165	40.0718	45.1268
MvSl-1064-A2-R4_A2g01234	1	3	7.26875	10.1833	1.07288	5.35569
MvSl-1064-A2-R4_A2g01236	3.57122	11.1902	18.919	36.9782	13.9741	4.90915
MvSl-1064-A2-R4_A2g01239	0	1.34282	10.4435	21.3792	9.8621	2.76722
MvSl-1064-A2-R4_A2g01245	65	145	105	96	21	25
MvSl-1064-A2-R4_A2g01248	22.8653	10.5059	18.5595	14.4744	14.6357	19.229
MvSl-1064-A2-R4_A2g01251	220.122	149.036	504.016	485.659	464.386	456.314
MvSl-1064-A2-R4_A2g01254	92.7783	147.686	170.422	164.795	97.2391	116.276
MvSl-1064-A2-R4_A2g01255	1321.74	1549.25	1331.71	1271.37	1249.16	1300
MvSl-1064-A2-R4_A2g01257	129.533	114.29	110.532	108.37	116.102	142.328
MvSl-1064-A2-R4_A2g01263	223.108	225.752	151.311	222.634	172.909	139.755
MvSl-1064-A2-R4_A2g01272	23	11	154	212	486	429
MvSl-1064-A2-R4_A2g01281	174	193	141	165	329	458
MvSl-1064-A2-R4_A2g01282	526.813	777	213	331.349	180	239
MvSl-1064-A2-R4_A2g01283	121	131	72	92	64.348	64
MvSl-1064-A2-R4_A2g01290	1.21547	9.8047	4.6695	6.828	3.62848	2.46404
MvSl-1064-A2-R4_A2g01297	58.4598	41.4279	773.903	1343.82	129.749	168.668
MvSl-1064-A2-R4_A2g01298	56	52	148	166	96.5899	114
MvSl-1064-A2-R4_A2g01300	20	13	32	56	31.0234	26.0363
MvSl-1064-A2-R4_A2g01302	1	0	17.0263	30.0327	2.10232	9.97016
MvSl-1064-A2-R4_A2g01303	8	9	21	35	9	15
MvSl-1064-A2-R4_A2g01304	189	182	144	210	58.3602	105.31
MvSl-1064-A2-R4_A2g01307	16	10	9	15	3	1.1523
MvSl-1064-A2-R4_A2g01318	0	1.01286	1.025	2.04866	1.05004	0
MvSl-1064-A2-R4_A2g01324	1026.69	858.715	600.554	637.333	450.662	545.494
MvSl-1064-A2-R4_A2g01325	0	0	1	3	1.10028	0
MvSl-1064-A2-R4_A2g01327	68.1653	40.8915	193.465	203.194	128.989	163.137
MvSl-1064-A2-R4_A2g01330	0	0	0	0	0	0
MvSl-1064-A2-R4_A2g01336	0	0	0	0	0	0
MvSl-1064-A2-R4_A2g01339	0	0	0	0	0	0
MvSl-1064-A2-R4_A2g01340	0	0	0	0	1.9915	0
MvSl-1064-A2-R4_A2g01342	0	0	0	0	0	0
MvSl-1064-A2-R4_A2g01344	0	0	0	0	0	0
MvSl-1064-A2-R4_A2g01345	0	0	0	0	0	0
MvSl-1064-A2-R4_A2g01348	0	0	0	0	0	0
MvSl-1064-A2-R4_A2g01351	0	0	1.52271	9.30289	2.40608	3.59639
MvSl-1064-A2-R4_A2g01353	0	0	0	0	0	0
MvSl-1064-A2-R4_A2g01354	0	1.84823	0	2.31933	0	0
MvSl-1064-A2-R4_A2g01363	4.08765	3.16972	4.03633	8.84213	10.1387	17.1424
MvSl-1064-A2-R4_A2g01367	0	0	0	0	0	0
MvSl-1064-A2-R4_A2g01372	0	0	0	0	0	0
MvSl-1064-A2-R4_A2g01373	0	0	0	0	0	0
MvSl-1064-A2-R4_A2g01374	0	0	0	0	1	0
MvSl-1064-A2-R4_A2g01375	3.02049	3.0339	3.00895	2.00608	2.02927	4.03496
MvSl-1064-A2-R4_A2g01377	1.68917	8.41176	11.8201	15.7066	1.95008	0
MvSl-1064-A2-R4_A2g01380	0	0	10	16.5092	3	3.03273
MvSl-1064-A2-R4_A2g01382	1769	1561	2408	2814	2732	2528
MvSl-1064-A2-R4_A2g01385	131.157	141.121	47.1424	56.7331	50.9975	27.7729
MvSl-1064-A2-R4_A2g01386	25.7061	17.4962	109.5	74.8917	57.6629	72.5656
MvSl-1064-A2-R4_A2g01389	202.771	201.022	917.797	805.443	905.025	921.76
MvSl-1064-A2-R4_A2g01391	52	44	3	5	45	47
MvSl-1064-A2-R4_A2g01398	0	0	0	1.06588	0	0
MvSl-1064-A2-R4_A2g01399	0	0	0	0	0	0
MvSl-1064-A2-R4_A2g01405	248.383	341.039	333.004	390.461	194.994	223.351
MvSl-1064-A2-R4_A2g01406	96	106.729	255.761	430.511	174.462	177.329
MvSl-1064-A2-R4_A2g01407	341.86	250.231	1081.86	1305.01	1063.34	1320.06
MvSl-1064-A2-R4_A2g01408	8	5	151.166	334.456	64.3655	101.35
MvSl-1064-A2-R4_A2g01418	18.4707	30.7826	11.1082	19.3349	7.37165	6.10705
MvSl-1064-A2-R4_A2g01420	1750.11	1435.99	765.92	702.576	461.088	459.639
MvSl-1064-A2-R4_A2g01422	41.9466	32.4066	17.5933	23.2203	29.0493	35.2751
MvSl-1064-A2-R4_A2g01425	52.76	30.821	63.2978	88.2229	58.3049	66.3515
MvSl-1064-A2-R4_A2g01429	4	8	5	13.0057	48.04	60.0789
MvSl-1064-A2-R4_A2g01438	13.6672	3.42594	0	0	2.63822	0.161326
MvSl-1064-A2-R4_A2g01446	880	722	599	555	291	335
MvSl-1064-A2-R4_A2g01448	124.617	85.6177	57.899	87.2053	30.4214	40.583
MvSl-1064-A2-R4_A2g01449	99	102	112	118.049	100.64	194.819
MvSl-1064-A2-R4_A2g01451	1342.36	1402.42	4157.91	3988.37	1781	3603.81
MvSl-1064-A2-R4_A2g01460	3.86254	2.41388	1.05749	7.10232	5.85312	4.51267
MvSl-1064-A2-R4_A2g01466	10.2057	13.1469	11.3503	16.3628	4.13978	10.5028
MvSl-1064-A2-R4_A2g01467	4	3	6	10	0	2
MvSl-1064-A2-R4_A2g01474	3.28932	5.29488	9.50897	7.57147	6.3452	7.24955
MvSl-1064-A2-R4_A2g01475	84.9349	76.8745	76.3342	65.4091	69.5734	82.6464
MvSl-1064-A2-R4_A2g01476	59.9261	55.1472	85.0384	100.001	374.11	458.862
MvSl-1064-A2-R4_A2g01479	33	36	7	11	13	22
MvSl-1064-A2-R4_A2g01481	13	25	88	105	51	49
MvSl-1064-A2-R4_A2g01482	47.0239	58.0701	298.408	314.268	182.206	156.94
MvSl-1064-A2-R4_A2g01483	211.63	205.798	609.378	1004.26	553.783	658.966
MvSl-1064-A2-R4_A2g01484	39	38	221	327	235.835	276
MvSl-1064-A2-R4_A2g01485	8.97474	5.86169	83.7431	125.771	53.4372	55.0922
MvSl-1064-A2-R4_A2g01487	0	0	0	2	0	0
MvSl-1064-A2-R4_A2g01488	0	0	0	0	0	0
MvSl-1064-A2-R4_A2g01489	11883.6	11442.3	10604.3	13985.9	4712.29	6269.55
MvSl-1064-A2-R4_A2g01492	38.5926	43.7299	125.985	109.741	101.078	164.751
MvSl-1064-A2-R4_A2g01493	31.123	130.458	198.086	168.827	246.478	379.644
MvSl-1064-A2-R4_A2g01496	4.75694	4.03313	27.8732	27.5414	10.6162	29.2142
MvSl-1064-A2-R4_A2g01498	66.6897	124.124	520.809	435.665	129.968	130.858
MvSl-1064-A2-R4_A2g01499	0	0	1	0	0	0
MvSl-1064-A2-R4_A2g01500	7.17426	8.13264	8.89904	14.0663	10.453	7.34011
MvSl-1064-A2-R4_A2g01501	0	0	0	0	2.78972	0
MvSl-1064-A2-R4_A2g01508	12.4213	5.27198	26.1461	42.9252	11.3245	20.4598
MvSl-1064-A2-R4_A2g01517	228	266	312	607	171	158
MvSl-1064-A2-R4_A2g01518	86.3575	93.0202	152.102	196.453	89.1407	113.223
MvSl-1064-A2-R4_A2g01524	0	2	3.10161	3.9559	8.41637	17.3696
MvSl-1064-A2-R4_A2g01528	0	0	0	5.0591	3.09879	3.39535
MvSl-1064-A2-R4_A2g01533	5.77489	7.93471	24.8824	41.9134	8.94464	16.7991
MvSl-1064-A2-R4_A2g01539	280.277	197.603	48.8043	51.9236	44.6054	60.8664
MvSl-1064-A2-R4_A2g01540	8.28886	31.5931	10.1131	8.18291	3.4305	2.65217
MvSl-1064-A2-R4_A2g01541	17.495	31.808	5.18056	10.1758	1	0
MvSl-1064-A2-R4_A2g01542	40.4956	74	184.405	121.713	108.391	88.9488
MvSl-1064-A2-R4_A2g01550	0	0	7.53653	16.4932	1.04203	0
MvSl-1064-A2-R4_A2g01551	10.8327	7.10041	3.41423	1.22632	3.18787	7.08413
MvSl-1064-A2-R4_A2g01552	12.3267	7.20476	8.27349	12.5956	8.74791	12.2328
MvSl-1064-A2-R4_A2g01553	47.9038	41.9626	73.8358	63.2047	69.7879	70.0982
MvSl-1064-A2-R4_A2g01560	392.117	497.946	591.734	656.83	445.902	397.834
MvSl-1064-A2-R4_A2g01567	178.755	153.911	253.263	244.347	194.528	204.323
MvSl-1064-A2-R4_A2g01568	4.04327	1.00835	3.11413	6.38784	1.06535	3.97029
MvSl-1064-A2-R4_A2g01570	666	595	228	411	497	396
MvSl-1064-A2-R4_A2g01571	56	51	24	25	64	52
MvSl-1064-A2-R4_A2g01573	2.18185	7.53556	1.33918	3.1992	6.6975	2.21615
MvSl-1064-A2-R4_A2g01574	7	3.16843	96.8467	178.41	18.241	50.3385
MvSl-1064-A2-R4_A2g01576	379	552	45	96	152	102
MvSl-1064-A2-R4_A2g01581	53.8558	71.4298	57.8256	74.7714	25.1199	34.9846
MvSl-1064-A2-R4_A2g01587	0	0	2	2	79.9997	162.841
MvSl-1064-A2-R4_A2g01591	0	0	1	3	17.3908	8.12229
MvSl-1064-A2-R4_A2g01592	19.8641	21.9254	13.8655	15.1783	23.6836	32.163
MvSl-1064-A2-R4_A2g01593	5.34836	1.10123	2.1653	4.22679	73.5977	86.8545
MvSl-1064-A2-R4_A2g01597	0	0	5	5	1	1
MvSl-1064-A2-R4_A2g01598	0	4.00702	5.36745	13.6574	0.51181	2.5453
MvSl-1064-A2-R4_A2g01603	204.56	149.895	2420.77	3109.78	839.453	1322.66
MvSl-1064-A2-R4_A2g01611	1008.04	1085.69	2322.31	3151.33	626.435	486.374
MvSl-1064-A2-R4_A2g01616	7	11.0215	54.0211	80.0385	203.252	172.174
MvSl-1064-A2-R4_A2g01630	0	0	0	0	0	0
MvSl-1064-A2-R4_A2g01641	3355	2790	4454	4916	4899	4932
MvSl-1064-A2-R4_A2g01645	77.368	36.7512	59.9032	62.6385	12.3826	12.7887
MvSl-1064-A2-R4_A2g01647	0	3.41726	0.606027	0	0	0
MvSl-1064-A2-R4_A2g01654	142.585	107.263	148.719	210.905	236.663	278.118
MvSl-1064-A2-R4_A2g01655	380.117	385.721	279.948	308.284	148.223	163.659
MvSl-1064-A2-R4_A2g01659	12	14.3145	0	0	1.27843	1.27357
MvSl-1064-A2-R4_A2g01660	13.8518	11.4218	0	1.46574	0	2.38568
MvSl-1064-A2-R4_A2g01661	80.1223	88.8891	71.9869	130.861	63.0671	63.1451
MvSl-1064-A2-R4_A2g01671	0	0	0	0	0	0
MvSl-1064-A2-R4_A2g01676	269.003	351.356	65.1795	59.0473	93.0449	82.6763
MvSl-1064-A2-R4_A2g01677	4.37593	9.66167	1.4665	0	2.55825	0
MvSl-1064-A2-R4_A2g01683	419.782	396.777	777.46	751.831	498.507	563.861
MvSl-1064-A2-R4_A2g01685	472.486	647.419	382.829	253.615	248.86	241.399
MvSl-1064-A2-R4_A2g01689	556.592	673.557	563.596	528.417	711.006	689.426
MvSl-1064-A2-R4_A2g01690	4	7	14	3	3	2.02321
MvSl-1064-A2-R4_A2g01691	50.9708	46.1355	54.2834	33.2636	25.9775	34.7169
MvSl-1064-A2-R4_A2g01696	755.099	760.8	1061.29	948.691	701.264	564.786
MvSl-1064-A2-R4_A2g01699	200.573	131.895	137.183	195.532	139.409	203.536
MvSl-1064-A2-R4_A2g01702	3.00945	1	17.1209	20.0283	48.8716	81.6599
MvSl-1064-A2-R4_A2g01703	6	2	0	3.08319	53.6557	96.6995
MvSl-1064-A2-R4_A2g01704	13.0513	10.0254	21.0752	28.0859	24.9273	45.4465
MvSl-1064-A2-R4_A2g01707	0	0	4.68473	14.3757	0	0
MvSl-1064-A2-R4_A2g01708	0	0	9.71451	95.7464	4.46413	3.43184
MvSl-1064-A2-R4_A2g01709	7	11.0119	37.0495	117	14.9073	4.07443
MvSl-1064-A2-R4_A2g01712	7.24286	37.673	16.9637	47.5788	2.74658	3.45485
MvSl-1064-A2-R4_A2g01714	61.2049	55.9934	298.207	407.877	179.629	247.538
MvSl-1064-A2-R4_A2g01716	0	0	1.1044	1.03849	1.1334	2.35144
MvSl-1064-A2-R4_A2g01717	9.94357	0	2.54774	2.93349	88.2076	100.67
MvSl-1064-A2-R4_A2g01718	49	53	261.671	345.72	188.291	413.22
MvSl-1064-A2-R4_A2g01722	70.5415	86.2215	221.287	214.195	143.751	323.867
MvSl-1064-A2-R4_A2g01723	13.1312	23.3435	66.5642	72.8433	69.5553	112.383
MvSl-1064-A2-R4_A2g01726	0	1.07206	0	1.03555	1.09752	2.06326
MvSl-1064-A2-R4_A2g01727	0	0	0	2	0	0
MvSl-1064-A2-R4_A2g01730	1.30867	1	98.2248	164.228	7	13
MvSl-1064-A2-R4_A2g01731	1	1	7	10.3253	0	1
MvSl-1064-A2-R4_A2g01733	309.142	587.402	2047.06	1649.5	613.055	1044.58
MvSl-1064-A2-R4_A2g01735	126.619	148.907	172.112	311.25	261.472	277.699
MvSl-1064-A2-R4_A2g01738	12.023	0	16.2761	33.3991	21.8976	18.5609
MvSl-1064-A2-R4_A2g01740	483.237	430.198	1364.09	1363.55	973.184	1088.11
MvSl-1064-A2-R4_A2g01741	222.245	220.787	484.432	657.041	397.08	431.572
MvSl-1064-A2-R4_A2g01742	6.22719	0	1.01375	2.06656	0	1.03443
MvSl-1064-A2-R4_A2g01743	0.0112384	19.2833	3.87473	1.94E-05	0	0.106911
MvSl-1064-A2-R4_A2g01744	0	0	0	0	0	0
MvSl-1064-A2-R4_A2g01746	110.561	173.116	310.504	260.29	166.857	146.467
MvSl-1064-A2-R4_A2g01748	14.8722	7.95765	0	2.17799	0	1.12954
MvSl-1064-A2-R4_A2g01749	0.000173614	0	0	0	3.23762	0
MvSl-1064-A2-R4_A2g01750	3.51635	0	0	1.37756	11.9258	7.95328