MinSal-1389-A1-17072018_C015g08699	MvSl-1064-A1-R4_A1g00030	153	122	66	84	102	82.353	166
MinSal-1389-A1-17072018_C015g08704	MvSl-1064-A1-R4_A1g01017	1143	1051	94	100	1093	90.393	1923
MinSal-1389-A1-17072018_C015g08706	MvSl-1064-A1-R4_MC10-1g09731	234	237	90	78	210	74.286	313
MinSal-1389-A1-17072018_C015g08714	MvSl-1064-A1-R4_A1g01038	240	240	100	100	240	97.500	474
MinSal-1389-A1-17072018_C015g08725	MvSl-1064-A1-R4_A1g00306	397	396	99	99	396	96.717	772
MinSal-1389-A1-17072018_C015g08726	MvSl-1064-A1-R4_A1g00307	288	287	95	99	274	95.105	472
MinSal-1389-A1-17072018_C015g08727	MvSl-1064-A1-R4_A1g00441	369	342	100	100	369	89.160	664
MinSal-1389-A1-17072018_C015g08728	MvSl-1064-A1-R4_A1g00801	353	348	100	100	354	83.051	541
MinSal-1389-A1-17072018_C015g08729	MvSl-1064-A1-R4_MC09-1g08905	416	464	98	86	409	95.355	793
MinSal-1389-A1-17072018_C015g08730	MvSl-1064-A1-R4_A1g00659	538	570	100	100	571	89.667	1036
MinSal-1389-A1-17072018_C015g08732	MvSl-1064-A1-R4_A1g01154	186	184	98	99	183	93.443	322
MinSal-1389-A1-17072018_C015g08733	MvSl-1064-A1-R4_A1g01159	415	424	99	95	402	95.620	723
MinSal-1389-A1-17072018_C015g08734	MvSl-1064-A1-R4_A1g01160	510	474	99	99	505	87.723	856
MinSal-1389-A1-17072018_C015g08735	MvSl-1064-A1-R4_A1g01161	391	478	100	82	394	92.132	603
MinSal-1389-A1-17072018_C015g08736	MvSl-1064-A1-R4_A1g01162	182	186	99	99	184	88.587	322
MinSal-1389-A1-17072018_C015g08737	MvSl-1064-A1-R4_A1g01163	237	227	100	100	237	91.139	429
MinSal-1389-A1-17072018_C015g08739	MvSl-1064-A1-R4_A1g00996	817	659	78	89	638	75.705	932
MinSal-1389-A1-17072018_C015g08741	MvSl-1064-A1-R4_A1g01440	697	739	98	97	716	89.944	1292
MinSal-1389-A1-17072018_C015g08742	MvSl-1064-A1-R4_A1g01441	586	560	98	98	577	86.106	894
MinSal-1389-A1-17072018_C015g08744	MvSl-1064-A1-R4_A1g01444	512	512	100	100	512	96.875	1039
MinSal-1389-A1-17072018_C015g08745	MvSl-1064-A1-R4_A1g01445	991	893	89	100	913	86.309	1232
MinSal-1389-A1-17072018_C015g08747	MvSl-1064-A1-R4_A1g01447	994	1001	99	99	1013	88.154	1558
MinSal-1389-A1-17072018_C015g08748	MvSl-1064-A1-R4_A1g01450	751	794	100	100	802	83.791	1266
MinSal-1389-A1-17072018_C015g08749	MvSl-1064-A1-R4_A1g01451	430	418	97	100	418	97.129	845
MinSal-1389-A1-17072018_C015g08750	MvSl-1064-A1-R4_A1g01453	491	492	100	100	492	97.561	982
MinSal-1389-A1-17072018_C015g08752	MvSl-1064-A1-R4_A1g01457	136	172	100	79	136	96.324	268
MinSal-1389-A1-17072018_C015g08753	MvSl-1064-A1-R4_A1g01458	805	779	95	100	779	97.304	1558
MinSal-1389-A1-17072018_C015g08755	MvSl-1064-A1-R4_A1g01460	331	358	100	100	358	84.358	558
MinSal-1389-A1-17072018_C015g08756	MvSl-1064-A1-R4_A1g01461	357	355	100	100	361	89.197	615
MinSal-1389-A1-17072018_C015g08757	MvSl-1064-A1-R4_A1g01462	392	396	100	100	398	87.688	643
MinSal-1389-A1-17072018_C015g08758	MvSl-1064-A1-R4_A1g01463	64	63	92	94	59	81.356	92.4
MinSal-1389-A1-17072018_C015g08759	MvSl-1064-A1-R4_A1g01464	116	173	97	66	115	81.739	192
MinSal-1389-A1-17072018_C015g08762	MvSl-1064-A1-R4_A1g01466	968	975	100	99	971	91.864	1703
MinSal-1389-A1-17072018_C015g08763	MvSl-1064-A1-R4_A1g01467	381	400	99	99	425	72.471	586
MinSal-1389-A1-17072018_C015g08764	MvSl-1064-A1-R4_A1g01468	484	579	79	70	392	85.961	697
MinSal-1389-A1-17072018_C015g08766	MvSl-1064-A1-R4_A1g01470	696	711	100	98	696	91.523	1246
MinSal-1389-A1-17072018_C015g08767	MvSl-1064-A1-R4_A1g01471	523	526	96	97	520	77.115	662
MinSal-1389-A1-17072018_C015g08768	MvSl-1064-A1-R4_A1g01472	287	348	88	95	314	66.242	251
MinSal-1389-A1-17072018_C015g08771	MvSl-1064-A1-R4_MC11g10571	1599	1186	60	83	1007	83.714	1661
MinSal-1389-A1-17072018_C015g08774	MvSl-1064-A1-R4_A1g01486	898	902	100	100	903	88.040	1556
MinSal-1389-A1-17072018_C015g08775	MvSl-1064-A1-R4_A1g01485	552	552	100	100	552	96.920	1104
MinSal-1389-A1-17072018_C015g08778	MvSl-1064-A1-R4_A1g01477	778	761	99	100	772	91.014	1287
MinSal-1389-A1-17072018_C015g08779	MvSl-1064-A1-R4_A1g01476	665	671	99	99	670	86.716	1040
MinSal-1389-A1-17072018_C015g08787	MvSl-1064-A1-R4_A1g01487	774	753	100	100	774	90.956	1233
MinSal-1389-A1-17072018_C015g08788	MvSl-1064-A1-R4_A1g01488	1247	1258	100	100	1270	89.764	2016
MinSal-1389-A1-17072018_C015g08789	MvSl-1064-A1-R4_A1g01489	134	134	100	100	134	94.776	263
MinSal-1389-A1-17072018_C015g08791	MvSl-1064-A1-R4_A1g01492	111	125	96	86	108	64.815	132
MinSal-1389-A1-17072018_C015g08797	MvSl-1064-A1-R4_A1g01497	200	230	100	100	230	83.913	371
MinSal-1389-A1-17072018_C015g08798	MvSl-1064-A1-R4_A1g01498	252	251	100	100	253	95.257	486
MinSal-1389-A1-17072018_C015g08800	MvSl-1064-A1-R4_A1g01500	1024	1042	100	100	1065	85.822	1749
MinSal-1389-A1-17072018_C015g08801	MvSl-1064-A1-R4_A1g01501	335	354	100	100	354	88.701	640
MinSal-1389-A1-17072018_C015g08802	MvSl-1064-A1-R4_A1g01502	1660	1637	99	99	1695	81.084	2449
MinSal-1389-A1-17072018_C015g08803	MvSl-1064-A1-R4_A1g01508	437	379	100	94	422	67.062	523
MinSal-1389-A1-17072018_C015g08804	MvSl-1064-A1-R4_A1g01509	933	905	100	100	934	95.396	1731
