MinSal-1389-A1-17072018_C013g08324	MvSl-1064-A1-R4_MC01-1g01702	56	54	93	98	53	60.377	55.8
MinSal-1389-A1-17072018_C013g08335	MvSl-1064-A1-R4_A1g00004	601	627	91	89	562	84.932	912
MinSal-1389-A1-17072018_C013g08336	MvSl-1064-A1-R4_A1g00005	260	273	100	100	276	78.623	385
MinSal-1389-A1-17072018_C013g08337	MvSl-1064-A1-R4_A1g00006	138	138	100	100	138	97.101	274
MinSal-1389-A1-17072018_C013g08338	MvSl-1064-A1-R4_A1g00007	1042	1001	98	100	1037	84.474	1407
MinSal-1389-A1-17072018_C013g08339	MvSl-1064-A1-R4_A1g00008	535	555	100	100	565	80.354	672
MinSal-1389-A1-17072018_C013g08340	MvSl-1064-A1-R4_A1g00009	393	379	99	98	398	85.176	554
MinSal-1389-A1-17072018_C013g08342	MvSl-1064-A1-R4_A1g00032	456	517	97	74	407	76.371	588
MinSal-1389-A1-17072018_C013g08343	MvSl-1064-A1-R4_A1g00033	228	266	100	100	266	82.331	407
MinSal-1389-A1-17072018_C013g08344	MvSl-1064-A1-R4_A1g00035	417	461	100	100	461	74.187	678
MinSal-1389-A1-17072018_C013g08345	MvSl-1064-A1-R4_A1g00036	415	397	100	100	415	89.88	645
MinSal-1389-A1-17072018_C013g08346	MvSl-1064-A1-R4_A1g00037	806	806	100	100	806	95.037	1540
MinSal-1389-A1-17072018_C013g08347	MvSl-1064-A1-R4_A1g00038	194	193	100	81	194	71.649	250
MinSal-1389-A1-17072018_C013g08349	MvSl-1064-A1-R4_A1g00039	653	611	100	100	653	90.658	1191
MinSal-1389-A1-17072018_C013g08350	MvSl-1064-A1-R4_A1g00040	374	360	93	100	364	72.752	499
MinSal-1389-A1-17072018_C013g08353	MvSl-1064-A1-R4_A1g00046	273	292	100	97	283	90.459	502
MinSal-1389-A1-17072018_C013g08354	MvSl-1064-A1-R4_A1g00047	379	299	78	99	297	91.919	466
MinSal-1389-A1-17072018_C013g08355	MvSl-1064-A1-R4_A1g00048	523	523	99	100	526	85.361	805
MinSal-1389-A1-17072018_C013g08356	MvSl-1064-A1-R4_A1g00049	867	873	100	100	917	74.264	1195
MinSal-1389-A1-17072018_C013g08357	MvSl-1064-A1-R4_A1g00050	1465	1493	100	99	1489	91.672	2667
MinSal-1389-A1-17072018_C013g08358	MvSl-1064-A1-R4_A1g00051	358	358	100	100	358	96.369	712
MinSal-1389-A1-17072018_C013g08360	MvSl-1064-A1-R4_A1g00053	372	418	100	100	421	74.347	594
MinSal-1389-A1-17072018_C013g08361	MvSl-1064-A1-R4_A1g00054	413	388	100	99	413	85.956	725
MinSal-1389-A1-17072018_C013g08362	MvSl-1064-A1-R4_A1g00055	328	428	95	79	324	86.842	375
MinSal-1389-A1-17072018_C013g08363	MvSl-1064-A1-R4_A1g00056	576	576	100	100	588	90.136	1056
MinSal-1389-A1-17072018_C013g08364	MvSl-1064-A1-R4_A1g00057	106	107	85	84	90	93.333	150
MinSal-1389-A1-17072018_C013g08366	MvSl-1064-A1-R4_A1g00061	219	219	100	100	219	95.89	436
MinSal-1389-A1-17072018_C013g08367	MvSl-1064-A1-R4_A1g00062	698	714	99	99	715	81.399	988
MinSal-1389-A1-17072018_C013g08368	MvSl-1064-A1-R4_A1g00063	322	316	100	100	326	84.663	540
MinSal-1389-A1-17072018_C013g08370	MvSl-1064-A1-R4_A1g00065	629	649	100	100	661	87.141	1144
MinSal-1389-A1-17072018_C013g08371	MvSl-1064-A1-R4_A1g00066	163	184	99	74	137	89.571	273
MinSal-1389-A1-17072018_C013g08372	MvSl-1064-A1-R4_A1g00067	454	451	100	100	456	88.816	832
MinSal-1389-A1-17072018_C013g08373	MvSl-1064-A1-R4_A1g00068	396	397	100	100	397	92.191	679
MinSal-1389-A1-17072018_C013g08374	MvSl-1064-A1-R4_A1g00069	1441	1429	100	100	1442	94.868	2339
MinSal-1389-A1-17072018_C013g08375	MvSl-1064-A1-R4_A1g00070	918	918	98	100	902	90.683	1488
MinSal-1389-A1-17072018_C013g08376	MvSl-1064-A1-R4_A1g00071	495	495	100	100	495	92.525	919
MinSal-1389-A1-17072018_C013g08377	MvSl-1064-A1-R4_A1g00072	589	663	100	100	663	84.766	1098
MinSal-1389-A1-17072018_C013g08379	MvSl-1064-A1-R4_A1g00073	377	375	99	99	375	88.267	533
MinSal-1389-A1-17072018_C013g08380	MvSl-1064-A1-R4_A1g00074	581	613	100	88	606	81.188	981
MinSal-1389-A1-17072018_C013g08383	MvSl-1064-A1-R4_MC01-1g02585	130	120	79	80	106	63.208	124
MinSal-1389-A1-17072018_C013g08385	MvSl-1064-A1-R4_MC02g04044	517	326	61	100	340	74.344	477
MinSal-1389-A1-17072018_C013g08386	MvSl-1064-A1-R4_A1g00075	447	433	95	98	426	89.906	783
MinSal-1389-A1-17072018_C013g08387	MvSl-1064-A1-R4_A1g00076	862	859	100	100	875	85.943	1460
MinSal-1389-A1-17072018_C013g08388	MvSl-1064-A1-R4_A1g00077	578	460	74	90	438	79.425	568
MinSal-1389-A1-17072018_C013g08389	MvSl-1064-A1-R4_A1g00078	153	153	100	100	153	93.464	295
MinSal-1389-A1-17072018_C013g08390	MvSl-1064-A1-R4_A1g00079	1363	1388	99	99	1386	89.496	2376
MinSal-1389-A1-17072018_C013g08392	MvSl-1064-A1-R4_A1g00081	389	363	100	100	412	70.631	525
MinSal-1389-A1-17072018_C013g08394	MvSl-1064-A1-R4_MC14g11967	163	109	66	98	107	91.589	205
MinSal-1389-A1-17072018_C013g08396	MvSl-1064-A1-R4_MC06g06890	1188	1379	100	90	1242	91.948	2328
MinSal-1389-A1-17072018_C013g08404	MvSl-1064-A1-R4_A1g00109	236	238	61	95	144	78.151	265
MinSal-1389-A1-17072018_C013g08405	MvSl-1064-A1-R4_A1g00110	860	856	100	100	860	94.884	1446
MinSal-1389-A1-17072018_C013g08406	MvSl-1064-A1-R4_A1g00111	49	40	76	93	37	83.784	66.2
MinSal-1389-A1-17072018_C013g08407	MvSl-1064-A1-R4_MC12g10921	1323	1324	100	100	1329	93.378	2543
MinSal-1389-A1-17072018_C013g08408	MvSl-1064-A1-R4_A1g00113	902	899	100	100	904	96.35	1764
MinSal-1389-A1-17072018_C013g08410	MvSl-1064-A1-R4_A1g00367	563	543	96	99	543	96.501	1041
MinSal-1389-A1-17072018_C013g08411	MvSl-1064-A1-R4_MC01-2g02974	38	38	100	100	38	92.105	74.7
MinSal-1389-A1-17072018_C013g08413	MvSl-1064-A1-R4_A1g00368	399	400	99	100	400	96.5	783
MinSal-1389-A1-17072018_C013g08414	MvSl-1064-A1-R4_A1g00369	640	649	100	100	649	92.604	1186
MinSal-1389-A1-17072018_C013g08415	MvSl-1064-A1-R4_A1g00370	651	678	100	100	678	89.823	1207
MinSal-1389-A1-17072018_C013g08416	MvSl-1064-A1-R4_A1g00371	974	1141	100	88	1023	88.465	1654
MinSal-1389-A1-17072018_C013g08417	MvSl-1064-A1-R4_A1g00372	916	877	100	100	935	86.845	1542
MinSal-1389-A1-17072018_C013g08418	MvSl-1064-A1-R4_A1g00373	388	354	100	100	388	86.856	600
MinSal-1389-A1-17072018_C013g08419	MvSl-1064-A1-R4_A1g00374	716	703	100	100	716	95.81	1414
MinSal-1389-A1-17072018_C013g08420	MvSl-1064-A1-R4_A1g00380	72	72	100	100	72	97.222	145
MinSal-1389-A1-17072018_C013g08421	MvSl-1064-A1-R4_A1g00384	57	74	100	100	74	74.324	99
MinSal-1389-A1-17072018_C013g08428	MvSl-1064-A1-R4_A1g00389	306	385	99	78	308	89.286	522
MinSal-1389-A1-17072018_C013g08429	MvSl-1064-A1-R4_A1g00390	377	377	100	100	377	95.756	621
MinSal-1389-A1-17072018_C013g08430	MvSl-1064-A1-R4_A1g00391	602	588	100	100	619	86.43	999
MinSal-1389-A1-17072018_C013g08432	MvSl-1064-A1-R4_A1g00394	114	114	100	100	114	94.737	195
MinSal-1389-A1-17072018_C013g08433	MvSl-1064-A1-R4_A1g00395	1364	1363	100	100	1371	93.363	2491
MinSal-1389-A1-17072018_C013g08434	MvSl-1064-A1-R4_A1g00396	293	293	99	99	292	94.521	561
MinSal-1389-A1-17072018_C013g08435	MvSl-1064-A1-R4_A1g00397	165	124	100	100	165	64.242	170
MinSal-1389-A1-17072018_C013g08436	MvSl-1064-A1-R4_A1g00398	127	123	100	100	127	92.126	227
MinSal-1389-A1-17072018_C013g08437	MvSl-1064-A1-R4_A1g00399	160	160	100	100	160	98.75	327
MinSal-1389-A1-17072018_C013g08438	MvSl-1064-A1-R4_A1g00400	812	787	100	100	817	85.312	1344
MinSal-1389-A1-17072018_C013g08439	MvSl-1064-A1-R4_A1g00401	311	331	93	65	251	62.319	330
MinSal-1389-A1-17072018_C013g08441	MvSl-1064-A1-R4_A1g00403	1361	1342	100	100	1372	95.117	2679
MinSal-1389-A1-17072018_C013g08442	MvSl-1064-A1-R4_A1g00404	217	266	100	100	266	73.684	390
MinSal-1389-A1-17072018_C013g08443	MvSl-1064-A1-R4_A1g00405	545	548	100	100	551	88.385	872
MinSal-1389-A1-17072018_C013g08444	MvSl-1064-A1-R4_A1g00406	179	179	99	99	178	91.573	318
MinSal-1389-A1-17072018_C013g08449	MvSl-1064-A1-R4_A1g01261	2319	2309	100	100	2321	94.701	4321
MinSal-1389-A1-17072018_C013g08450	MvSl-1064-A1-R4_A1g00669	684	711	100	100	711	90.717	1072
MinSal-1389-A1-17072018_C013g08451	MvSl-1064-A1-R4_A1g00668	613	651	99	99	652	88.65	1127
MinSal-1389-A1-17072018_C013g08454	MvSl-1064-A1-R4_A1g01252	321	321	100	100	321	96.885	609
MinSal-1389-A1-17072018_C013g08455	MvSl-1064-A1-R4_A1g01253	175	182	100	93	181	77.348	271
MinSal-1389-A1-17072018_C013g08469	MvSl-1064-A1-R4_A1g00624	216	256	100	84	216	94.444	424
MinSal-1389-A1-17072018_C013g08470	MvSl-1064-A1-R4_MC03g05188	95	138	100	69	95	89.474	179
MinSal-1389-A1-17072018_C013g08471	MvSl-1064-A1-R4_MC14g11748	832	819	99	100	829	90.953	1499
MinSal-1389-A1-17072018_C013g08472	MvSl-1064-A1-R4_A1g01317	315	270	80	99	268	92.164	498
MinSal-1389-A1-17072018_C013g08473	MvSl-1064-A1-R4_A1g00175	773	840	100	95	794	92.065	1377
MinSal-1389-A1-17072018_C013g08484	MvSl-1064-A1-R4_MC08g08476	1000	1019	97	99	1023	73.509	1447
MinSal-1389-A1-17072018_C013g08485	MvSl-1064-A1-R4_A1g00960	227	227	100	100	227	96.035	444
MinSal-1389-A1-17072018_C013g08486	MvSl-1064-A1-R4_A1g00958	670	649	100	100	674	87.834	1025
MinSal-1389-A1-17072018_C013g08487	MvSl-1064-A1-R4_A1g00957	236	237	100	100	237	90.295	428
MinSal-1389-A1-17072018_C013g08488	MvSl-1064-A1-R4_A1g00956	769	766	100	100	771	88.197	1085
MinSal-1389-A1-17072018_C013g08490	MvSl-1064-A1-R4_A1g00922	580	456	76	99	438	86.017	525
MinSal-1389-A1-17072018_C013g08491	MvSl-1064-A1-R4_A1g00921	572	552	99	97	566	92.049	1046
MinSal-1389-A1-17072018_C013g08492	MvSl-1064-A1-R4_A1g00920	2049	1991	80	83	1651	93.156	2788
MinSal-1389-A1-17072018_C013g08493	MvSl-1064-A1-R4_A1g00913	1262	1231	98	100	1257	92.681	2101
MinSal-1389-A1-17072018_C013g08494	MvSl-1064-A1-R4_A1g00912	313	341	100	100	341	85.044	563
MinSal-1389-A1-17072018_C013g08495	MvSl-1064-A1-R4_A1g00911	87	87	86	90	75	94.872	157
MinSal-1389-A1-17072018_C013g08496	MvSl-1064-A1-R4_MC01-1g01930	86	78	91	92	78	75.641	100
MinSal-1389-A1-17072018_C013g08497	MvSl-1064-A1-R4_A1g00794	97	113	100	100	124	68.548	160
MinSal-1389-A1-17072018_C013g08499	MvSl-1064-A1-R4_MC01-2g03117	551	565	100	100	580	88.793	1022
MinSal-1389-A1-17072018_C013g08500	MvSl-1064-A1-R4_MC01-2g03118	171	219	100	100	220	60	229
MinSal-1389-A1-17072018_C013g08501	MvSl-1064-A1-R4_MC01-2g03119	167	188	100	100	189	67.196	241
MinSal-1389-A1-17072018_C013g08502	MvSl-1064-A1-R4_A1g00644	737	789	99	99	783	86.735	1187
MinSal-1389-A1-17072018_C013g08503	MvSl-1064-A1-R4_A1g00645	831	842	100	99	863	89.224	1430
MinSal-1389-A1-17072018_C013g08504	MvSl-1064-A1-R4_A1g00646	696	696	100	100	696	94.109	1203
MinSal-1389-A1-17072018_C013g08505	MvSl-1064-A1-R4_A1g00647	246	286	100	86	248	94.355	470
MinSal-1389-A1-17072018_C013g08506	MvSl-1064-A1-R4_A1g00648	505	502	100	100	505	94.257	931
MinSal-1389-A1-17072018_C013g08508	MvSl-1064-A1-R4_A1g01129	754	756	100	100	756	93.651	1427
MinSal-1389-A1-17072018_C013g08510	MvSl-1064-A1-R4_A1g00311	1498	1497	100	100	1498	96.262	2924
MinSal-1389-A1-17072018_C013g08511	MvSl-1064-A1-R4_A1g00312	159	159	100	100	159	90.566	298
MinSal-1389-A1-17072018_C013g08514	MvSl-1064-A1-R4_A1g00869	601	609	99	100	609	95.895	1202
MinSal-1389-A1-17072018_C013g08520	MvSl-1064-A1-R4_MC07g07973	444	413	99	99	458	60.262	464
MinSal-1389-A1-17072018_C013g08521	MvSl-1064-A1-R4_A1g00778	834	827	100	100	834	94.724	1574
MinSal-1389-A1-17072018_C013g08522	MvSl-1064-A1-R4_A1g00779	952	1011	97	91	925	97.946	1850
MinSal-1389-A1-17072018_C013g08525	MvSl-1064-A1-R4_A1g01234	644	647	100	100	647	94.9	1192
MinSal-1389-A1-17072018_C013g08527	MvSl-1064-A1-R4_A1g00895	276	250	100	100	276	83.696	342
MinSal-1389-A1-17072018_C013g08528	MvSl-1064-A1-R4_A1g00211	860	827	100	100	860	93.14	1618
MinSal-1389-A1-17072018_C013g08529	MvSl-1064-A1-R4_A1g00241	332	346	98	100	324	91.04	482
MinSal-1389-A1-17072018_C013g08530	MvSl-1064-A1-R4_A1g00242	191	191	100	100	191	97.382	386
MinSal-1389-A1-17072018_C013g08533	MvSl-1064-A1-R4_MC07g07694	70	77	81	70	57	70.175	74.3
MinSal-1389-A1-17072018_C013g08534	MvSl-1064-A1-R4_A1g00264	36	45	94	76	34	91.176	62.8
MinSal-1389-A1-17072018_C013g08537	MvSl-1064-A1-R4_A1g00245	94	94	100	100	94	96.809	178
MinSal-1389-A1-17072018_C013g08538	MvSl-1064-A1-R4_A1g00246	344	344	100	100	344	96.802	680
MinSal-1389-A1-17072018_C013g08540	MvSl-1064-A1-R4_A1g00269	1021	1021	100	100	1021	96.866	2004
MinSal-1389-A1-17072018_C013g08541	MvSl-1064-A1-R4_A1g00270	398	380	100	100	398	92.714	754
MinSal-1389-A1-17072018_C013g08542	MvSl-1064-A1-R4_A1g00292	593	547	100	100	593	89.545	1074
MinSal-1389-A1-17072018_C013g08543	MvSl-1064-A1-R4_A1g00290	1078	1078	100	100	1078	97.032	2174
MinSal-1389-A1-17072018_C013g08545	MvSl-1064-A1-R4_MC12g11172	997	997	100	100	997	97.192	1957
MinSal-1389-A1-17072018_C013g08546	MvSl-1064-A1-R4_A1g00693	320	334	100	100	334	92.814	630
MinSal-1389-A1-17072018_C013g08547	MvSl-1064-A1-R4_A1g00694	782	781	100	100	784	93.257	1362
MinSal-1389-A1-17072018_C013g08548	MvSl-1064-A1-R4_A1g00720	152	149	96	83	154	72.078	195
MinSal-1389-A1-17072018_C013g08549	MvSl-1064-A1-R4_MC11g10215	1295	1241	97	99	1250	95.68	2351
MinSal-1389-A1-17072018_C013g08550	MvSl-1064-A1-R4_A1g00718	460	460	100	100	460	96.522	917
MinSal-1389-A1-17072018_C013g08551	MvSl-1064-A1-R4_A1g00254	743	738	100	100	743	95.693	1446
MinSal-1389-A1-17072018_C013g08552	MvSl-1064-A1-R4_A1g00359	346	340	100	100	352	92.898	647
MinSal-1389-A1-17072018_C013g08554	MvSl-1064-A1-R4_A1g00281	1239	1324	99	92	1223	95.012	2266
MinSal-1389-A1-17072018_C013g08555	MvSl-1064-A1-R4_A1g00280	1441	1470	100	100	1470	94.694	2856
MinSal-1389-A1-17072018_C013g08556	MvSl-1064-A1-R4_A1g00193	492	467	78	82	383	97.389	768
MinSal-1389-A1-17072018_C013g08557	MvSl-1064-A1-R4_A1g00433	566	565	100	100	566	92.049	1038
MinSal-1389-A1-17072018_C013g08558	MvSl-1064-A1-R4_A1g00432	97	97	100	100	97	91.753	177
MinSal-1389-A1-17072018_C013g08559	MvSl-1064-A1-R4_A1g00349	204	290	94	73	211	82.464	325
MinSal-1389-A1-17072018_C013g08560	MvSl-1064-A1-R4_A1g00350	913	824	76	83	696	92.529	1174
MinSal-1389-A1-17072018_C013g08561	MvSl-1064-A1-R4_A1g00351	1265	1299	100	99	1304	87.883	2249
MinSal-1389-A1-17072018_C013g08562	MvSl-1064-A1-R4_A1g00352	277	263	100	100	288	84.375	473
MinSal-1389-A1-17072018_C013g08563	MvSl-1064-A1-R4_A1g01272	202	183	100	100	203	88.177	342
MinSal-1389-A1-17072018_C013g08564	MvSl-1064-A1-R4_A1g01271	125	130	100	100	130	95.385	249
MinSal-1389-A1-17072018_C013g08565	MvSl-1064-A1-R4_A1g01173	539	517	87	95	498	87.55	613
MinSal-1389-A1-17072018_C013g08566	MvSl-1064-A1-R4_A1g01174	406	406	100	100	406	97.044	814
MinSal-1389-A1-17072018_C013g08567	MvSl-1064-A1-R4_A1g01220	272	296	97	90	265	94.717	509
MinSal-1389-A1-17072018_C013g08568	MvSl-1064-A1-R4_A1g01219	1024	1022	100	100	1048	90.553	1226
MinSal-1389-A1-17072018_C013g08572	MvSl-1064-A1-R4_MC05-3g06715	505	514	100	100	519	93.449	960
MinSal-1389-A1-17072018_C013g08573	MvSl-1064-A1-R4_A1g00013	598	566	98	99	586	92.15	1058
MinSal-1389-A1-17072018_C013g08574	MvSl-1064-A1-R4_A1g00165	855	889	98	98	869	89.91	1398
MinSal-1389-A1-17072018_C013g08575	MvSl-1064-A1-R4_MC03g05262	896	890	99	98	889	90.337	1453
MinSal-1389-A1-17072018_C013g08576	MvSl-1064-A1-R4_A1g00155	510	508	97	100	496	90.98	859
MinSal-1389-A1-17072018_C013g08577	MvSl-1064-A1-R4_A1g00154	235	220	99	100	234	87.179	411
MinSal-1389-A1-17072018_C013g08578	MvSl-1064-A1-R4_A1g00153	1345	1373	100	100	1374	94.105	2575
MinSal-1389-A1-17072018_C013g08583	MvSl-1064-A1-R4_A1g01212	922	922	100	100	922	97.939	1855
MinSal-1389-A1-17072018_C013g08585	MvSl-1064-A1-R4_MC01-1g01763	1113	1079	93	96	1038	89.306	1690
MinSal-1389-A1-17072018_C013g08586	MvSl-1064-A1-R4_A1g01184	655	586	89	100	586	93.345	979
MinSal-1389-A1-17072018_C013g08587	MvSl-1064-A1-R4_A1g01189	373	347	93	100	347	95.389	559
MinSal-1389-A1-17072018_C013g08589	MvSl-1064-A1-R4_A1g01191	303	300	100	100	303	91.749	523
MinSal-1389-A1-17072018_C013g08591	MvSl-1064-A1-R4_A1g00144	165	157	84	88	138	94.928	274
MinSal-1389-A1-17072018_C013g08592	MvSl-1064-A1-R4_A1g01389	93	97	84	85	82	87.805	115
MinSal-1389-A1-17072018_C013g08593	MvSl-1064-A1-R4_A1g01388	747	748	99	99	740	94.259	1265
MinSal-1389-A1-17072018_C013g08594	MvSl-1064-A1-R4_A1g01385	515	517	100	100	517	94.971	940
MinSal-1389-A1-17072018_C013g08595	MvSl-1064-A1-R4_A1g01384	974	1008	100	100	1008	90.774	1636
MinSal-1389-A1-17072018_C013g08596	MvSl-1064-A1-R4_A1g01371	994	1011	100	100	1011	92.779	1747
MinSal-1389-A1-17072018_C013g08597	MvSl-1064-A1-R4_A1g01370	707	708	100	100	708	93.22	1085
MinSal-1389-A1-17072018_C013g08598	MvSl-1064-A1-R4_A1g01369	633	631	100	100	677	80.355	1026
MinSal-1389-A1-17072018_C013g08599	MvSl-1064-A1-R4_A1g01368	1908	1872	100	100	1910	90.785	3258
MinSal-1389-A1-17072018_C013g08600	MvSl-1064-A1-R4_A1g01367	591	542	100	100	592	81.588	845
MinSal-1389-A1-17072018_C013g08601	MvSl-1064-A1-R4_A1g01366	744	758	100	96	744	92.339	1276
MinSal-1389-A1-17072018_C013g08604	MvSl-1064-A1-R4_MC07g07684	263	330	100	100	330	77.273	479
MinSal-1389-A1-17072018_C013g08605	MvSl-1064-A1-R4_MC02g03467	234	364	97	71	260	73.846	375
MinSal-1389-A1-17072018_C013g08607	MvSl-1064-A1-R4_A1g00845	1532	1538	100	100	1563	93.154	2887
MinSal-1389-A1-17072018_C013g08608	MvSl-1064-A1-R4_A1g00844	258	258	100	100	258	94.574	411
MinSal-1389-A1-17072018_C013g08609	MvSl-1064-A1-R4_A1g00843	356	371	100	100	385	83.896	607
MinSal-1389-A1-17072018_C013g08610	MvSl-1064-A1-R4_A1g00842	479	466	100	100	494	88.664	853
MinSal-1389-A1-17072018_C013g08611	MvSl-1064-A1-R4_A1g00841	327	345	100	100	345	86.957	561
MinSal-1389-A1-17072018_C013g08612	MvSl-1064-A1-R4_A1g00840	566	575	100	100	579	90.328	959
MinSal-1389-A1-17072018_C013g08613	MvSl-1064-A1-R4_A1g00832	771	785	100	100	801	89.638	1329
MinSal-1389-A1-17072018_C013g08614	MvSl-1064-A1-R4_A1g00575	1174	991	82	100	994	93.662	1863
MinSal-1389-A1-17072018_C013g08617	MvSl-1064-A1-R4_A1g00568	134	131	98	100	131	96.183	249
MinSal-1389-A1-17072018_C013g08618	MvSl-1064-A1-R4_A1g00186	428	450	100	100	450	91.111	827
MinSal-1389-A1-17072018_C013g08619	MvSl-1064-A1-R4_A1g00185	957	926	99	100	949	92.624	1724
MinSal-1389-A1-17072018_C013g08620	MvSl-1064-A1-R4_A1g00184	103	87	100	100	103	81.553	166
MinSal-1389-A1-17072018_C013g08623	MvSl-1064-A1-R4_MC01-1g02666	244	342	100	85	291	63.574	324
MinSal-1389-A1-17072018_C013g08624	MvSl-1064-A1-R4_A1g01229	596	402	66	100	419	78.998	618
MinSal-1389-A1-17072018_C013g08625	MvSl-1064-A1-R4_A1g01227	172	172	100	100	172	97.093	342
MinSal-1389-A1-17072018_C013g08626	MvSl-1064-A1-R4_A1g00230	190	229	100	100	229	79.913	354
MinSal-1389-A1-17072018_C013g08638	MvSl-1064-A1-R4_A1g00856	334	319	95	99	317	97.792	647
MinSal-1389-A1-17072018_C013g08641	MvSl-1064-A1-R4_A1g00126	166	226	100	100	226	60.177	232
MinSal-1389-A1-17072018_C013g08645	MvSl-1064-A1-R4_A1g00853	763	872	99	88	794	89.421	1303
MinSal-1389-A1-17072018_C013g08647	MvSl-1064-A1-R4_A1g00854	896	900	100	100	908	94.934	1704
MinSal-1389-A1-17072018_C013g08648	MvSl-1064-A1-R4_A1g00855	113	123	100	93	114	97.368	209
MinSal-1389-A1-17072018_C013g08657	MvSl-1064-A1-R4_MC01-1g02805	1037	1137	100	93	1079	75.44	1608
MinSal-1389-A1-17072018_C013g08662	MvSl-1064-A1-R4_A1g00591	449	443	98	99	441	71.429	612
MinSal-1389-A1-17072018_C013g08664	MvSl-1064-A1-R4_A1g00593	1193	1188	100	100	1193	94.719	2061
MinSal-1389-A1-17072018_C013g08665	MvSl-1064-A1-R4_A1g00772	371	343	100	100	375	83.733	590
MinSal-1389-A1-17072018_C013g08669	MvSl-1064-A1-R4_A1g00478	774	739	93	98	725	90.207	1322
MinSal-1389-A1-17072018_C013g08670	MvSl-1064-A1-R4_A1g00495	335	342	100	100	342	95.322	631
MinSal-1389-A1-17072018_C013g08671	MvSl-1064-A1-R4_A1g01431	1620	1705	100	95	1620	96.543	3221
MinSal-1389-A1-17072018_C013g08672	MvSl-1064-A1-R4_A1g01432	180	167	93	100	167	96.407	320
MinSal-1389-A1-17072018_C013g08673	MvSl-1064-A1-R4_A1g00997	625	628	97	100	639	84.038	885
MinSal-1389-A1-17072018_C013g08674	MvSl-1064-A1-R4_A1g00998	225	230	97	95	218	93.578	403
MinSal-1389-A1-17072018_C013g08676	MvSl-1064-A1-R4_A1g00972	390	382	100	100	390	87.949	660
MinSal-1389-A1-17072018_C013g08677	MvSl-1064-A1-R4_A1g00971	265	265	100	100	265	92.075	468
MinSal-1389-A1-17072018_C013g08678	MvSl-1064-A1-R4_A1g00970	415	470	100	88	415	98.313	820
MinSal-1389-A1-17072018_C013g08679	MvSl-1064-A1-R4_A1g00969	78	78	91	91	71	95.775	134
MinSal-1389-A1-17072018_C013g08681	MvSl-1064-A1-R4_MC05-3g06793	42	60	95	67	40	60	53.1
MinSal-1389-A1-17072018_C010g05596	MvSl-1064-A1-R4_MC12g11043	288	312	99	91	284	94.014	451
MinSal-1389-A1-17072018_C010g05595	MvSl-1064-A1-R4_MC12g11046	494	527	100	100	527	91.651	936
MinSal-1389-A1-17072018_C010g05594	MvSl-1064-A1-R4_MC12g11048	350	326	100	100	350	88.857	570
MinSal-1389-A1-17072018_C010g05593	MvSl-1064-A1-R4_MC12g11049	822	771	88	96	743	91.117	1343
MinSal-1389-A1-17072018_C010g05592	MvSl-1064-A1-R4_MC12g11050	876	879	100	100	886	92.664	1588
MinSal-1389-A1-17072018_C010g05591	MvSl-1064-A1-R4_MC12g11051	192	192	100	100	192	95.312	330
MinSal-1389-A1-17072018_C010g05590	MvSl-1064-A1-R4_MC12g11052	516	521	99	99	520	88.654	908
MinSal-1389-A1-17072018_C010g05589	MvSl-1064-A1-R4_MC12g11053	896	887	100	100	906	93.929	1718
MinSal-1389-A1-17072018_C010g05588	MvSl-1064-A1-R4_MC12g11054	413	441	100	100	451	78.271	620
MinSal-1389-A1-17072018_C010g05587	MvSl-1064-A1-R4_MC12g11055	93	63	100	100	93	62.366	102
MinSal-1389-A1-17072018_C010g05586	MvSl-1064-A1-R4_MC12g11056	404	340	100	100	416	75.962	565
MinSal-1389-A1-17072018_C010g05585	MvSl-1064-A1-R4_MC12g11057	248	272	100	100	275	82.909	364
MinSal-1389-A1-17072018_C010g05584	MvSl-1064-A1-R4_MC12g11058	389	391	100	100	391	93.095	731
MinSal-1389-A1-17072018_C010g05583	MvSl-1064-A1-R4_MC12g11059	1184	1193	100	100	1193	91.115	2005
MinSal-1389-A1-17072018_C010g05582	MvSl-1064-A1-R4_MC12g11060	229	283	100	81	229	99.563	452
MinSal-1389-A1-17072018_C010g05581	MvSl-1064-A1-R4_MC12g11061	649	629	100	100	650	93.231	1241
MinSal-1389-A1-17072018_C010g05580	MvSl-1064-A1-R4_MC12g11062	126	152	100	100	152	79.605	210
MinSal-1389-A1-17072018_C010g05579	MvSl-1064-A1-R4_MC12g11063	791	826	100	100	826	93.584	1556
MinSal-1389-A1-17072018_C010g05578	MvSl-1064-A1-R4_MC12g11064	52	72	94	68	49	61.224	65.9
MinSal-1389-A1-17072018_C010g05577	MvSl-1064-A1-R4_MC12g11065	608	611	100	100	616	92.857	909
MinSal-1389-A1-17072018_C010g05576	MvSl-1064-A1-R4_MC12g11066	901	901	100	100	902	93.126	1673
MinSal-1389-A1-17072018_C010g05575	MvSl-1064-A1-R4_MC12g11067	1052	1098	100	100	1124	81.317	1625
MinSal-1389-A1-17072018_C010g05574	MvSl-1064-A1-R4_MC12g11068	774	796	100	97	774	96.382	1531
MinSal-1389-A1-17072018_C010g05573	MvSl-1064-A1-R4_MC12g11069	621	612	100	100	621	95.974	1228
MinSal-1389-A1-17072018_C010g05572	MvSl-1064-A1-R4_MC12g11070	191	205	100	93	191	95.288	344
MinSal-1389-A1-17072018_C010g05571	MvSl-1064-A1-R4_MC12g11071	718	714	100	100	722	93.352	1269
MinSal-1389-A1-17072018_C010g05570	MvSl-1064-A1-R4_MC12g11072	138	156	94	99	158	73.913	185
MinSal-1389-A1-17072018_C010g05569	MvSl-1064-A1-R4_MC12g11073	698	650	99	99	697	86.801	1196
MinSal-1389-A1-17072018_C010g05568	MvSl-1064-A1-R4_MC12g11074	545	548	100	100	548	95.985	1035
MinSal-1389-A1-17072018_C010g05567	MvSl-1064-A1-R4_MC12g11075	765	770	100	100	770	94.286	1301
MinSal-1389-A1-17072018_C010g05566	MvSl-1064-A1-R4_MC12g11076	957	958	100	100	959	95.203	1723
MinSal-1389-A1-17072018_C010g05565	MvSl-1064-A1-R4_MC12g11077	170	170	100	100	170	92.941	327
MinSal-1389-A1-17072018_C010g05564	MvSl-1064-A1-R4_MC12g11078	153	155	80	64	101	83.065	139
MinSal-1389-A1-17072018_C010g05563	MvSl-1064-A1-R4_MC12g11079	925	970	100	100	970	91.134	1451
MinSal-1389-A1-17072018_C010g05562	MvSl-1064-A1-R4_MC12g11080	383	400	100	100	427	81.03	561
MinSal-1389-A1-17072018_C010g05561	MvSl-1064-A1-R4_MC12g11081	511	525	100	100	525	90.476	926
MinSal-1389-A1-17072018_C010g05560	MvSl-1064-A1-R4_MC12g11082	504	503	100	100	504	96.429	958
MinSal-1389-A1-17072018_C010g05559	MvSl-1064-A1-R4_MC12g11083	1450	1433	100	100	1450	96.414	2834
MinSal-1389-A1-17072018_C010g05558	MvSl-1064-A1-R4_MC12g11084	332	341	100	100	341	93.255	645
MinSal-1389-A1-17072018_C010g05548	MvSl-1064-A1-R4_MC12g11088	3406	3408	99	100	3426	94.191	6206
MinSal-1389-A1-17072018_C010g05547	MvSl-1064-A1-R4_MC12g11089	391	452	100	89	401	93.766	743
MinSal-1389-A1-17072018_C010g05546	MvSl-1064-A1-R4_MC12g11090	655	658	100	100	662	93.807	1011
MinSal-1389-A1-17072018_C010g05545	MvSl-1064-A1-R4_MC12g11091	247	247	100	100	247	97.976	503
MinSal-1389-A1-17072018_C010g05544	MvSl-1064-A1-R4_MC12g11092	759	759	100	100	768	90.625	1177
MinSal-1389-A1-17072018_C010g05543	MvSl-1064-A1-R4_MC12g11093	511	555	100	100	555	88.288	989
MinSal-1389-A1-17072018_C010g05542	MvSl-1064-A1-R4_MC12g11094	220	228	100	100	228	93.86	400
MinSal-1389-A1-17072018_C010g05541	MvSl-1064-A1-R4_MC12g11095	477	481	100	100	481	90.852	795
MinSal-1389-A1-17072018_C010g05540	MvSl-1064-A1-R4_MC12g11096	118	124	100	100	124	93.548	232
MinSal-1389-A1-17072018_C010g05539	MvSl-1064-A1-R4_MC12g11097	315	291	100	100	315	88.571	522
MinSal-1389-A1-17072018_C010g05538	MvSl-1064-A1-R4_MC12g11099	336	216	61	99	214	78.44	339
MinSal-1389-A1-17072018_C010g05537	MvSl-1064-A1-R4_MC12g11100	848	847	100	99	849	96.113	1643
MinSal-1389-A1-17072018_C010g05535	MvSl-1064-A1-R4_MC12g11101	110	117	100	96	112	91.964	191
MinSal-1389-A1-17072018_C010g05533	MvSl-1064-A1-R4_MC12g11103	96	96	100	100	96	97.917	189
MinSal-1389-A1-17072018_C010g05532	MvSl-1064-A1-R4_MC12g11104	647	644	100	100	648	92.13	1001
MinSal-1389-A1-17072018_C010g05531	MvSl-1064-A1-R4_MC12g11105	61	63	98	76	48	87.097	90.1
MinSal-1389-A1-17072018_C010g05530	MvSl-1064-A1-R4_MC12g11106	341	335	100	100	363	78.512	424
MinSal-1389-A1-17072018_C010g05529	MvSl-1064-A1-R4_MC12g11107	563	563	100	100	563	93.25	1030
MinSal-1389-A1-17072018_C010g05528	MvSl-1064-A1-R4_MC12g11108	462	452	100	100	462	95.238	904
MinSal-1389-A1-17072018_C010g05526	MvSl-1064-A1-R4_MC12g11110	572	572	100	100	572	95.28	1004
MinSal-1389-A1-17072018_C010g05525	MvSl-1064-A1-R4_MC12g11111	904	905	100	100	906	95.806	1726
MinSal-1389-A1-17072018_C010g05524	MvSl-1064-A1-R4_MC12g11112	581	615	100	100	615	92.358	1127
MinSal-1389-A1-17072018_C010g05523	MvSl-1064-A1-R4_MC12g11113	278	278	100	100	278	97.482	550
MinSal-1389-A1-17072018_C010g05522	MvSl-1064-A1-R4_MC12g11114	603	614	100	100	615	89.593	1087
MinSal-1389-A1-17072018_C010g05521	MvSl-1064-A1-R4_MC12g11116	460	443	100	100	462	88.528	752
MinSal-1389-A1-17072018_C010g05520	MvSl-1064-A1-R4_MC12g11117	456	456	100	100	456	98.465	936
MinSal-1389-A1-17072018_C010g05519	MvSl-1064-A1-R4_MC12g11118	1210	1236	100	100	1236	95.631	2367
MinSal-1389-A1-17072018_C010g05518	MvSl-1064-A1-R4_MC12g11119	1958	1947	100	100	1963	94.549	3537
MinSal-1389-A1-17072018_C010g05517	MvSl-1064-A1-R4_MC12g11120	259	236	100	100	266	84.586	446
MinSal-1389-A1-17072018_C010g05516	MvSl-1064-A1-R4_MC12g11121	166	166	100	100	166	96.988	317
MinSal-1389-A1-17072018_C010g05515	MvSl-1064-A1-R4_MC12g11122	568	566	100	100	569	96.661	1046
MinSal-1389-A1-17072018_C010g05514	MvSl-1064-A1-R4_MC12g11123	825	828	100	100	829	93.486	1519
MinSal-1389-A1-17072018_C010g05513	MvSl-1064-A1-R4_MC12g11124	269	269	100	100	269	95.911	494
MinSal-1389-A1-17072018_C010g05512	MvSl-1064-A1-R4_MC12g11125	1427	1426	100	99	1427	94.464	2553
MinSal-1389-A1-17072018_C010g05510	MvSl-1064-A1-R4_MC12g11128	414	430	100	100	431	87.471	691
MinSal-1389-A1-17072018_C010g05509	MvSl-1064-A1-R4_MC12g11129	277	277	100	100	277	98.195	570
MinSal-1389-A1-17072018_C010g05508	MvSl-1064-A1-R4_MC12g11130	437	447	100	100	447	93.96	770
MinSal-1389-A1-17072018_C010g05507	MvSl-1064-A1-R4_MC12g11131	304	326	100	100	326	90.184	595
MinSal-1389-A1-17072018_C010g05504	MvSl-1064-A1-R4_MC12g11143	403	387	99	96	401	92.02	757
MinSal-1389-A1-17072018_C010g05503	MvSl-1064-A1-R4_MC12g11144	812	809	99	99	838	89.26	1472
MinSal-1389-A1-17072018_C010g05502	MvSl-1064-A1-R4_MC12g11145	210	210	100	100	210	94.762	385
MinSal-1389-A1-17072018_C010g05500	MvSl-1064-A1-R4_MC12g11153	212	197	100	100	212	86.792	271
MinSal-1389-A1-17072018_C010g05499	MvSl-1064-A1-R4_MC12g11154	1058	1040	100	100	1064	94.112	1923
MinSal-1389-A1-17072018_C010g05498	MvSl-1064-A1-R4_MC12g11155	1827	1828	99	100	1829	94.314	3048
MinSal-1389-A1-17072018_C010g05497	MvSl-1064-A1-R4_MC12g11161	217	221	100	100	221	77.828	256
MinSal-1389-A1-17072018_C010g05496	MvSl-1064-A1-R4_MC12g11162	244	246	100	99	244	93.443	478
MinSal-1389-A1-17072018_C010g05495	MvSl-1064-A1-R4_MC12g11163	417	429	99	99	435	87.816	749
MinSal-1389-A1-17072018_C010g05494	MvSl-1064-A1-R4_MC12g11164	612	613	100	100	615	89.756	1065
MinSal-1389-A1-17072018_C010g05493	MvSl-1064-A1-R4_MC12g11165	513	513	100	100	513	99.22	1043
MinSal-1389-A1-17072018_C010g05492	MvSl-1064-A1-R4_MC12g11166	530	530	100	100	530	95.849	923
MinSal-1389-A1-17072018_C010g05491	MvSl-1064-A1-R4_MC12g11167	629	630	100	100	630	96.825	1266
MinSal-1389-A1-17072018_C010g05490	MvSl-1064-A1-R4_MC12g11168	1147	1102	96	99	1102	98.276	2223
MinSal-1389-A1-17072018_C010g05489	MvSl-1064-A1-R4_MC12g11169	664	665	100	100	665	97.293	1333
MinSal-1389-A1-17072018_C010g05488	MvSl-1064-A1-R4_MC12g11177	777	763	100	100	778	94.087	1345
MinSal-1389-A1-17072018_C010g05487	MvSl-1064-A1-R4_MC12g11178	552	552	97	96	535	86.729	640
MinSal-1389-A1-17072018_C010g05486	MvSl-1064-A1-R4_MC12g11179	911	904	100	100	930	90.43	1498
MinSal-1389-A1-17072018_C010g05484	MvSl-1064-A1-R4_MC12g11182	488	494	100	99	488	95.492	923
MinSal-1389-A1-17072018_C010g05483	MvSl-1064-A1-R4_MC12g11183	473	473	100	100	473	91.543	888
MinSal-1389-A1-17072018_C010g05482	MvSl-1064-A1-R4_MC12g11184	791	816	100	100	816	94.24	1547
MinSal-1389-A1-17072018_C010g05481	MvSl-1064-A1-R4_MC12g11185	664	665	98	99	658	93.313	1070
MinSal-1389-A1-17072018_C010g05480	MvSl-1064-A1-R4_MC12g11186	204	210	100	100	210	92.381	365
MinSal-1389-A1-17072018_C010g05479	MvSl-1064-A1-R4_MC12g11187	333	347	100	100	347	92.795	592
MinSal-1389-A1-17072018_C010g05478	MvSl-1064-A1-R4_MC12g11188	299	300	100	100	325	80.308	423
MinSal-1389-A1-17072018_C010g05477	MvSl-1064-A1-R4_MC05-2g06352	214	231	95	97	232	68.103	266
MinSal-1389-A1-17072018_C010g05473	MvSl-1064-A1-R4_MC02g03343	431	473	100	100	476	78.992	728
MinSal-1389-A1-17072018_C010g05472	MvSl-1064-A1-R4_MC12g11189	114	144	100	79	114	96.491	228
MinSal-1389-A1-17072018_C010g05471	MvSl-1064-A1-R4_MC12g11190	117	117	100	100	117	94.017	212
MinSal-1389-A1-17072018_C010g05470	MvSl-1064-A1-R4_MC12g11191	289	283	100	100	308	84.416	500
MinSal-1389-A1-17072018_C010g05466	MvSl-1064-A1-R4_MC12g11194	576	583	100	100	583	84.734	976
MinSal-1389-A1-17072018_C010g05463	MvSl-1064-A1-R4_MC12g11195	110	79	65	90	71	100	152
MinSal-1389-A1-17072018_C010g05462	MvSl-1064-A1-R4_MC12g11197	374	379	97	95	362	93.094	661
MinSal-1389-A1-17072018_C010g05461	MvSl-1064-A1-R4_MC12g11198	773	772	100	100	773	92.626	1341
MinSal-1389-A1-17072018_C010g05460	MvSl-1064-A1-R4_MC12g11199	372	367	100	100	372	90.054	616
MinSal-1389-A1-17072018_C010g05459	MvSl-1064-A1-R4_MC12g11200	777	779	100	100	785	90.828	995
MinSal-1389-A1-17072018_C010g05458	MvSl-1064-A1-R4_MC12g11201	472	472	100	100	472	98.729	947
MinSal-1389-A1-17072018_C010g05457	MvSl-1064-A1-R4_MC12g11202	734	734	98	98	720	93.056	1253
MinSal-1389-A1-17072018_C010g05456	MvSl-1064-A1-R4_MC12g11203	1090	1113	100	100	1113	88.5	1886
MinSal-1389-A1-17072018_C010g05455	MvSl-1064-A1-R4_MC12g11204	543	513	100	100	544	86.949	831
MinSal-1389-A1-17072018_C010g05454	MvSl-1064-A1-R4_MC12g11206	1250	1201	100	100	1251	93.046	2363
MinSal-1389-A1-17072018_C010g05453	MvSl-1064-A1-R4_MC12g11207	181	153	73	86	132	91.667	231
MinSal-1389-A1-17072018_C010g05451	MvSl-1064-A1-R4_MC12g11211	420	418	100	100	421	88.836	731
MinSal-1389-A1-17072018_C010g05450	MvSl-1064-A1-R4_MC12g11212	1639	1964	100	84	1647	96.418	3263
MinSal-1389-A1-17072018_C010g05447	MvSl-1064-A1-R4_MC12g11214	538	538	100	100	538	94.61	981
MinSal-1389-A1-17072018_C010g05446	MvSl-1064-A1-R4_MC12g11215	976	949	100	100	997	85.757	1534
MinSal-1389-A1-17072018_C010g05445	MvSl-1064-A1-R4_MC12g11216	1476	1492	100	99	1491	94.634	2730
MinSal-1389-A1-17072018_C010g05443	MvSl-1064-A1-R4_MC12g11223	1545	1560	100	99	1559	96.28	3081
MinSal-1389-A1-17072018_C010g05442	MvSl-1064-A1-R4_MC12g11221	530	529	100	100	530	93.962	860
MinSal-1389-A1-17072018_C010g05441	MvSl-1064-A1-R4_MC12g11220	200	199	100	100	200	93.5	323
MinSal-1389-A1-17072018_C010g05440	MvSl-1064-A1-R4_MC12g11219	299	301	100	100	301	91.03	503
MinSal-1389-A1-17072018_C010g05439	MvSl-1064-A1-R4_MC12g11218	137	135	89	99	126	84.892	209
MinSal-1389-A1-17072018_C010g05438	MvSl-1064-A1-R4_MC12g11217	902	1086	96	80	868	92.299	1342
MinSal-1389-A1-17072018_C010g05437	MvSl-1064-A1-R4_MC12g11224	428	429	100	100	429	99.534	882
MinSal-1389-A1-17072018_C010g05436	MvSl-1064-A1-R4_MC12g11225	621	631	100	100	631	78.13	974
MinSal-1389-A1-17072018_C010g05435	MvSl-1064-A1-R4_MC12g11228	430	458	100	100	458	83.188	713
MinSal-1389-A1-17072018_C010g05434	MvSl-1064-A1-R4_MC12g11229	888	922	99	99	917	92.585	1488
MinSal-1389-A1-17072018_C010g05433	MvSl-1064-A1-R4_MC12g11230	99	99	100	100	99	92.929	179
MinSal-1389-A1-17072018_C010g05432	MvSl-1064-A1-R4_MC12g11231	584	612	100	100	616	89.935	1107
MinSal-1389-A1-17072018_C010g05431	MvSl-1064-A1-R4_MC12g11232	837	834	100	100	852	92.371	1555
MinSal-1389-A1-17072018_C010g05430	MvSl-1064-A1-R4_MC12g11235	807	807	100	100	807	96.778	1616
MinSal-1389-A1-17072018_C010g05429	MvSl-1064-A1-R4_MC12g11236	915	919	100	99	915	96.721	1818
MinSal-1389-A1-17072018_C010g05428	MvSl-1064-A1-R4_MC12g11240	832	855	100	100	855	93.333	1520
MinSal-1389-A1-17072018_C010g05426	MvSl-1064-A1-R4_MC12g11245	623	629	100	100	629	91.415	1021
MinSal-1389-A1-17072018_C010g05425	MvSl-1064-A1-R4_MC12g11246	306	299	97	99	296	92.568	555
MinSal-1389-A1-17072018_C010g05424	MvSl-1064-A1-R4_MC12g11247	1237	1238	76	76	938	97.548	1513
MinSal-1389-A1-17072018_C010g05423	MvSl-1064-A1-R4_MC12g11248	1666	1667	100	100	1667	95.741	3075
MinSal-1389-A1-17072018_C010g05422	MvSl-1064-A1-R4_MC12g11249	615	615	100	100	615	96.423	1222
MinSal-1389-A1-17072018_C010g05421	MvSl-1064-A1-R4_MC04-1g05299	71	48	66	90	47	72.34	62.8
MinSal-1389-A1-17072018_C010g05419	MvSl-1064-A1-R4_MC12g11255	196	181	100	100	210	70.476	281
MinSal-1389-A1-17072018_C010g05418	MvSl-1064-A1-R4_MC12g11256	653	714	99	99	722	74.792	846
MinSal-1389-A1-17072018_C010g05417	MvSl-1064-A1-R4_MC12g11257	343	345	97	94	326	95.482	644
MinSal-1389-A1-17072018_C010g05416	MvSl-1064-A1-R4_MC12g11258	1047	1016	100	100	1047	92.168	1900
MinSal-1389-A1-17072018_C010g05415	MvSl-1064-A1-R4_MC12g11259	1258	1161	90	99	1158	95.164	2232
MinSal-1389-A1-17072018_C010g05414	MvSl-1064-A1-R4_MC12g11261	731	757	99	99	777	81.596	1217
MinSal-1389-A1-17072018_C010g05413	MvSl-1064-A1-R4_MC12g11262	722	751	100	100	765	85.229	1207
MinSal-1389-A1-17072018_C010g05412	MvSl-1064-A1-R4_MC12g11263	752	752	100	100	752	98.404	1527
MinSal-1389-A1-17072018_C010g05411	MvSl-1064-A1-R4_MC12g11264	1396	1392	100	100	1418	90.621	2544
MinSal-1389-A1-17072018_C010g05410	MvSl-1064-A1-R4_MC12g11265	287	312	99	99	311	90.675	542
MinSal-1389-A1-17072018_C010g05409	MvSl-1064-A1-R4_MC12g11266	630	617	100	100	630	93.333	1064
MinSal-1389-A1-17072018_C010g05408	MvSl-1064-A1-R4_MC12g11267	1593	1599	100	100	1600	93.438	2838
MinSal-1389-A1-17072018_C010g05407	MvSl-1064-A1-R4_MC12g11268	1225	1225	100	100	1225	99.673	2556
MinSal-1389-A1-17072018_C010g05406	MvSl-1064-A1-R4_MC12g11271	602	586	100	100	602	93.522	1138
MinSal-1389-A1-17072018_C010g05405	MvSl-1064-A1-R4_MC12g11272	86	88	99	97	85	94.118	166
MinSal-1389-A1-17072018_C010g05389	MvSl-1064-A1-R4_A1g01392	1213	1213	99	100	1215	93.416	2198
MinSal-1389-A1-17072018_C010g05388	MvSl-1064-A1-R4_A1g01393	471	401	66	78	313	92.332	594
MinSal-1389-A1-17072018_C010g05387	MvSl-1064-A1-R4_A1g01415	388	364	100	100	388	93.557	738
MinSal-1389-A1-17072018_C010g05385	MvSl-1064-A1-R4_A1g01287	845	839	99	97	846	91.253	1548
MinSal-1389-A1-17072018_C010g05384	MvSl-1064-A1-R4_A1g01288	419	270	63	97	263	94.677	511
MinSal-1389-A1-17072018_C010g05383	MvSl-1064-A1-R4_A1g01290	417	419	100	100	438	86.53	761
MinSal-1389-A1-17072018_C010g05382	MvSl-1064-A1-R4_A1g01291	364	336	100	100	364	87.912	646
MinSal-1389-A1-17072018_C010g05381	MvSl-1064-A1-R4_A1g01292	928	985	100	100	985	88.629	1702
MinSal-1389-A1-17072018_C010g05380	MvSl-1064-A1-R4_A1g01346	165	242	100	68	165	96.97	332
MinSal-1389-A1-17072018_C010g05379	MvSl-1064-A1-R4_A1g01347	2125	2125	100	100	2125	95.482	3858
MinSal-1389-A1-17072018_C010g05378	MvSl-1064-A1-R4_A1g01348	790	791	100	100	794	90.05	1276
MinSal-1389-A1-17072018_C010g05377	MvSl-1064-A1-R4_A1g01350	628	629	100	100	630	91.429	1114
MinSal-1389-A1-17072018_C010g05376	MvSl-1064-A1-R4_A1g01351	236	279	100	100	279	79.928	429
MinSal-1389-A1-17072018_C010g05374	MvSl-1064-A1-R4_A1g00506	472	463	100	99	473	93.023	895
MinSal-1389-A1-17072018_C010g05373	MvSl-1064-A1-R4_A1g00507	1285	1401	98	91	1272	89.387	2071
MinSal-1389-A1-17072018_C010g05372	MvSl-1064-A1-R4_A1g00508	674	614	100	100	676	84.763	1136
MinSal-1389-A1-17072018_C010g05371	MvSl-1064-A1-R4_A1g00509	407	418	99	98	422	82.464	694
MinSal-1389-A1-17072018_C010g05370	MvSl-1064-A1-R4_A1g00510	322	319	96	100	320	83.125	517
MinSal-1389-A1-17072018_C010g05369	MvSl-1064-A1-R4_A1g00511	332	353	100	100	356	87.64	606
MinSal-1389-A1-17072018_C010g05368	MvSl-1064-A1-R4_A1g00512	207	207	94	100	195	95.652	378
MinSal-1389-A1-17072018_C010g05367	MvSl-1064-A1-R4_A1g00513	622	575	98	92	591	78.734	845
MinSal-1389-A1-17072018_C010g05366	MvSl-1064-A1-R4_A1g00514	1581	1572	100	100	1591	87.178	2517
MinSal-1389-A1-17072018_C010g05365	MvSl-1064-A1-R4_A1g00515	1044	1039	100	99	1048	89.981	1779
MinSal-1389-A1-17072018_C010g05364	MvSl-1064-A1-R4_A1g00516	393	327	95	98	374	81.283	536
MinSal-1389-A1-17072018_C010g05362	MvSl-1064-A1-R4_A1g00518	424	424	100	100	424	95.755	823
MinSal-1389-A1-17072018_C010g05361	MvSl-1064-A1-R4_A1g00519	675	695	99	97	701	72.468	821
MinSal-1389-A1-17072018_C010g05360	MvSl-1064-A1-R4_A1g00520	630	655	100	100	658	85.106	1035
MinSal-1389-A1-17072018_C010g05359	MvSl-1064-A1-R4_A1g00521	885	888	99	98	877	90.899	1458
MinSal-1389-A1-17072018_C010g05358	MvSl-1064-A1-R4_A1g00522	509	418	82	100	418	93.062	769
MinSal-1389-A1-17072018_C010g05357	MvSl-1064-A1-R4_A1g00525	334	342	100	98	334	95.808	650
MinSal-1389-A1-17072018_C010g05355	MvSl-1064-A1-R4_A1g00527	488	542	99	93	507	85.996	877
MinSal-1389-A1-17072018_C010g05354	MvSl-1064-A1-R4_A1g00528	167	169	99	98	166	84.94	268
MinSal-1389-A1-17072018_C010g05353	MvSl-1064-A1-R4_A1g00530	914	869	94	99	868	94.24	1580
MinSal-1389-A1-17072018_C010g05351	MvSl-1064-A1-R4_A1g00532	619	620	100	100	620	95.645	1198
MinSal-1389-A1-17072018_C010g05350	MvSl-1064-A1-R4_A1g00533	339	318	97	100	329	82.675	531
MinSal-1389-A1-17072018_C010g05349	MvSl-1064-A1-R4_A1g00534	340	377	100	91	344	94.186	645
MinSal-1389-A1-17072018_C010g05348	MvSl-1064-A1-R4_A1g00541	2021	2042	99	99	2044	91.83	3665
MinSal-1389-A1-17072018_C010g05347	MvSl-1064-A1-R4_A1g00542	343	390	100	100	391	83.376	650
MinSal-1389-A1-17072018_C010g05346	MvSl-1064-A1-R4_A1g00543	740	729	100	100	743	93.809	1387
MinSal-1389-A1-17072018_C010g05345	MvSl-1064-A1-R4_A1g00544	572	580	100	100	581	91.394	1056
MinSal-1389-A1-17072018_C010g05344	MvSl-1064-A1-R4_A1g00545	178	145	76	99	145	74.483	182
MinSal-1389-A1-17072018_C010g05343	MvSl-1064-A1-R4_MC08g08759	477	474	100	100	477	88.26	864
MinSal-1389-A1-17072018_C010g05342	MvSl-1064-A1-R4_A1g00756	69	71	100	100	71	84.507	118
MinSal-1389-A1-17072018_C010g05341	MvSl-1064-A1-R4_A1g00755	348	291	73	88	262	80.153	214
MinSal-1389-A1-17072018_C010g05340	MvSl-1064-A1-R4_A1g00752	605	410	64	94	386	83.887	590
MinSal-1389-A1-17072018_C010g05339	MvSl-1064-A1-R4_A1g00751	938	972	99	99	978	88.65	1502
MinSal-1389-A1-17072018_C010g05338	MvSl-1064-A1-R4_A1g00750	687	728	100	100	728	86.951	1144
MinSal-1389-A1-17072018_C010g05337	MvSl-1064-A1-R4_A1g00749	1108	1116	99	99	1113	89.257	1619
MinSal-1389-A1-17072018_C010g05335	MvSl-1064-A1-R4_A1g00448	530	513	97	99	541	73.937	727
MinSal-1389-A1-17072018_C010g05331	MvSl-1064-A1-R4_A1g00327	216	207	100	100	217	88.479	355
MinSal-1389-A1-17072018_C010g05330	MvSl-1064-A1-R4_A1g00326	196	196	100	100	196	90.816	262
MinSal-1389-A1-17072018_C010g05329	MvSl-1064-A1-R4_A1g00325	306	311	97	95	298	85.235	459
MinSal-1389-A1-17072018_C010g05328	MvSl-1064-A1-R4_A1g01404	528	368	60	86	319	67.712	304
MinSal-1389-A1-17072018_C010g05327	MvSl-1064-A1-R4_A1g01405	326	344	100	100	346	81.792	528
MinSal-1389-A1-17072018_C010g05326	MvSl-1064-A1-R4_A1g01406	1122	1224	76	69	862	83.875	1180
MinSal-1389-A1-17072018_C010g05325	MvSl-1064-A1-R4_A1g01407	445	490	100	98	481	81.289	675
MinSal-1389-A1-17072018_C010g05324	MvSl-1064-A1-R4_A1g00732	394	422	100	100	426	81.69	578
MinSal-1389-A1-17072018_C010g05322	MvSl-1064-A1-R4_A1g01137	582	595	100	100	607	86.326	880
MinSal-1389-A1-17072018_C010g05321	MvSl-1064-A1-R4_A1g01136	367	367	100	100	367	89.101	495
MinSal-1389-A1-17072018_C010g05320	MvSl-1064-A1-R4_A1g01135	358	265	74	91	267	75.655	367
MinSal-1389-A1-17072018_C015g08699	MvSl-1064-A1-R4_A1g00030	153	122	66	84	102	82.353	166
MinSal-1389-A1-17072018_C015g08704	MvSl-1064-A1-R4_A1g01017	1143	1051	94	100	1093	90.393	1923
MinSal-1389-A1-17072018_C015g08706	MvSl-1064-A1-R4_MC10-1g09731	234	237	90	78	210	74.286	313
MinSal-1389-A1-17072018_C015g08714	MvSl-1064-A1-R4_A1g01038	240	240	100	100	240	97.5	474
MinSal-1389-A1-17072018_C015g08725	MvSl-1064-A1-R4_A1g00306	397	396	99	99	396	96.717	772
MinSal-1389-A1-17072018_C015g08726	MvSl-1064-A1-R4_A1g00307	288	287	95	99	274	95.105	472
MinSal-1389-A1-17072018_C015g08727	MvSl-1064-A1-R4_A1g00441	369	342	100	100	369	89.16	664
MinSal-1389-A1-17072018_C015g08728	MvSl-1064-A1-R4_A1g00801	353	348	100	100	354	83.051	541
MinSal-1389-A1-17072018_C015g08729	MvSl-1064-A1-R4_MC09-1g08905	416	464	98	86	409	95.355	793
MinSal-1389-A1-17072018_C015g08730	MvSl-1064-A1-R4_A1g00659	538	570	100	100	571	89.667	1036
MinSal-1389-A1-17072018_C015g08732	MvSl-1064-A1-R4_A1g01154	186	184	98	99	183	93.443	322
MinSal-1389-A1-17072018_C015g08733	MvSl-1064-A1-R4_A1g01159	415	424	99	95	402	95.62	723
MinSal-1389-A1-17072018_C015g08734	MvSl-1064-A1-R4_A1g01160	510	474	99	99	505	87.723	856
MinSal-1389-A1-17072018_C015g08735	MvSl-1064-A1-R4_A1g01161	391	478	100	82	394	92.132	603
MinSal-1389-A1-17072018_C015g08736	MvSl-1064-A1-R4_A1g01162	182	186	99	99	184	88.587	322
MinSal-1389-A1-17072018_C015g08737	MvSl-1064-A1-R4_A1g01163	237	227	100	100	237	91.139	429
MinSal-1389-A1-17072018_C015g08739	MvSl-1064-A1-R4_A1g00996	817	659	78	89	638	75.705	932
MinSal-1389-A1-17072018_C015g08741	MvSl-1064-A1-R4_A1g01440	697	739	98	97	716	89.944	1292
MinSal-1389-A1-17072018_C015g08742	MvSl-1064-A1-R4_A1g01441	586	560	98	98	577	86.106	894
MinSal-1389-A1-17072018_C015g08744	MvSl-1064-A1-R4_A1g01444	512	512	100	100	512	96.875	1039
MinSal-1389-A1-17072018_C015g08745	MvSl-1064-A1-R4_A1g01445	991	893	89	100	913	86.309	1232
MinSal-1389-A1-17072018_C015g08747	MvSl-1064-A1-R4_A1g01447	994	1001	99	99	1013	88.154	1558
MinSal-1389-A1-17072018_C015g08748	MvSl-1064-A1-R4_A1g01450	751	794	100	100	802	83.791	1266
MinSal-1389-A1-17072018_C015g08749	MvSl-1064-A1-R4_A1g01451	430	418	97	100	418	97.129	845
MinSal-1389-A1-17072018_C015g08750	MvSl-1064-A1-R4_A1g01453	491	492	100	100	492	97.561	982
MinSal-1389-A1-17072018_C015g08752	MvSl-1064-A1-R4_A1g01457	136	172	100	79	136	96.324	268
MinSal-1389-A1-17072018_C015g08753	MvSl-1064-A1-R4_A1g01458	805	779	95	100	779	97.304	1558
MinSal-1389-A1-17072018_C015g08755	MvSl-1064-A1-R4_A1g01460	331	358	100	100	358	84.358	558
MinSal-1389-A1-17072018_C015g08756	MvSl-1064-A1-R4_A1g01461	357	355	100	100	361	89.197	615
MinSal-1389-A1-17072018_C015g08757	MvSl-1064-A1-R4_A1g01462	392	396	100	100	398	87.688	643
MinSal-1389-A1-17072018_C015g08758	MvSl-1064-A1-R4_A1g01463	64	63	92	94	59	81.356	92.4
MinSal-1389-A1-17072018_C015g08759	MvSl-1064-A1-R4_A1g01464	116	173	97	66	115	81.739	192
MinSal-1389-A1-17072018_C015g08762	MvSl-1064-A1-R4_A1g01466	968	975	100	99	971	91.864	1703
MinSal-1389-A1-17072018_C015g08763	MvSl-1064-A1-R4_A1g01467	381	400	99	99	425	72.471	586
MinSal-1389-A1-17072018_C015g08764	MvSl-1064-A1-R4_A1g01468	484	579	79	70	392	85.961	697
MinSal-1389-A1-17072018_C015g08766	MvSl-1064-A1-R4_A1g01470	696	711	100	98	696	91.523	1246
MinSal-1389-A1-17072018_C015g08767	MvSl-1064-A1-R4_A1g01471	523	526	96	97	520	77.115	662
MinSal-1389-A1-17072018_C015g08768	MvSl-1064-A1-R4_A1g01472	287	348	88	95	314	66.242	251
MinSal-1389-A1-17072018_C015g08771	MvSl-1064-A1-R4_MC11g10571	1599	1186	60	83	1007	83.714	1661
MinSal-1389-A1-17072018_C015g08774	MvSl-1064-A1-R4_A1g01486	898	902	100	100	903	88.04	1556
MinSal-1389-A1-17072018_C015g08775	MvSl-1064-A1-R4_A1g01485	552	552	100	100	552	96.92	1104
MinSal-1389-A1-17072018_C015g08778	MvSl-1064-A1-R4_A1g01477	778	761	99	100	772	91.014	1287
MinSal-1389-A1-17072018_C015g08779	MvSl-1064-A1-R4_A1g01476	665	671	99	99	670	86.716	1040
MinSal-1389-A1-17072018_C015g08787	MvSl-1064-A1-R4_A1g01487	774	753	100	100	774	90.956	1233
MinSal-1389-A1-17072018_C015g08788	MvSl-1064-A1-R4_A1g01488	1247	1258	100	100	1270	89.764	2016
MinSal-1389-A1-17072018_C015g08789	MvSl-1064-A1-R4_A1g01489	134	134	100	100	134	94.776	263
MinSal-1389-A1-17072018_C015g08791	MvSl-1064-A1-R4_A1g01492	111	125	96	86	108	64.815	132
MinSal-1389-A1-17072018_C015g08797	MvSl-1064-A1-R4_A1g01497	200	230	100	100	230	83.913	371
MinSal-1389-A1-17072018_C015g08798	MvSl-1064-A1-R4_A1g01498	252	251	100	100	253	95.257	486
MinSal-1389-A1-17072018_C015g08800	MvSl-1064-A1-R4_A1g01500	1024	1042	100	100	1065	85.822	1749
MinSal-1389-A1-17072018_C015g08801	MvSl-1064-A1-R4_A1g01501	335	354	100	100	354	88.701	640
MinSal-1389-A1-17072018_C015g08802	MvSl-1064-A1-R4_A1g01502	1660	1637	99	99	1695	81.084	2449
MinSal-1389-A1-17072018_C015g08803	MvSl-1064-A1-R4_A1g01508	437	379	100	94	422	67.062	523
MinSal-1389-A1-17072018_C015g08804	MvSl-1064-A1-R4_A1g01509	933	905	100	100	934	95.396	1731