MinSal-1389-A1-17072018_C010g05320	MvSl-1064-A1-R4_A1g01135	358	265	74	91	267	75.655	367
MinSal-1389-A1-17072018_C010g05321	MvSl-1064-A1-R4_A1g01136	367	367	100	100	367	89.101	495
MinSal-1389-A1-17072018_C010g05322	MvSl-1064-A1-R4_A1g01137	582	595	100	100	607	86.326	880
MinSal-1389-A1-17072018_C010g05324	MvSl-1064-A1-R4_A1g00732	394	422	100	100	426	81.690	578
MinSal-1389-A1-17072018_C010g05325	MvSl-1064-A1-R4_A1g01407	445	490	100	98	481	81.289	675
MinSal-1389-A1-17072018_C010g05326	MvSl-1064-A1-R4_A1g01406	1122	1224	76	69	862	83.875	1180
MinSal-1389-A1-17072018_C010g05327	MvSl-1064-A1-R4_A1g01405	326	344	100	100	346	81.792	528
MinSal-1389-A1-17072018_C010g05328	MvSl-1064-A1-R4_A1g01404	528	368	60	86	319	67.712	304
MinSal-1389-A1-17072018_C010g05329	MvSl-1064-A1-R4_A1g00325	306	311	97	95	298	85.235	459
MinSal-1389-A1-17072018_C010g05330	MvSl-1064-A1-R4_A1g00326	196	196	100	100	196	90.816	262
MinSal-1389-A1-17072018_C010g05331	MvSl-1064-A1-R4_A1g00327	216	207	100	100	217	88.479	355
MinSal-1389-A1-17072018_C010g05335	MvSl-1064-A1-R4_A1g00448	530	513	97	99	541	73.937	727
MinSal-1389-A1-17072018_C010g05337	MvSl-1064-A1-R4_A1g00749	1108	1116	99	99	1113	89.257	1619
MinSal-1389-A1-17072018_C010g05338	MvSl-1064-A1-R4_A1g00750	687	728	100	100	728	86.951	1144
MinSal-1389-A1-17072018_C010g05339	MvSl-1064-A1-R4_A1g00751	938	972	99	99	978	88.650	1502
MinSal-1389-A1-17072018_C010g05340	MvSl-1064-A1-R4_A1g00752	605	410	64	94	386	83.887	590
MinSal-1389-A1-17072018_C010g05341	MvSl-1064-A1-R4_A1g00755	348	291	73	88	262	80.153	214
MinSal-1389-A1-17072018_C010g05342	MvSl-1064-A1-R4_A1g00756	69	71	100	100	71	84.507	118
MinSal-1389-A1-17072018_C010g05343	MvSl-1064-A1-R4_MC08g08759	477	474	100	100	477	88.260	864
MinSal-1389-A1-17072018_C010g05344	MvSl-1064-A1-R4_A1g00545	178	145	76	99	145	74.483	182
MinSal-1389-A1-17072018_C010g05345	MvSl-1064-A1-R4_A1g00544	572	580	100	100	581	91.394	1056
MinSal-1389-A1-17072018_C010g05346	MvSl-1064-A1-R4_A1g00543	740	729	100	100	743	93.809	1387
MinSal-1389-A1-17072018_C010g05347	MvSl-1064-A1-R4_A1g00542	343	390	100	100	391	83.376	650
MinSal-1389-A1-17072018_C010g05348	MvSl-1064-A1-R4_A1g00541	2021	2042	99	99	2044	91.830	3665
MinSal-1389-A1-17072018_C010g05349	MvSl-1064-A1-R4_A1g00534	340	377	100	91	344	94.186	645
MinSal-1389-A1-17072018_C010g05350	MvSl-1064-A1-R4_A1g00533	339	318	97	100	329	82.675	531
MinSal-1389-A1-17072018_C010g05351	MvSl-1064-A1-R4_A1g00532	619	620	100	100	620	95.645	1198
MinSal-1389-A1-17072018_C010g05353	MvSl-1064-A1-R4_A1g00530	914	869	94	99	868	94.240	1580
MinSal-1389-A1-17072018_C010g05354	MvSl-1064-A1-R4_A1g00528	167	169	99	98	166	84.940	268
MinSal-1389-A1-17072018_C010g05355	MvSl-1064-A1-R4_A1g00527	488	542	99	93	507	85.996	877
MinSal-1389-A1-17072018_C010g05357	MvSl-1064-A1-R4_A1g00525	334	342	100	98	334	95.808	650
MinSal-1389-A1-17072018_C010g05358	MvSl-1064-A1-R4_A1g00522	509	418	82	100	418	93.062	769
MinSal-1389-A1-17072018_C010g05359	MvSl-1064-A1-R4_A1g00521	885	888	99	98	877	90.899	1458
MinSal-1389-A1-17072018_C010g05360	MvSl-1064-A1-R4_A1g00520	630	655	100	100	658	85.106	1035
MinSal-1389-A1-17072018_C010g05361	MvSl-1064-A1-R4_A1g00519	675	695	99	97	701	72.468	821
MinSal-1389-A1-17072018_C010g05362	MvSl-1064-A1-R4_A1g00518	424	424	100	100	424	95.755	823
MinSal-1389-A1-17072018_C010g05364	MvSl-1064-A1-R4_A1g00516	393	327	95	98	374	81.283	536
MinSal-1389-A1-17072018_C010g05365	MvSl-1064-A1-R4_A1g00515	1044	1039	100	99	1048	89.981	1779
MinSal-1389-A1-17072018_C010g05366	MvSl-1064-A1-R4_A1g00514	1581	1572	100	100	1591	87.178	2517
MinSal-1389-A1-17072018_C010g05367	MvSl-1064-A1-R4_A1g00513	622	575	98	92	591	78.734	845
MinSal-1389-A1-17072018_C010g05368	MvSl-1064-A1-R4_A1g00512	207	207	94	100	195	95.652	378
MinSal-1389-A1-17072018_C010g05369	MvSl-1064-A1-R4_A1g00511	332	353	100	100	356	87.640	606
MinSal-1389-A1-17072018_C010g05370	MvSl-1064-A1-R4_A1g00510	322	319	96	100	320	83.125	517
MinSal-1389-A1-17072018_C010g05371	MvSl-1064-A1-R4_A1g00509	407	418	99	98	422	82.464	694
MinSal-1389-A1-17072018_C010g05372	MvSl-1064-A1-R4_A1g00508	674	614	100	100	676	84.763	1136
MinSal-1389-A1-17072018_C010g05373	MvSl-1064-A1-R4_A1g00507	1285	1401	98	91	1272	89.387	2071
MinSal-1389-A1-17072018_C010g05374	MvSl-1064-A1-R4_A1g00506	472	463	100	99	473	93.023	895
MinSal-1389-A1-17072018_C010g05376	MvSl-1064-A1-R4_A1g01351	236	279	100	100	279	79.928	429
MinSal-1389-A1-17072018_C010g05377	MvSl-1064-A1-R4_A1g01350	628	629	100	100	630	91.429	1114
MinSal-1389-A1-17072018_C010g05378	MvSl-1064-A1-R4_A1g01348	790	791	100	100	794	90.050	1276
MinSal-1389-A1-17072018_C010g05379	MvSl-1064-A1-R4_A1g01347	2125	2125	100	100	2125	95.482	3858
MinSal-1389-A1-17072018_C010g05380	MvSl-1064-A1-R4_A1g01346	165	242	100	68	165	96.970	332
MinSal-1389-A1-17072018_C010g05381	MvSl-1064-A1-R4_A1g01292	928	985	100	100	985	88.629	1702
MinSal-1389-A1-17072018_C010g05382	MvSl-1064-A1-R4_A1g01291	364	336	100	100	364	87.912	646
MinSal-1389-A1-17072018_C010g05383	MvSl-1064-A1-R4_A1g01290	417	419	100	100	438	86.530	761
MinSal-1389-A1-17072018_C010g05384	MvSl-1064-A1-R4_A1g01288	419	270	63	97	263	94.677	511
MinSal-1389-A1-17072018_C010g05385	MvSl-1064-A1-R4_A1g01287	845	839	99	97	846	91.253	1548
MinSal-1389-A1-17072018_C010g05387	MvSl-1064-A1-R4_A1g01415	388	364	100	100	388	93.557	738
MinSal-1389-A1-17072018_C010g05388	MvSl-1064-A1-R4_A1g01393	471	401	66	78	313	92.332	594
MinSal-1389-A1-17072018_C010g05389	MvSl-1064-A1-R4_A1g01392	1213	1213	99	100	1215	93.416	2198
MinSal-1389-A1-17072018_C010g05405	MvSl-1064-A1-R4_MC12g11272	86	88	99	97	85	94.118	166
MinSal-1389-A1-17072018_C010g05406	MvSl-1064-A1-R4_MC12g11271	602	586	100	100	602	93.522	1138
MinSal-1389-A1-17072018_C010g05407	MvSl-1064-A1-R4_MC12g11268	1225	1225	100	100	1225	99.673	2556
MinSal-1389-A1-17072018_C010g05408	MvSl-1064-A1-R4_MC12g11267	1593	1599	100	100	1600	93.438	2838
MinSal-1389-A1-17072018_C010g05409	MvSl-1064-A1-R4_MC12g11266	630	617	100	100	630	93.333	1064
MinSal-1389-A1-17072018_C010g05410	MvSl-1064-A1-R4_MC12g11265	287	312	99	99	311	90.675	542
MinSal-1389-A1-17072018_C010g05411	MvSl-1064-A1-R4_MC12g11264	1396	1392	100	100	1418	90.621	2544
MinSal-1389-A1-17072018_C010g05412	MvSl-1064-A1-R4_MC12g11263	752	752	100	100	752	98.404	1527
MinSal-1389-A1-17072018_C010g05413	MvSl-1064-A1-R4_MC12g11262	722	751	100	100	765	85.229	1207
MinSal-1389-A1-17072018_C010g05414	MvSl-1064-A1-R4_MC12g11261	731	757	99	99	777	81.596	1217
MinSal-1389-A1-17072018_C010g05415	MvSl-1064-A1-R4_MC12g11259	1258	1161	90	99	1158	95.164	2232
MinSal-1389-A1-17072018_C010g05416	MvSl-1064-A1-R4_MC12g11258	1047	1016	100	100	1047	92.168	1900
MinSal-1389-A1-17072018_C010g05417	MvSl-1064-A1-R4_MC12g11257	343	345	97	94	326	95.482	644
MinSal-1389-A1-17072018_C010g05418	MvSl-1064-A1-R4_MC12g11256	653	714	99	99	722	74.792	846
MinSal-1389-A1-17072018_C010g05419	MvSl-1064-A1-R4_MC12g11255	196	181	100	100	210	70.476	281
MinSal-1389-A1-17072018_C010g05421	MvSl-1064-A1-R4_MC04-1g05299	71	48	66	90	47	72.340	62.8
MinSal-1389-A1-17072018_C010g05422	MvSl-1064-A1-R4_MC12g11249	615	615	100	100	615	96.423	1222
MinSal-1389-A1-17072018_C010g05423	MvSl-1064-A1-R4_MC12g11248	1666	1667	100	100	1667	95.741	3075
MinSal-1389-A1-17072018_C010g05424	MvSl-1064-A1-R4_MC12g11247	1237	1238	76	76	938	97.548	1513
MinSal-1389-A1-17072018_C010g05425	MvSl-1064-A1-R4_MC12g11246	306	299	97	99	296	92.568	555
MinSal-1389-A1-17072018_C010g05426	MvSl-1064-A1-R4_MC12g11245	623	629	100	100	629	91.415	1021
MinSal-1389-A1-17072018_C010g05428	MvSl-1064-A1-R4_MC12g11240	832	855	100	100	855	93.333	1520
MinSal-1389-A1-17072018_C010g05429	MvSl-1064-A1-R4_MC12g11236	915	919	100	99	915	96.721	1818
MinSal-1389-A1-17072018_C010g05430	MvSl-1064-A1-R4_MC12g11235	807	807	100	100	807	96.778	1616
MinSal-1389-A1-17072018_C010g05431	MvSl-1064-A1-R4_MC12g11232	837	834	100	100	852	92.371	1555
MinSal-1389-A1-17072018_C010g05432	MvSl-1064-A1-R4_MC12g11231	584	612	100	100	616	89.935	1107
MinSal-1389-A1-17072018_C010g05433	MvSl-1064-A1-R4_MC12g11230	99	99	100	100	99	92.929	179
MinSal-1389-A1-17072018_C010g05434	MvSl-1064-A1-R4_MC12g11229	888	922	99	99	917	92.585	1488
MinSal-1389-A1-17072018_C010g05435	MvSl-1064-A1-R4_MC12g11228	430	458	100	100	458	83.188	713
MinSal-1389-A1-17072018_C010g05436	MvSl-1064-A1-R4_MC12g11225	621	631	100	100	631	78.130	974
MinSal-1389-A1-17072018_C010g05437	MvSl-1064-A1-R4_MC12g11224	428	429	100	100	429	99.534	882
MinSal-1389-A1-17072018_C010g05438	MvSl-1064-A1-R4_MC12g11217	902	1086	96	80	868	92.299	1342
MinSal-1389-A1-17072018_C010g05439	MvSl-1064-A1-R4_MC12g11218	137	135	89	99	126	84.892	209
MinSal-1389-A1-17072018_C010g05440	MvSl-1064-A1-R4_MC12g11219	299	301	100	100	301	91.030	503
MinSal-1389-A1-17072018_C010g05441	MvSl-1064-A1-R4_MC12g11220	200	199	100	100	200	93.500	323
MinSal-1389-A1-17072018_C010g05442	MvSl-1064-A1-R4_MC12g11221	530	529	100	100	530	93.962	860
MinSal-1389-A1-17072018_C010g05443	MvSl-1064-A1-R4_MC12g11223	1545	1560	100	99	1559	96.280	3081
MinSal-1389-A1-17072018_C010g05445	MvSl-1064-A1-R4_MC12g11216	1476	1492	100	99	1491	94.634	2730
MinSal-1389-A1-17072018_C010g05446	MvSl-1064-A1-R4_MC12g11215	976	949	100	100	997	85.757	1534
MinSal-1389-A1-17072018_C010g05447	MvSl-1064-A1-R4_MC12g11214	538	538	100	100	538	94.610	981
MinSal-1389-A1-17072018_C010g05450	MvSl-1064-A1-R4_MC12g11212	1639	1964	100	84	1647	96.418	3263
MinSal-1389-A1-17072018_C010g05451	MvSl-1064-A1-R4_MC12g11211	420	418	100	100	421	88.836	731
MinSal-1389-A1-17072018_C010g05453	MvSl-1064-A1-R4_MC12g11207	181	153	73	86	132	91.667	231
MinSal-1389-A1-17072018_C010g05454	MvSl-1064-A1-R4_MC12g11206	1250	1201	100	100	1251	93.046	2363
MinSal-1389-A1-17072018_C010g05455	MvSl-1064-A1-R4_MC12g11204	543	513	100	100	544	86.949	831
MinSal-1389-A1-17072018_C010g05456	MvSl-1064-A1-R4_MC12g11203	1090	1113	100	100	1113	88.500	1886
MinSal-1389-A1-17072018_C010g05457	MvSl-1064-A1-R4_MC12g11202	734	734	98	98	720	93.056	1253
MinSal-1389-A1-17072018_C010g05458	MvSl-1064-A1-R4_MC12g11201	472	472	100	100	472	98.729	947
MinSal-1389-A1-17072018_C010g05459	MvSl-1064-A1-R4_MC12g11200	777	779	100	100	785	90.828	995
MinSal-1389-A1-17072018_C010g05460	MvSl-1064-A1-R4_MC12g11199	372	367	100	100	372	90.054	616
MinSal-1389-A1-17072018_C010g05461	MvSl-1064-A1-R4_MC12g11198	773	772	100	100	773	92.626	1341
MinSal-1389-A1-17072018_C010g05462	MvSl-1064-A1-R4_MC12g11197	374	379	97	95	362	93.094	661
MinSal-1389-A1-17072018_C010g05463	MvSl-1064-A1-R4_MC12g11195	110	79	65	90	71	100.000	152
MinSal-1389-A1-17072018_C010g05466	MvSl-1064-A1-R4_MC12g11194	576	583	100	100	583	84.734	976
MinSal-1389-A1-17072018_C010g05470	MvSl-1064-A1-R4_MC12g11191	289	283	100	100	308	84.416	500
MinSal-1389-A1-17072018_C010g05471	MvSl-1064-A1-R4_MC12g11190	117	117	100	100	117	94.017	212
MinSal-1389-A1-17072018_C010g05472	MvSl-1064-A1-R4_MC12g11189	114	144	100	79	114	96.491	228
MinSal-1389-A1-17072018_C010g05473	MvSl-1064-A1-R4_MC02g03343	431	473	100	100	476	78.992	728
MinSal-1389-A1-17072018_C010g05477	MvSl-1064-A1-R4_MC05-2g06352	214	231	95	97	232	68.103	266
MinSal-1389-A1-17072018_C010g05478	MvSl-1064-A1-R4_MC12g11188	299	300	100	100	325	80.308	423
MinSal-1389-A1-17072018_C010g05479	MvSl-1064-A1-R4_MC12g11187	333	347	100	100	347	92.795	592
MinSal-1389-A1-17072018_C010g05480	MvSl-1064-A1-R4_MC12g11186	204	210	100	100	210	92.381	365
MinSal-1389-A1-17072018_C010g05481	MvSl-1064-A1-R4_MC12g11185	664	665	98	99	658	93.313	1070
MinSal-1389-A1-17072018_C010g05482	MvSl-1064-A1-R4_MC12g11184	791	816	100	100	816	94.240	1547
MinSal-1389-A1-17072018_C010g05483	MvSl-1064-A1-R4_MC12g11183	473	473	100	100	473	91.543	888
MinSal-1389-A1-17072018_C010g05484	MvSl-1064-A1-R4_MC12g11182	488	494	100	99	488	95.492	923
MinSal-1389-A1-17072018_C010g05486	MvSl-1064-A1-R4_MC12g11179	911	904	100	100	930	90.430	1498
MinSal-1389-A1-17072018_C010g05487	MvSl-1064-A1-R4_MC12g11178	552	552	97	96	535	86.729	640
MinSal-1389-A1-17072018_C010g05488	MvSl-1064-A1-R4_MC12g11177	777	763	100	100	778	94.087	1345
MinSal-1389-A1-17072018_C010g05489	MvSl-1064-A1-R4_MC12g11169	664	665	100	100	665	97.293	1333
MinSal-1389-A1-17072018_C010g05490	MvSl-1064-A1-R4_MC12g11168	1147	1102	96	99	1102	98.276	2223
MinSal-1389-A1-17072018_C010g05491	MvSl-1064-A1-R4_MC12g11167	629	630	100	100	630	96.825	1266
MinSal-1389-A1-17072018_C010g05492	MvSl-1064-A1-R4_MC12g11166	530	530	100	100	530	95.849	923
MinSal-1389-A1-17072018_C010g05493	MvSl-1064-A1-R4_MC12g11165	513	513	100	100	513	99.220	1043
MinSal-1389-A1-17072018_C010g05494	MvSl-1064-A1-R4_MC12g11164	612	613	100	100	615	89.756	1065
MinSal-1389-A1-17072018_C010g05495	MvSl-1064-A1-R4_MC12g11163	417	429	99	99	435	87.816	749
MinSal-1389-A1-17072018_C010g05496	MvSl-1064-A1-R4_MC12g11162	244	246	100	99	244	93.443	478
MinSal-1389-A1-17072018_C010g05497	MvSl-1064-A1-R4_MC12g11161	217	221	100	100	221	77.828	256
MinSal-1389-A1-17072018_C010g05498	MvSl-1064-A1-R4_MC12g11155	1827	1828	99	100	1829	94.314	3048
MinSal-1389-A1-17072018_C010g05499	MvSl-1064-A1-R4_MC12g11154	1058	1040	100	100	1064	94.112	1923
MinSal-1389-A1-17072018_C010g05500	MvSl-1064-A1-R4_MC12g11153	212	197	100	100	212	86.792	271
MinSal-1389-A1-17072018_C010g05502	MvSl-1064-A1-R4_MC12g11145	210	210	100	100	210	94.762	385
MinSal-1389-A1-17072018_C010g05503	MvSl-1064-A1-R4_MC12g11144	812	809	99	99	838	89.260	1472
MinSal-1389-A1-17072018_C010g05504	MvSl-1064-A1-R4_MC12g11143	403	387	99	96	401	92.020	757
MinSal-1389-A1-17072018_C010g05507	MvSl-1064-A1-R4_MC12g11131	304	326	100	100	326	90.184	595
MinSal-1389-A1-17072018_C010g05508	MvSl-1064-A1-R4_MC12g11130	437	447	100	100	447	93.960	770
MinSal-1389-A1-17072018_C010g05509	MvSl-1064-A1-R4_MC12g11129	277	277	100	100	277	98.195	570
MinSal-1389-A1-17072018_C010g05510	MvSl-1064-A1-R4_MC12g11128	414	430	100	100	431	87.471	691
MinSal-1389-A1-17072018_C010g05512	MvSl-1064-A1-R4_MC12g11125	1427	1426	100	99	1427	94.464	2553
MinSal-1389-A1-17072018_C010g05513	MvSl-1064-A1-R4_MC12g11124	269	269	100	100	269	95.911	494
MinSal-1389-A1-17072018_C010g05514	MvSl-1064-A1-R4_MC12g11123	825	828	100	100	829	93.486	1519
MinSal-1389-A1-17072018_C010g05515	MvSl-1064-A1-R4_MC12g11122	568	566	100	100	569	96.661	1046
MinSal-1389-A1-17072018_C010g05516	MvSl-1064-A1-R4_MC12g11121	166	166	100	100	166	96.988	317
MinSal-1389-A1-17072018_C010g05517	MvSl-1064-A1-R4_MC12g11120	259	236	100	100	266	84.586	446
MinSal-1389-A1-17072018_C010g05518	MvSl-1064-A1-R4_MC12g11119	1958	1947	100	100	1963	94.549	3537
MinSal-1389-A1-17072018_C010g05519	MvSl-1064-A1-R4_MC12g11118	1210	1236	100	100	1236	95.631	2367
MinSal-1389-A1-17072018_C010g05520	MvSl-1064-A1-R4_MC12g11117	456	456	100	100	456	98.465	936
MinSal-1389-A1-17072018_C010g05521	MvSl-1064-A1-R4_MC12g11116	460	443	100	100	462	88.528	752
MinSal-1389-A1-17072018_C010g05522	MvSl-1064-A1-R4_MC12g11114	603	614	100	100	615	89.593	1087
MinSal-1389-A1-17072018_C010g05523	MvSl-1064-A1-R4_MC12g11113	278	278	100	100	278	97.482	550
MinSal-1389-A1-17072018_C010g05524	MvSl-1064-A1-R4_MC12g11112	581	615	100	100	615	92.358	1127
MinSal-1389-A1-17072018_C010g05525	MvSl-1064-A1-R4_MC12g11111	904	905	100	100	906	95.806	1726
MinSal-1389-A1-17072018_C010g05526	MvSl-1064-A1-R4_MC12g11110	572	572	100	100	572	95.280	1004
MinSal-1389-A1-17072018_C010g05528	MvSl-1064-A1-R4_MC12g11108	462	452	100	100	462	95.238	904
MinSal-1389-A1-17072018_C010g05529	MvSl-1064-A1-R4_MC12g11107	563	563	100	100	563	93.250	1030
MinSal-1389-A1-17072018_C010g05530	MvSl-1064-A1-R4_MC12g11106	341	335	100	100	363	78.512	424
MinSal-1389-A1-17072018_C010g05531	MvSl-1064-A1-R4_MC12g11105	61	63	98	76	48	87.097	90.1
MinSal-1389-A1-17072018_C010g05532	MvSl-1064-A1-R4_MC12g11104	647	644	100	100	648	92.130	1001
MinSal-1389-A1-17072018_C010g05533	MvSl-1064-A1-R4_MC12g11103	96	96	100	100	96	97.917	189
MinSal-1389-A1-17072018_C010g05535	MvSl-1064-A1-R4_MC12g11101	110	117	100	96	112	91.964	191
MinSal-1389-A1-17072018_C010g05537	MvSl-1064-A1-R4_MC12g11100	848	847	100	99	849	96.113	1643
MinSal-1389-A1-17072018_C010g05538	MvSl-1064-A1-R4_MC12g11099	336	216	61	99	214	78.440	339
MinSal-1389-A1-17072018_C010g05539	MvSl-1064-A1-R4_MC12g11097	315	291	100	100	315	88.571	522
MinSal-1389-A1-17072018_C010g05540	MvSl-1064-A1-R4_MC12g11096	118	124	100	100	124	93.548	232
MinSal-1389-A1-17072018_C010g05541	MvSl-1064-A1-R4_MC12g11095	477	481	100	100	481	90.852	795
MinSal-1389-A1-17072018_C010g05542	MvSl-1064-A1-R4_MC12g11094	220	228	100	100	228	93.860	400
MinSal-1389-A1-17072018_C010g05543	MvSl-1064-A1-R4_MC12g11093	511	555	100	100	555	88.288	989
MinSal-1389-A1-17072018_C010g05544	MvSl-1064-A1-R4_MC12g11092	759	759	100	100	768	90.625	1177
MinSal-1389-A1-17072018_C010g05545	MvSl-1064-A1-R4_MC12g11091	247	247	100	100	247	97.976	503
MinSal-1389-A1-17072018_C010g05546	MvSl-1064-A1-R4_MC12g11090	655	658	100	100	662	93.807	1011
MinSal-1389-A1-17072018_C010g05547	MvSl-1064-A1-R4_MC12g11089	391	452	100	89	401	93.766	743
MinSal-1389-A1-17072018_C010g05548	MvSl-1064-A1-R4_MC12g11088	3406	3408	99	100	3426	94.191	6206
MinSal-1389-A1-17072018_C010g05558	MvSl-1064-A1-R4_MC12g11084	332	341	100	100	341	93.255	645
MinSal-1389-A1-17072018_C010g05559	MvSl-1064-A1-R4_MC12g11083	1450	1433	100	100	1450	96.414	2834
MinSal-1389-A1-17072018_C010g05560	MvSl-1064-A1-R4_MC12g11082	504	503	100	100	504	96.429	958
MinSal-1389-A1-17072018_C010g05561	MvSl-1064-A1-R4_MC12g11081	511	525	100	100	525	90.476	926
MinSal-1389-A1-17072018_C010g05562	MvSl-1064-A1-R4_MC12g11080	383	400	100	100	427	81.030	561
MinSal-1389-A1-17072018_C010g05563	MvSl-1064-A1-R4_MC12g11079	925	970	100	100	970	91.134	1451
MinSal-1389-A1-17072018_C010g05564	MvSl-1064-A1-R4_MC12g11078	153	155	80	64	101	83.065	139
MinSal-1389-A1-17072018_C010g05565	MvSl-1064-A1-R4_MC12g11077	170	170	100	100	170	92.941	327
MinSal-1389-A1-17072018_C010g05566	MvSl-1064-A1-R4_MC12g11076	957	958	100	100	959	95.203	1723
MinSal-1389-A1-17072018_C010g05567	MvSl-1064-A1-R4_MC12g11075	765	770	100	100	770	94.286	1301
MinSal-1389-A1-17072018_C010g05568	MvSl-1064-A1-R4_MC12g11074	545	548	100	100	548	95.985	1035
MinSal-1389-A1-17072018_C010g05569	MvSl-1064-A1-R4_MC12g11073	698	650	99	99	697	86.801	1196
MinSal-1389-A1-17072018_C010g05570	MvSl-1064-A1-R4_MC12g11072	138	156	94	99	158	73.913	185
MinSal-1389-A1-17072018_C010g05571	MvSl-1064-A1-R4_MC12g11071	718	714	100	100	722	93.352	1269
MinSal-1389-A1-17072018_C010g05572	MvSl-1064-A1-R4_MC12g11070	191	205	100	93	191	95.288	344
MinSal-1389-A1-17072018_C010g05573	MvSl-1064-A1-R4_MC12g11069	621	612	100	100	621	95.974	1228
MinSal-1389-A1-17072018_C010g05574	MvSl-1064-A1-R4_MC12g11068	774	796	100	97	774	96.382	1531
MinSal-1389-A1-17072018_C010g05575	MvSl-1064-A1-R4_MC12g11067	1052	1098	100	100	1124	81.317	1625
MinSal-1389-A1-17072018_C010g05576	MvSl-1064-A1-R4_MC12g11066	901	901	100	100	902	93.126	1673
MinSal-1389-A1-17072018_C010g05577	MvSl-1064-A1-R4_MC12g11065	608	611	100	100	616	92.857	909
MinSal-1389-A1-17072018_C010g05578	MvSl-1064-A1-R4_MC12g11064	52	72	94	68	49	61.224	65.9
MinSal-1389-A1-17072018_C010g05579	MvSl-1064-A1-R4_MC12g11063	791	826	100	100	826	93.584	1556
MinSal-1389-A1-17072018_C010g05580	MvSl-1064-A1-R4_MC12g11062	126	152	100	100	152	79.605	210
MinSal-1389-A1-17072018_C010g05581	MvSl-1064-A1-R4_MC12g11061	649	629	100	100	650	93.231	1241
MinSal-1389-A1-17072018_C010g05582	MvSl-1064-A1-R4_MC12g11060	229	283	100	81	229	99.563	452
MinSal-1389-A1-17072018_C010g05583	MvSl-1064-A1-R4_MC12g11059	1184	1193	100	100	1193	91.115	2005
MinSal-1389-A1-17072018_C010g05584	MvSl-1064-A1-R4_MC12g11058	389	391	100	100	391	93.095	731
MinSal-1389-A1-17072018_C010g05585	MvSl-1064-A1-R4_MC12g11057	248	272	100	100	275	82.909	364
MinSal-1389-A1-17072018_C010g05586	MvSl-1064-A1-R4_MC12g11056	404	340	100	100	416	75.962	565
MinSal-1389-A1-17072018_C010g05587	MvSl-1064-A1-R4_MC12g11055	93	63	100	100	93	62.366	102
MinSal-1389-A1-17072018_C010g05588	MvSl-1064-A1-R4_MC12g11054	413	441	100	100	451	78.271	620
MinSal-1389-A1-17072018_C010g05589	MvSl-1064-A1-R4_MC12g11053	896	887	100	100	906	93.929	1718
MinSal-1389-A1-17072018_C010g05590	MvSl-1064-A1-R4_MC12g11052	516	521	99	99	520	88.654	908
MinSal-1389-A1-17072018_C010g05591	MvSl-1064-A1-R4_MC12g11051	192	192	100	100	192	95.312	330
MinSal-1389-A1-17072018_C010g05592	MvSl-1064-A1-R4_MC12g11050	876	879	100	100	886	92.664	1588
MinSal-1389-A1-17072018_C010g05593	MvSl-1064-A1-R4_MC12g11049	822	771	88	96	743	91.117	1343
MinSal-1389-A1-17072018_C010g05594	MvSl-1064-A1-R4_MC12g11048	350	326	100	100	350	88.857	570
MinSal-1389-A1-17072018_C010g05595	MvSl-1064-A1-R4_MC12g11046	494	527	100	100	527	91.651	936
MinSal-1389-A1-17072018_C010g05596	MvSl-1064-A1-R4_MC12g11043	288	312	99	91	284	94.014	451
MinSal-1389-A1-17072018_C010g05597	MvSl-1064-A1-R4_MC12g11039	1088	1064	100	97	1056	92.470	1891
MinSal-1389-A1-17072018_C010g05598	MvSl-1064-A1-R4_MC12g11038	440	466	100	100	467	89.936	811
MinSal-1389-A1-17072018_C010g05599	MvSl-1064-A1-R4_MC12g11037	870	871	100	99	870	95.862	1574
MinSal-1389-A1-17072018_C010g05600	MvSl-1064-A1-R4_MC12g11036	441	493	95	100	493	79.716	776
MinSal-1389-A1-17072018_C010g05601	MvSl-1064-A1-R4_MC12g11035	170	170	100	100	170	87.059	290
MinSal-1389-A1-17072018_C010g05602	MvSl-1064-A1-R4_MC12g11034	583	631	100	100	631	85.578	1059
MinSal-1389-A1-17072018_C010g05603	MvSl-1064-A1-R4_MC12g11033	480	481	99	99	480	87.917	844
MinSal-1389-A1-17072018_C010g05604	MvSl-1064-A1-R4_MC12g11032	192	167	86	100	167	89.820	259
MinSal-1389-A1-17072018_C010g05605	MvSl-1064-A1-R4_MC12g11031	1358	1330	100	100	1359	90.728	2394
MinSal-1389-A1-17072018_C010g05606	MvSl-1064-A1-R4_MC12g11030	579	582	100	100	582	92.096	1026
MinSal-1389-A1-17072018_C010g05607	MvSl-1064-A1-R4_MC12g11029	652	652	100	100	652	98.006	1321
MinSal-1389-A1-17072018_C010g05609	MvSl-1064-A1-R4_MC03g04841	263	240	90	98	255	72.157	343
MinSal-1389-A1-17072018_C010g05610	MvSl-1064-A1-R4_MC12g11028	1144	1192	94	98	1170	81.538	1802
MinSal-1389-A1-17072018_C010g05614	MvSl-1064-A1-R4_MC12g11027	747	776	100	100	779	92.811	1447
MinSal-1389-A1-17072018_C010g05615	MvSl-1064-A1-R4_MC12g11026	626	604	99	99	629	90.620	1113
MinSal-1389-A1-17072018_C010g05616	MvSl-1064-A1-R4_MC12g11025	608	610	99	99	606	96.370	1209
MinSal-1389-A1-17072018_C010g05617	MvSl-1064-A1-R4_MC12g11024	258	244	89	99	243	93.004	454
MinSal-1389-A1-17072018_C010g05618	MvSl-1064-A1-R4_MC12g11023	753	768	95	97	744	89.692	1158
MinSal-1389-A1-17072018_C010g05619	MvSl-1064-A1-R4_MC12g11022	468	426	100	100	468	82.906	717
MinSal-1389-A1-17072018_C010g05620	MvSl-1064-A1-R4_MC12g11021	409	409	100	100	409	93.888	788
MinSal-1389-A1-17072018_C010g05621	MvSl-1064-A1-R4_MC12g11020	476	486	97	92	465	89.892	771
MinSal-1389-A1-17072018_C010g05622	MvSl-1064-A1-R4_MC12g11019	484	478	100	100	484	91.942	874
MinSal-1389-A1-17072018_C010g05623	MvSl-1064-A1-R4_MC12g11018	145	126	79	90	114	81.579	190
MinSal-1389-A1-17072018_C010g05624	MvSl-1064-A1-R4_MC12g11017	576	761	98	84	663	68.175	818
MinSal-1389-A1-17072018_C010g05625	MvSl-1064-A1-R4_MC12g11016	732	732	100	100	732	98.087	1482
MinSal-1389-A1-17072018_C010g05626	MvSl-1064-A1-R4_MC12g11015	228	232	100	99	231	90.909	405
MinSal-1389-A1-17072018_C010g05627	MvSl-1064-A1-R4_MC12g11014	327	328	98	99	325	95.385	617
MinSal-1389-A1-17072018_C010g05629	MvSl-1064-A1-R4_MC12g11013	449	447	100	100	451	89.135	577
MinSal-1389-A1-17072018_C010g05630	MvSl-1064-A1-R4_MC07g07674	353	312	69	81	257	60.305	301
MinSal-1389-A1-17072018_C010g05631	MvSl-1064-A1-R4_MC12g11011	223	214	91	96	206	84.951	355
MinSal-1389-A1-17072018_C010g05632	MvSl-1064-A1-R4_MC12g11010	945	945	100	100	945	97.778	1881
MinSal-1389-A1-17072018_C010g05633	MvSl-1064-A1-R4_MC12g11009	564	552	96	96	547	88.848	896
MinSal-1389-A1-17072018_C010g05634	MvSl-1064-A1-R4_MC12g11008	1582	1595	100	100	1620	91.914	2975
MinSal-1389-A1-17072018_C010g05635	MvSl-1064-A1-R4_MC12g11007	524	524	100	100	524	97.519	1045
MinSal-1389-A1-17072018_C010g05636	MvSl-1064-A1-R4_MC12g11006	742	741	100	100	770	86.104	1280
MinSal-1389-A1-17072018_C010g05637	MvSl-1064-A1-R4_MC12g11005	54	53	81	64	34	72.727	45.1
MinSal-1389-A1-17072018_C010g05638	MvSl-1064-A1-R4_MC12g11004	911	932	100	100	939	89.031	1489
MinSal-1389-A1-17072018_C010g05639	MvSl-1064-A1-R4_MC12g11003	842	842	100	100	842	98.219	1717
MinSal-1389-A1-17072018_C010g05640	MvSl-1064-A1-R4_MC12g11002	953	950	100	100	963	91.277	1674
MinSal-1389-A1-17072018_C010g05641	MvSl-1064-A1-R4_MC12g11001	382	381	100	100	404	81.931	631
MinSal-1389-A1-17072018_C010g05642	MvSl-1064-A1-R4_MC12g10999	236	167	63	89	148	94.631	226
MinSal-1389-A1-17072018_C010g05643	MvSl-1064-A1-R4_MC12g10998	1737	1689	99	100	1735	89.798	2981
MinSal-1389-A1-17072018_C010g05644	MvSl-1064-A1-R4_MC12g10997	142	143	100	100	143	84.615	244
MinSal-1389-A1-17072018_C010g05645	MvSl-1064-A1-R4_MC12g10996	299	315	100	100	315	86.032	533
MinSal-1389-A1-17072018_C010g05646	MvSl-1064-A1-R4_MC12g10995	419	419	100	100	419	95.704	818
MinSal-1389-A1-17072018_C010g05647	MvSl-1064-A1-R4_MC12g10994	399	399	100	100	399	96.491	798
MinSal-1389-A1-17072018_C010g05648	MvSl-1064-A1-R4_MC12g10993	246	243	100	99	246	88.618	385
MinSal-1389-A1-17072018_C010g05649	MvSl-1064-A1-R4_MC12g10992	513	513	100	100	513	99.220	1056
MinSal-1389-A1-17072018_C010g05650	MvSl-1064-A1-R4_MC12g10991	174	171	100	100	174	83.333	262
MinSal-1389-A1-17072018_C010g05652	MvSl-1064-A1-R4_MC12g10984	400	392	100	100	400	94.750	775
MinSal-1389-A1-17072018_C010g05653	MvSl-1064-A1-R4_MC12g10983	111	110	100	100	111	98.198	225
MinSal-1389-A1-17072018_C010g05654	MvSl-1064-A1-R4_MC12g10982	560	518	91	99	512	94.141	965
MinSal-1389-A1-17072018_C010g05655	MvSl-1064-A1-R4_MC12g10981	829	897	99	96	865	88.902	1404
MinSal-1389-A1-17072018_C010g05656	MvSl-1064-A1-R4_MC12g10980	768	740	99	100	766	91.645	1435
MinSal-1389-A1-17072018_C010g05657	MvSl-1064-A1-R4_MC12g10979	599	599	100	100	599	96.661	1208
MinSal-1389-A1-17072018_C010g05658	MvSl-1064-A1-R4_MC12g10978	1279	1276	100	100	1286	94.401	2301
MinSal-1389-A1-17072018_C010g05659	MvSl-1064-A1-R4_MC12g10977	440	440	100	100	440	95.909	810
MinSal-1389-A1-17072018_C010g05660	MvSl-1064-A1-R4_MC12g10976	589	590	100	100	590	95.085	1095
MinSal-1389-A1-17072018_C010g05662	MvSl-1064-A1-R4_MC12g10974	190	165	100	100	199	68.844	223
MinSal-1389-A1-17072018_C010g05663	MvSl-1064-A1-R4_MC12g10973	591	617	100	100	617	93.679	1171
MinSal-1389-A1-17072018_C010g05664	MvSl-1064-A1-R4_MC12g10972	193	218	100	100	218	83.486	331
MinSal-1389-A1-17072018_C010g05665	MvSl-1064-A1-R4_MC12g10971	477	477	100	100	477	99.581	976
MinSal-1389-A1-17072018_C010g05666	MvSl-1064-A1-R4_MC12g10970	319	319	100	100	319	93.730	577
MinSal-1389-A1-17072018_C010g05667	MvSl-1064-A1-R4_MC12g10969	497	481	93	96	460	93.696	855
MinSal-1389-A1-17072018_C010g05668	MvSl-1064-A1-R4_MC12g10968	383	383	100	100	383	87.990	655
MinSal-1389-A1-17072018_C010g05670	MvSl-1064-A1-R4_MC12g10965	585	585	100	100	585	96.239	1124
MinSal-1389-A1-17072018_C010g05671	MvSl-1064-A1-R4_MC12g10964	589	588	100	100	589	92.360	1010
MinSal-1389-A1-17072018_C010g05672	MvSl-1064-A1-R4_MC12g10962	804	794	100	100	804	93.408	1349
MinSal-1389-A1-17072018_C010g05674	MvSl-1064-A1-R4_MC12g10960	491	491	100	100	491	96.538	986
MinSal-1389-A1-17072018_C010g05675	MvSl-1064-A1-R4_MC12g10959	391	402	100	100	402	92.289	709
MinSal-1389-A1-17072018_C010g05676	MvSl-1064-A1-R4_MC12g10958	411	404	100	100	411	97.324	819
MinSal-1389-A1-17072018_C010g05677	MvSl-1064-A1-R4_MC12g10957	1276	1305	100	100	1305	96.705	2588
MinSal-1389-A1-17072018_C010g05678	MvSl-1064-A1-R4_MC12g10956	411	409	99	99	410	95.610	798
MinSal-1389-A1-17072018_C010g05679	MvSl-1064-A1-R4_MC12g10955	735	433	67	100	499	74.749	682
MinSal-1389-A1-17072018_C010g05680	MvSl-1064-A1-R4_MC12g10953	566	638	97	86	548	95.438	1019
MinSal-1389-A1-17072018_C010g05681	MvSl-1064-A1-R4_MC12g10952	300	300	100	100	300	97.667	607
MinSal-1389-A1-17072018_C010g05682	MvSl-1064-A1-R4_MC12g10951	826	759	95	99	777	91.763	1379
MinSal-1389-A1-17072018_C010g05683	MvSl-1064-A1-R4_MC12g10950	204	247	96	79	195	99.487	396
MinSal-1389-A1-17072018_C010g05685	MvSl-1064-A1-R4_MC12g10948	132	168	100	100	168	77.381	234
MinSal-1389-A1-17072018_C010g05686	MvSl-1064-A1-R4_MC12g10947	339	337	100	100	340	92.353	480
MinSal-1389-A1-17072018_C010g05687	MvSl-1064-A1-R4_MC12g10946	745	702	93	100	702	93.590	1288
MinSal-1389-A1-17072018_C010g05688	MvSl-1064-A1-R4_MC12g10945	497	497	100	100	497	98.189	1014
MinSal-1389-A1-17072018_C010g05689	MvSl-1064-A1-R4_MC12g10944	1393	1395	100	100	1396	93.123	2454
MinSal-1389-A1-17072018_C010g05690	MvSl-1064-A1-R4_MC12g10943	618	510	85	97	537	78.026	804
MinSal-1389-A1-17072018_C010g05693	MvSl-1064-A1-R4_MC12g10942	326	338	100	100	338	93.491	611
MinSal-1389-A1-17072018_C010g05694	MvSl-1064-A1-R4_MC12g10941	227	227	100	100	227	92.070	433
MinSal-1389-A1-17072018_C010g05695	MvSl-1064-A1-R4_MC12g10940	456	467	100	100	467	94.004	863
MinSal-1389-A1-17072018_C010g05696	MvSl-1064-A1-R4_MC12g10939	1058	1054	100	100	1081	88.159	1719
MinSal-1389-A1-17072018_C010g05697	MvSl-1064-A1-R4_MC12g10938	675	675	100	100	675	91.259	1031
MinSal-1389-A1-17072018_C010g05698	MvSl-1064-A1-R4_MC12g10937	1403	1397	100	100	1406	91.607	2311
MinSal-1389-A1-17072018_C010g05699	MvSl-1064-A1-R4_MC12g10936	204	204	100	100	204	94.118	349
MinSal-1389-A1-17072018_C010g05700	MvSl-1064-A1-R4_MC12g10935	534	547	98	100	547	91.225	964
MinSal-1389-A1-17072018_C010g05701	MvSl-1064-A1-R4_MC12g10934	303	303	100	100	303	95.050	600
MinSal-1389-A1-17072018_C010g05702	MvSl-1064-A1-R4_MC12g10933	920	905	100	100	921	93.485	1623
MinSal-1389-A1-17072018_C010g05703	MvSl-1064-A1-R4_MC12g10932	735	735	100	100	735	99.184	1504
MinSal-1389-A1-17072018_C010g05704	MvSl-1064-A1-R4_MC12g10931	814	833	99	98	817	92.901	1477
MinSal-1389-A1-17072018_C010g05705	MvSl-1064-A1-R4_MC12g10930	1788	1802	85	85	1551	87.082	2022
MinSal-1389-A1-17072018_C010g05706	MvSl-1064-A1-R4_MC12g10927	867	842	100	100	867	92.734	1612
MinSal-1389-A1-17072018_C010g05707	MvSl-1064-A1-R4_MC12g10926	103	103	100	100	103	86.408	147
MinSal-1389-A1-17072018_C010g05708	MvSl-1064-A1-R4_MC12g10925	286	294	100	100	306	76.797	424
MinSal-1389-A1-17072018_C010g05709	MvSl-1064-A1-R4_MC12g10924	330	320	100	100	351	82.051	559
MinSal-1389-A1-17072018_C010g05710	MvSl-1064-A1-R4_MC12g10923	488	493	100	100	500	61.400	516
MinSal-1389-A1-17072018_C010g05715	MvSl-1064-A1-R4_MC12g10919	1540	1540	100	100	1540	97.078	3073
MinSal-1389-A1-17072018_C010g05716	MvSl-1064-A1-R4_MC12g10918	789	658	86	100	686	86.589	1063
MinSal-1389-A1-17072018_C010g05717	MvSl-1064-A1-R4_MC12g10916	185	185	100	100	185	97.838	367
MinSal-1389-A1-17072018_C010g05718	MvSl-1064-A1-R4_MC12g10915	878	658	75	100	658	95.745	1212
MinSal-1389-A1-17072018_C010g05719	MvSl-1064-A1-R4_MC12g10913	331	328	100	100	331	89.728	521
MinSal-1389-A1-17072018_C010g05720	MvSl-1064-A1-R4_MC12g10911	385	340	96	100	371	89.218	681
MinSal-1389-A1-17072018_C010g05721	MvSl-1064-A1-R4_MC12g10910	561	548	98	100	554	89.711	973
MinSal-1389-A1-17072018_C010g05722	MvSl-1064-A1-R4_MC12g10909	603	603	100	100	605	94.380	1060
MinSal-1389-A1-17072018_C010g05723	MvSl-1064-A1-R4_MC12g10908	628	644	100	100	670	81.343	1017
MinSal-1389-A1-17072018_C010g05724	MvSl-1064-A1-R4_MC12g10907	192	192	100	100	192	96.354	374
MinSal-1389-A1-17072018_C010g05725	MvSl-1064-A1-R4_MC12g10906	474	506	92	87	440	90.000	614
MinSal-1389-A1-17072018_C010g05726	MvSl-1064-A1-R4_MC12g10905	441	392	81	91	358	97.765	725
MinSal-1389-A1-17072018_C010g05727	MvSl-1064-A1-R4_MC12g10904	82	84	100	100	84	92.857	89.4
MinSal-1389-A1-17072018_C010g05728	MvSl-1064-A1-R4_MC12g10903	487	486	100	100	487	97.125	952
MinSal-1389-A1-17072018_C010g05729	MvSl-1064-A1-R4_MC12g10902	354	379	100	100	379	91.821	704
MinSal-1389-A1-17072018_C010g05730	MvSl-1064-A1-R4_MC12g10901	895	895	100	100	895	97.877	1792
MinSal-1389-A1-17072018_C010g05731	MvSl-1064-A1-R4_MC12g10899	350	281	100	100	350	71.714	485
MinSal-1389-A1-17072018_C010g05732	MvSl-1064-A1-R4_MC12g10898	537	513	100	100	557	86.715	965
MinSal-1389-A1-17072018_C010g05733	MvSl-1064-A1-R4_MC12g10897	554	537	100	100	555	92.613	963
MinSal-1389-A1-17072018_C010g05734	MvSl-1064-A1-R4_MC12g10890	1126	1120	100	100	1128	96.188	2193
MinSal-1389-A1-17072018_C010g05735	MvSl-1064-A1-R4_MC12g10889	945	965	98	100	924	92.658	1651
MinSal-1389-A1-17072018_C010g05736	MvSl-1064-A1-R4_MC12g10888	250	225	99	99	249	89.157	452
MinSal-1389-A1-17072018_C010g05737	MvSl-1064-A1-R4_MC12g10887	560	558	100	100	560	93.929	1055
MinSal-1389-A1-17072018_C010g05738	MvSl-1064-A1-R4_MC12g10886	182	192	100	94	182	96.703	354
MinSal-1389-A1-17072018_C010g05739	MvSl-1064-A1-R4_MC12g10885	537	456	84	99	451	96.231	894
MinSal-1389-A1-17072018_C010g05740	MvSl-1064-A1-R4_MC12g10883	327	385	100	96	368	79.348	545
MinSal-1389-A1-17072018_C010g05741	MvSl-1064-A1-R4_MC12g10882	864	864	100	100	864	95.255	1615
MinSal-1389-A1-17072018_C010g05743	MvSl-1064-A1-R4_MC12g10881	1241	1267	100	100	1269	94.169	2435
MinSal-1389-A1-17072018_C010g05744	MvSl-1064-A1-R4_MC12g10880	755	749	100	100	755	97.086	1500
MinSal-1389-A1-17072018_C010g05745	MvSl-1064-A1-R4_MC12g10879	520	526	99	97	515	93.981	937
MinSal-1389-A1-17072018_C010g05746	MvSl-1064-A1-R4_MC12g10878	1010	1010	100	100	1010	94.950	1887
MinSal-1389-A1-17072018_C010g05748	MvSl-1064-A1-R4_MC12g10871	386	373	97	99	373	75.335	553
MinSal-1389-A1-17072018_C010g05749	MvSl-1064-A1-R4_MC12g10870	395	354	100	97	425	60.235	454
MinSal-1389-A1-17072018_C010g05750	MvSl-1064-A1-R4_MC12g10868	290	290	100	100	290	96.897	578
MinSal-1389-A1-17072018_C010g05751	MvSl-1064-A1-R4_MC12g10867	534	529	100	100	534	94.007	986
MinSal-1389-A1-17072018_C010g05754	MvSl-1064-A1-R4_MC12g10860	629	668	100	100	683	81.168	965
MinSal-1389-A1-17072018_C010g05755	MvSl-1064-A1-R4_MC12g10859	430	404	100	100	430	89.535	753
MinSal-1389-A1-17072018_C010g05756	MvSl-1064-A1-R4_MC12g10858	681	695	91	90	630	90.317	1097
MinSal-1389-A1-17072018_C010g05757	MvSl-1064-A1-R4_MC12g10857	99	77	100	77	87	64.368	105
MinSal-1389-A1-17072018_C010g05758	MvSl-1064-A1-R4_MC12g10856	844	841	100	100	845	93.491	1302
MinSal-1389-A1-17072018_C010g05759	MvSl-1064-A1-R4_MC12g10855	512	512	100	100	512	97.266	1028
MinSal-1389-A1-17072018_C010g05760	MvSl-1064-A1-R4_MC12g10854	339	308	100	100	339	88.201	595
MinSal-1389-A1-17072018_C010g05761	MvSl-1064-A1-R4_MC12g10853	242	288	88	77	222	92.342	414
MinSal-1389-A1-17072018_C010g05762	MvSl-1064-A1-R4_MC12g10852	407	407	100	100	407	98.034	827
MinSal-1389-A1-17072018_C010g05763	MvSl-1064-A1-R4_MC01-1g02774	198	198	100	100	198	90.909	375
MinSal-1389-A1-17072018_C010g05765	MvSl-1064-A1-R4_MC12g10851	694	707	100	100	708	88.277	1237
MinSal-1389-A1-17072018_C010g05767	MvSl-1064-A1-R4_MC12g10848	1587	1584	100	100	1587	94.140	2902
MinSal-1389-A1-17072018_C010g05768	MvSl-1064-A1-R4_MC12g10847	291	275	100	100	301	84.053	479
MinSal-1389-A1-17072018_C010g05769	MvSl-1064-A1-R4_MC12g10846	881	892	100	100	892	96.076	1698
MinSal-1389-A1-17072018_C010g05770	MvSl-1064-A1-R4_MC12g10845	539	571	100	100	571	93.170	1095
MinSal-1389-A1-17072018_C010g05771	MvSl-1064-A1-R4_MC12g10844	1844	1831	99	100	1836	96.242	3638
MinSal-1389-A1-17072018_C010g05772	MvSl-1064-A1-R4_MC12g10841	1425	1430	100	100	1430	95.664	2686
MinSal-1389-A1-17072018_C010g05773	MvSl-1064-A1-R4_MC12g10840	1756	1809	100	100	1810	91.602	3235
MinSal-1389-A1-17072018_C010g05774	MvSl-1064-A1-R4_MC12g10839	1600	1678	91	87	1454	93.741	2397
MinSal-1389-A1-17072018_C010g05775	MvSl-1064-A1-R4_MC12g10838	824	811	81	100	669	90.413	1129
MinSal-1389-A1-17072018_C010g05776	MvSl-1064-A1-R4_MC12g10837	537	533	94	100	533	92.120	962
MinSal-1389-A1-17072018_C010g05777	MvSl-1064-A1-R4_MC12g10836	450	450	100	100	450	98.222	909
MinSal-1389-A1-17072018_C010g05778	MvSl-1064-A1-R4_MC12g10835	523	506	100	100	532	83.647	627
MinSal-1389-A1-17072018_C010g05779	MvSl-1064-A1-R4_MC12g10834	134	138	100	100	138	89.130	223
MinSal-1389-A1-17072018_C010g05780	MvSl-1064-A1-R4_MC12g10833	996	970	100	100	996	94.478	1957
MinSal-1389-A1-17072018_C010g05781	MvSl-1064-A1-R4_MC12g10832	285	202	100	100	285	64.561	327
MinSal-1389-A1-17072018_C010g05782	MvSl-1064-A1-R4_MC12g10831	88	88	100	100	88	96.591	169
MinSal-1389-A1-17072018_C010g05783	MvSl-1064-A1-R4_MC12g10830	97	100	100	100	100	92.000	182
MinSal-1389-A1-17072018_C010g05784	MvSl-1064-A1-R4_MC12g10827	850	826	100	100	853	91.325	1509
MinSal-1389-A1-17072018_C010g05785	MvSl-1064-A1-R4_MC12g10826	200	204	100	100	204	95.098	399
MinSal-1389-A1-17072018_C010g05786	MvSl-1064-A1-R4_MC12g10825	547	586	100	100	586	87.543	982
MinSal-1389-A1-17072018_C010g05787	MvSl-1064-A1-R4_MC12g10824	500	518	99	99	517	79.884	831
MinSal-1389-A1-17072018_C010g05788	MvSl-1064-A1-R4_MC12g10823	772	772	100	100	772	97.798	1535
MinSal-1389-A1-17072018_C010g05789	MvSl-1064-A1-R4_MC12g10821	653	625	100	100	656	85.671	998
MinSal-1389-A1-17072018_C010g05790	MvSl-1064-A1-R4_MC12g10820	85	63	89	97	76	75.000	106
MinSal-1389-A1-17072018_C010g05791	MvSl-1064-A1-R4_MC12g10819	108	121	98	88	106	97.170	189
MinSal-1389-A1-17072018_C010g05792	MvSl-1064-A1-R4_MC12g10818	108	107	100	100	108	89.815	154
MinSal-1389-A1-17072018_C010g05793	MvSl-1064-A1-R4_MC12g10817	695	696	100	100	697	88.666	987
MinSal-1389-A1-17072018_C010g05794	MvSl-1064-A1-R4_MC12g10816	532	533	100	100	533	90.619	942
MinSal-1389-A1-17072018_C010g05795	MvSl-1064-A1-R4_MC12g10815	436	435	100	100	436	90.826	701
MinSal-1389-A1-17072018_C010g05796	MvSl-1064-A1-R4_MC12g10814	464	495	100	100	497	84.909	765
MinSal-1389-A1-17072018_C010g05797	MvSl-1064-A1-R4_MC12g10813	490	490	100	100	490	93.061	802
MinSal-1389-A1-17072018_C010g05799	MvSl-1064-A1-R4_MC12g10811	866	866	100	100	866	96.882	1712
MinSal-1389-A1-17072018_C010g05800	MvSl-1064-A1-R4_A1g00594	525	467	92	99	505	76.436	662
MinSal-1389-A1-17072018_C010g05801	MvSl-1064-A1-R4_MC12g10806	1151	1151	100	100	1151	96.959	2303
MinSal-1389-A1-17072018_C010g05802	MvSl-1064-A1-R4_MC12g10805	1774	1796	100	100	1800	93.722	3186
MinSal-1389-A1-17072018_C010g05803	MvSl-1064-A1-R4_MC13g11611	659	766	99	85	677	73.560	889
MinSal-1389-A1-17072018_C010g05808	MvSl-1064-A1-R4_MC12g10756	721	772	99	97	767	75.750	1100
MinSal-1389-A1-17072018_C010g05810	MvSl-1064-A1-R4_MC12g10798	1700	1669	99	99	1680	93.452	3037
MinSal-1389-A1-17072018_C010g05811	MvSl-1064-A1-R4_MC12g10797	939	952	98	99	945	84.868	1258
MinSal-1389-A1-17072018_C010g05812	MvSl-1064-A1-R4_MC12g10796	317	317	100	100	317	92.744	531
MinSal-1389-A1-17072018_C010g05813	MvSl-1064-A1-R4_MC12g10795	395	393	100	100	395	85.823	649
MinSal-1389-A1-17072018_C010g05814	MvSl-1064-A1-R4_MC12g10794	2536	2534	100	100	2540	94.449	4583
MinSal-1389-A1-17072018_C010g05815	MvSl-1064-A1-R4_MC12g10793	414	417	100	100	417	97.362	805
MinSal-1389-A1-17072018_C010g05816	MvSl-1064-A1-R4_MC12g10792	288	287	100	100	288	91.667	514
MinSal-1389-A1-17072018_C010g05817	MvSl-1064-A1-R4_MC12g10791	676	736	100	92	676	97.337	1358
MinSal-1389-A1-17072018_C010g05818	MvSl-1064-A1-R4_MC12g10790	1093	1089	76	75	831	93.020	1339
MinSal-1389-A1-17072018_C010g05819	MvSl-1064-A1-R4_MC12g10789	133	149	90	83	126	71.429	157
MinSal-1389-A1-17072018_C010g05820	MvSl-1064-A1-R4_MC12g10786	143	148	99	95	141	68.085	199
MinSal-1389-A1-17072018_C010g05821	MvSl-1064-A1-R4_MC12g10785	696	689	100	95	699	88.841	993
MinSal-1389-A1-17072018_C010g05822	MvSl-1064-A1-R4_MC12g10784	1208	1222	100	100	1222	97.054	2397
MinSal-1389-A1-17072018_C010g05824	MvSl-1064-A1-R4_MC12g10783	539	823	98	66	567	77.778	770
MinSal-1389-A1-17072018_C010g05825	MvSl-1064-A1-R4_MC12g10782	51	51	100	100	51	92.157	94.0
MinSal-1389-A1-17072018_C010g05826	MvSl-1064-A1-R4_MC12g10781	216	193	100	100	216	87.037	365
MinSal-1389-A1-17072018_C010g05827	MvSl-1064-A1-R4_MC12g10775	614	611	100	100	614	93.160	1092
MinSal-1389-A1-17072018_C010g05828	MvSl-1064-A1-R4_MC12g10774	500	482	99	100	511	75.342	687
MinSal-1389-A1-17072018_C010g05829	MvSl-1064-A1-R4_MC12g10773	157	150	100	100	157	92.994	298
MinSal-1389-A1-17072018_C010g05830	MvSl-1064-A1-R4_MC12g10772	43	43	100	100	43	100.000	90.1
MinSal-1389-A1-17072018_C010g05831	MvSl-1064-A1-R4_MC12g10771	409	397	97	100	397	92.947	753
MinSal-1389-A1-17072018_C010g05832	MvSl-1064-A1-R4_MC12g10770	352	347	100	100	359	90.529	626
MinSal-1389-A1-17072018_C010g05833	MvSl-1064-A1-R4_MC12g10769	289	279	100	100	289	88.927	518
MinSal-1389-A1-17072018_C010g05834	MvSl-1064-A1-R4_MC12g10768	966	951	100	100	980	87.449	1651
MinSal-1389-A1-17072018_C010g05835	MvSl-1064-A1-R4_MC12g10767	432	414	100	100	434	85.023	657
MinSal-1389-A1-17072018_C010g05837	MvSl-1064-A1-R4_MC12g10755	827	722	88	99	725	93.379	1205
MinSal-1389-A1-17072018_C010g05839	MvSl-1064-A1-R4_MC12g10753	193	289	97	60	187	90.909	336
MinSal-1389-A1-17072018_C010g05840	MvSl-1064-A1-R4_MC12g10752	987	945	100	100	988	92.713	1854
MinSal-1389-A1-17072018_C010g05841	MvSl-1064-A1-R4_MC12g10751	383	382	100	100	383	94.517	729
MinSal-1389-A1-17072018_C010g05842	MvSl-1064-A1-R4_MC12g10750	386	389	99	99	388	88.660	665
