ORTHAg00003	247	23	2	0	0	0	2
ORTHAg00068	71	1	71	0	0	0	0
ORTHAg00075	69	26	15	0	0	3	3
ORTHAg00099	65	23	1	0	3	2	2
ORTHAg00263	49	23	1	0	0	2	2
ORTHAg00345	45	27	1	0	1	2	1
ORTHAg00378	44	24	2	0	0	2	2
ORTHAg00481	42	29	1	0	1	2	2
ORTHAg00692	40	21	1	0	0	0	0
ORTHAg03600	38	36	1	0	1	1	1
ORTHAg04596	38	16	4	0	0	3	2
ORTHAg05717	36	32	1	0	0	1	1
ORTHAg06505	35	22	2	0	0	1	1
ORTHAg06825	33	30	1	0	0	1	1
ORTHAg06850	33	20	1	0	2	0	0
ORTHAg06853	33	30	1	0	1	1	1
ORTHAg06858	33	26	1	0	0	1	1
ORTHAg06917	32	32	1	0	0	1	1
ORTHAg06946	32	32	1	0	0	0	1
ORTHAg06948	32	29	1	0	0	1	1
ORTHAg06957	32	32	1	0	0	1	1
ORTHAg06979	32	30	1	0	0	1	1
ORTHAg07037	31	31	1	0	0	1	1
ORTHAg07061	31	16	2	0	0	3	1
ORTHAg07114	30	28	1	0	0	1	1
ORTHAg07119	30	30	1	0	0	1	1
ORTHAg07120	30	30	1	0	0	1	1
ORTHAg07121	30	30	1	0	0	1	1
ORTHAg07124	30	30	1	0	0	1	1
ORTHAg07126	30	30	1	0	0	1	1
ORTHAg07130	30	30	1	0	0	1	1
ORTHAg07215	29	29	1	0	0	1	1
ORTHAg07219	29	28	1	0	1	1	1
ORTHAg07229	29	15	2	0	0	3	2
ORTHAg07230	29	23	2	0	1	1	1
ORTHAg07247	29	29	1	0	0	1	1
ORTHAg07248	29	28	1	0	0	1	1
ORTHAg07302	28	28	1	0	0	1	1
ORTHAg07304	28	28	1	0	0	0	1
ORTHAg07313	28	28	1	0	0	1	1
ORTHAg07315	28	18	3	0	1	0	2
ORTHAg07392	27	23	1	0	0	1	1
ORTHAg07400	27	27	1	0	0	1	1
ORTHAg07409	27	19	1	0	1	0	0
ORTHAg07470	26	26	1	0	0	0	0
ORTHAg07475	26	24	1	0	1	1	0
ORTHAg07478	26	26	1	0	0	1	1
ORTHAg07480	26	24	1	0	0	1	1
ORTHAg07481	26	19	2	0	1	1	0
ORTHAg07493	26	20	1	0	0	1	1
ORTHAg07554	25	25	1	0	0	1	1
ORTHAg07555	25	25	1	0	0	1	0
ORTHAg07556	25	17	2	0	0	0	0
ORTHAg07557	25	16	3	0	0	3	2
ORTHAg07562	25	18	1	0	0	2	2
ORTHAg07616	24	24	1	0	0	0	0
ORTHAg07617	24	21	2	0	0	0	0
ORTHAg07618	24	24	1	0	0	1	1
ORTHAg07623	24	24	1	0	0	1	1
ORTHAg07631	24	20	1	0	0	1	2
ORTHAg07721	23	19	1	0	1	0	1
ORTHAg07722	23	22	1	0	0	1	1
ORTHAg07726	23	23	1	0	0	1	1
ORTHAg07730	23	23	1	0	0	1	1
ORTHAg07921	21	21	1	0	0	0	1
ORTHAg08009	20	20	1	0	0	0	0
ORTHAg08012	20	20	1	0	0	0	0
ORTHAg08013	20	20	1	0	0	0	0
ORTHAg08015	20	20	1	0	0	0	0
ORTHAg08029	20	20	1	0	0	1	1
ORTHAg08032	20	18	1	0	0	1	1
ORTHAg08033	20	19	1	0	0	1	1
ORTHAg08035	20	20	1	0	0	1	1
ORTHAg08158	19	19	1	0	0	0	0
ORTHAg08160	19	17	2	0	1	0	1
ORTHAg08166	19	13	1	0	0	2	2
ORTHAg08169	19	10	1	0	0	1	3
ORTHAg08172	19	18	1	0	0	0	0
ORTHAg08180	19	19	1	0	0	1	1
ORTHAg08278	18	17	1	0	0	1	1
ORTHAg08279	18	18	1	0	0	0	0
ORTHAg08281	18	18	1	0	0	1	1
ORTHAg08282	18	1	18	0	0	0	0
ORTHAg08283	18	16	1	0	1	2	0
ORTHAg08284	18	15	1	0	0	2	1
ORTHAg08286	18	16	1	0	1	1	1
ORTHAg08296	18	16	1	0	0	1	1
ORTHAg08297	18	18	1	0	0	0	0
ORTHAg08300	18	15	1	0	0	0	0
ORTHAg08421	17	17	1	0	0	1	1
ORTHAg08422	17	17	1	0	0	0	0
ORTHAg08424	17	3	15	0	0	0	0
ORTHAg08432	17	17	1	0	0	1	1
ORTHAg08435	17	17	1	0	0	0	0
ORTHAg08440	17	15	1	0	0	1	1
ORTHAg08563	16	16	1	0	0	1	1
ORTHAg08564	16	16	1	0	0	0	0
ORTHAg08565	16	16	1	0	0	1	1
ORTHAg08567	16	6	11	0	0	0	0
ORTHAg08568	16	14	2	0	0	1	0
ORTHAg08569	16	12	1	0	0	1	0
ORTHAg08572	16	16	1	0	0	0	0
ORTHAg08575	16	15	1	0	0	1	1
ORTHAg08578	16	16	1	0	0	1	1
ORTHAg08579	16	14	1	0	0	1	0
ORTHAg08580	16	16	1	0	0	0	0
ORTHAg08747	15	13	2	0	0	1	1
ORTHAg08748	15	13	1	0	0	0	1
ORTHAg08752	15	15	1	0	0	0	0
ORTHAg08909	14	14	1	0	0	0	0
ORTHAg08910	14	14	1	0	0	0	0
ORTHAg08911	14	14	1	0	0	0	0
ORTHAg08913	14	13	1	0	1	0	0
ORTHAg08915	14	14	1	0	0	0	0
ORTHAg08917	14	13	2	0	0	0	0
ORTHAg08922	14	10	2	0	0	0	1
ORTHAg09208	13	10	4	0	0	0	0
ORTHAg09216	13	9	1	0	0	2	0
ORTHAg09217	13	13	1	0	0	1	1
ORTHAg09226	13	9	1	0	0	0	0
ORTHAg09227	13	11	1	0	0	1	1
ORTHAg09230	13	13	1	0	0	1	1
ORTHAg09231	13	9	1	0	0	2	1
ORTHAg09453	12	12	1	0	0	0	0
ORTHAg09459	12	11	2	0	0	1	1
ORTHAg09462	12	9	2	0	1	0	0
ORTHAg09464	12	10	1	0	0	0	0
ORTHAg09472	12	11	1	0	0	1	1
ORTHAg09479	12	12	1	0	0	0	0
ORTHAg09807	11	11	1	0	0	0	1
ORTHAg09808	11	10	2	0	0	1	1
ORTHAg09810	11	8	4	0	0	0	0
ORTHAg09811	11	9	1	0	0	0	0
ORTHAg09817	11	11	1	0	0	0	0
ORTHAg09819	11	10	1	0	0	1	1
ORTHAg09821	11	11	1	0	0	1	0
ORTHAg09822	11	11	1	0	0	1	1
ORTHAg09824	11	11	1	0	0	1	0
ORTHAg09826	11	11	1	0	0	0	0
ORTHAg09828	11	11	1	0	0	0	0
ORTHAg09832	11	8	1	0	0	0	2
ORTHAg09838	11	11	1	0	0	0	0
ORTHAg09844	11	9	1	0	0	0	1
ORTHAg09845	11	10	1	0	0	0	0
ORTHAg09846	11	10	1	0	0	0	1
ORTHAg10129	10	5	1	0	0	0	0
ORTHAg10130	10	10	1	0	0	0	0
ORTHAg10131	10	8	1	0	0	0	0
ORTHAg10132	10	10	1	0	0	0	0
ORTHAg10135	10	10	1	0	0	0	0
ORTHAg10136	10	9	2	0	0	1	1
ORTHAg10137	10	2	9	0	0	0	0
ORTHAg10138	10	8	3	0	0	1	1
ORTHAg10139	10	9	2	0	0	1	0
ORTHAg10143	10	8	1	0	0	0	2
ORTHAg10145	10	10	1	0	0	0	0
ORTHAg10148	10	10	1	0	0	0	0
ORTHAg10152	10	10	1	0	0	0	0
ORTHAg10154	10	8	1	0	0	0	0
ORTHAg10159	10	10	1	0	0	1	0
ORTHAg10160	10	9	2	0	0	0	0
ORTHAg10162	10	8	1	0	0	1	1
ORTHAg10165	10	10	1	0	0	1	0
ORTHAg10167	10	9	1	0	0	0	0
ORTHAg10169	10	7	1	0	0	0	0
ORTHAg10175	10	10	1	0	1	0	0
ORTHAg10624	9	2	8	0	0	0	0
ORTHAg10625	9	1	9	0	0	0	0
ORTHAg10627	9	6	4	0	0	0	0
ORTHAg10628	9	8	1	0	0	1	1
ORTHAg10634	9	9	1	0	0	0	0
ORTHAg10635	9	7	1	0	0	0	0
ORTHAg10639	9	9	1	0	0	0	0
ORTHAg10640	9	9	1	0	0	0	0
ORTHAg10642	9	9	1	0	0	0	0
ORTHAg10643	9	9	1	0	0	1	1
ORTHAg10645	9	8	2	0	0	0	0
ORTHAg10651	9	9	1	0	1	0	0
ORTHAg10659	9	9	1	0	0	0	0
ORTHAg10660	9	9	1	0	0	0	0
ORTHAg10667	9	8	1	0	0	0	0
ORTHAg10669	9	8	1	0	0	1	1
ORTHAg10670	9	9	1	0	0	0	0
ORTHAg11107	8	8	1	0	0	0	0
ORTHAg11110	8	8	1	0	0	0	0
ORTHAg11112	8	4	1	0	0	0	0
ORTHAg11113	8	2	7	0	0	0	0
ORTHAg11114	8	1	8	0	0	0	0
ORTHAg11115	8	3	6	0	0	0	0
ORTHAg11118	8	7	2	0	0	1	1
ORTHAg11126	8	8	1	0	0	0	0
ORTHAg11132	8	7	1	0	0	1	0
ORTHAg11135	8	8	1	0	0	0	0
ORTHAg11136	8	8	1	0	0	0	0
ORTHAg11138	8	8	1	0	0	1	0
ORTHAg11144	8	8	1	0	0	1	1
ORTHAg11147	8	8	1	0	0	0	0
ORTHAg11148	8	7	1	0	0	0	1
ORTHAg11151	8	8	1	0	0	1	0
ORTHAg11154	8	8	1	0	0	0	0
ORTHAg11160	8	5	1	0	0	0	0
ORTHAg11912	7	7	1	0	0	0	0
ORTHAg11913	7	2	5	0	0	0	0
ORTHAg11914	7	3	4	0	0	0	0
ORTHAg11915	7	3	5	0	0	0	0
ORTHAg11917	7	6	1	0	0	1	1
ORTHAg11918	7	6	2	0	0	0	0
ORTHAg11922	7	7	1	0	0	0	1
ORTHAg11924	7	6	1	0	0	0	0
ORTHAg11925	7	6	1	0	0	0	0
ORTHAg11927	7	7	1	0	0	0	0
ORTHAg11930	7	7	1	0	0	0	0
ORTHAg11934	7	7	1	0	0	0	0
ORTHAg11937	7	7	1	0	0	0	0
ORTHAg11939	7	6	1	0	0	0	0
ORTHAg11944	7	7	1	0	0	1	1
ORTHAg11952	7	7	1	0	0	0	1
ORTHAg11955	7	7	1	0	0	0	0
ORTHAg11956	7	7	1	0	0	1	1
ORTHAg11959	7	6	1	0	0	1	0
ORTHAg11964	7	2	1	0	0	0	0
ORTHAg11965	7	6	1	0	0	0	0
ORTHAg12791	6	6	1	0	0	0	0
ORTHAg12793	6	6	1	0	0	0	0
ORTHAg12794	6	6	1	0	0	0	0
ORTHAg12795	6	6	1	0	0	0	0
ORTHAg12797	6	6	1	0	0	0	0
ORTHAg12798	6	6	1	0	0	0	0
ORTHAg12802	6	6	1	0	0	0	0
ORTHAg12806	6	6	1	0	0	0	0
ORTHAg12811	6	1	6	0	0	0	0
ORTHAg12813	6	5	2	0	0	0	1
ORTHAg12814	6	1	6	0	0	0	0
ORTHAg12815	6	4	3	0	1	0	0
ORTHAg12816	6	2	5	0	0	0	0
ORTHAg12817	6	1	6	0	0	0	0
ORTHAg12818	6	1	6	0	0	0	0
ORTHAg12819	6	6	1	0	0	0	0
ORTHAg12824	6	6	1	0	0	0	0
ORTHAg12836	6	6	1	0	0	0	0
ORTHAg12842	6	4	1	0	0	0	0
ORTHAg12845	6	6	1	0	1	0	0
ORTHAg12849	6	6	1	0	0	1	1
ORTHAg12858	6	6	1	0	0	1	0
ORTHAg12863	6	6	1	0	0	0	0
ORTHAg12879	6	6	1	0	0	0	0
ORTHAg12883	6	5	1	0	0	0	0
ORTHAg14502	5	5	1	0	0	0	0
ORTHAg14511	5	1	5	0	0	0	0
ORTHAg14512	5	4	2	0	0	0	0
ORTHAg14513	5	3	3	0	0	1	1
ORTHAg14515	5	3	3	0	0	0	0
ORTHAg14516	5	3	3	0	0	0	0
ORTHAg14517	5	5	1	0	0	0	0
ORTHAg14518	5	2	2	0	0	0	0
ORTHAg14521	5	5	1	0	0	0	0
ORTHAg14523	5	5	1	0	0	0	0
ORTHAg14524	5	4	2	0	0	0	0
ORTHAg14529	5	5	1	0	0	0	0
ORTHAg14535	5	4	1	0	0	0	0
ORTHAg14536	5	5	1	0	0	0	0
ORTHAg14538	5	5	1	0	0	0	0
ORTHAg14541	5	5	1	0	0	0	0
ORTHAg14547	5	5	1	0	0	0	0
ORTHAg14548	5	5	1	0	0	1	0
ORTHAg14552	5	5	1	0	0	0	0
ORTHAg14554	5	5	1	0	0	0	0
ORTHAg14561	5	5	1	0	0	0	0
ORTHAg14563	5	5	1	0	0	0	0
ORTHAg14566	5	5	1	0	0	0	1
ORTHAg14567	5	5	1	0	0	0	0
ORTHAg14568	5	5	1	0	0	0	0
ORTHAg14569	5	5	1	0	0	1	1
ORTHAg14570	5	5	1	0	0	0	0
ORTHAg14578	5	4	1	0	0	0	0
ORTHAg16058	4	4	1	0	0	0	0
ORTHAg16059	4	4	1	0	0	0	0
ORTHAg16060	4	4	1	0	0	0	0
ORTHAg16061	4	4	1	0	0	0	0
ORTHAg16063	4	4	1	0	0	0	0
ORTHAg16064	4	4	1	0	0	0	0
ORTHAg16069	4	4	1	0	0	0	0
ORTHAg16076	4	1	4	0	0	0	0
ORTHAg16077	4	3	2	0	0	0	0
ORTHAg16078	4	3	2	0	0	0	0
ORTHAg16079	4	1	4	0	0	0	0
ORTHAg16080	4	1	4	0	0	0	0
ORTHAg16081	4	2	2	0	0	0	0
ORTHAg16082	4	1	4	0	0	0	0
ORTHAg16091	4	4	1	0	0	0	0
ORTHAg16093	4	4	1	0	0	1	1
ORTHAg16096	4	4	1	0	0	0	0
ORTHAg16101	4	4	1	0	0	0	1
ORTHAg16108	4	4	1	0	0	0	1
ORTHAg16111	4	4	1	0	0	0	0
ORTHAg16112	4	4	1	0	0	0	0
ORTHAg16118	4	4	1	0	0	0	1
ORTHAg16120	4	4	1	0	0	0	0
ORTHAg16121	4	4	1	0	0	0	0
ORTHAg16122	4	4	1	0	0	0	0
ORTHAg16123	4	4	1	0	0	0	0
ORTHAg16124	4	4	1	0	0	0	0
ORTHAg16125	4	4	1	0	0	0	0
ORTHAg16126	4	4	1	0	0	0	0
ORTHAg16127	4	4	1	0	0	0	0
ORTHAg16128	4	4	1	0	0	0	0
ORTHAg16130	4	4	1	0	0	0	0
ORTHAg16131	4	3	1	0	0	0	0
ORTHAg16132	4	4	1	0	0	0	0
ORTHAg16133	4	4	1	0	0	0	0
ORTHAg16135	4	4	1	0	0	0	0
ORTHAg16138	4	4	1	0	0	0	0
ORTHAg16144	4	4	1	0	1	0	0
ORTHAg16145	4	4	1	0	0	0	0
ORTHAg16146	4	4	1	0	0	0	0
ORTHAg16147	4	3	1	0	0	0	0
ORTHAg16148	4	4	1	0	0	0	0
ORTHAg16152	4	4	1	0	0	0	0
ORTHAg16154	4	4	1	0	0	0	0
ORTHAg16156	4	4	1	0	0	0	0
ORTHAg16158	4	4	1	0	0	0	0
ORTHAg16160	4	4	1	0	0	0	0
ORTHAg16162	4	4	1	0	0	0	0
ORTHAg16163	4	4	1	0	1	0	0
ORTHAg18961	3	3	1	0	0	0	0
ORTHAg18966	3	3	1	0	0	0	0
ORTHAg18974	3	3	1	0	0	0	0
ORTHAg18975	3	3	1	0	0	0	0
ORTHAg18987	3	3	1	0	0	0	0
ORTHAg18990	3	3	1	0	0	0	0
ORTHAg18993	3	3	1	0	0	0	0
ORTHAg19007	3	1	3	0	0	0	0
ORTHAg19008	3	1	3	0	0	0	0
ORTHAg19009	3	1	3	0	0	0	0
ORTHAg19010	3	1	3	0	0	0	0
ORTHAg19011	3	1	3	0	0	0	0
ORTHAg19012	3	2	2	0	0	0	0
ORTHAg19013	3	1	3	0	0	0	0
ORTHAg19014	3	1	3	0	0	0	0
ORTHAg19015	3	1	3	0	0	0	0
ORTHAg19016	3	2	2	0	0	0	0
ORTHAg19017	3	3	1	0	0	0	0
ORTHAg19018	3	1	3	0	0	0	0
ORTHAg19019	3	3	1	0	1	0	0
ORTHAg19020	3	1	3	0	0	0	0
ORTHAg19021	3	1	3	0	0	0	0
ORTHAg19022	3	1	3	0	0	0	0
ORTHAg19023	3	1	3	0	0	0	0
ORTHAg19024	3	2	2	0	0	0	0
ORTHAg19025	3	1	3	0	0	0	0
ORTHAg19026	3	1	3	0	0	0	0
ORTHAg19027	3	1	3	0	0	0	0
ORTHAg19043	3	3	1	0	0	0	0
ORTHAg19046	3	3	1	0	0	0	0
ORTHAg19052	3	3	1	0	0	0	0
ORTHAg19053	3	3	1	0	0	0	0
ORTHAg19054	3	3	1	0	0	0	0
ORTHAg19056	3	3	1	0	0	0	0
ORTHAg19060	3	3	1	0	0	0	0
ORTHAg19067	3	3	1	0	1	0	0
ORTHAg19071	3	3	1	0	0	1	0
ORTHAg19073	3	3	1	0	0	0	0
ORTHAg19074	3	3	1	0	0	0	0
ORTHAg19078	3	3	1	0	0	0	0
ORTHAg19079	3	3	1	0	0	0	0
ORTHAg19080	3	2	1	0	0	0	0
ORTHAg19088	3	3	1	0	0	0	0
ORTHAg19089	3	3	1	0	0	0	0
ORTHAg19091	3	3	1	0	1	0	0
ORTHAg19094	3	3	1	0	0	0	0
ORTHAg19096	3	3	1	0	0	0	0
ORTHAg19098	3	3	1	0	0	0	0
ORTHAg19100	3	3	1	0	0	0	0
ORTHAg19102	3	3	1	0	0	0	0
ORTHAg19103	3	2	1	0	0	0	0
ORTHAg19104	3	3	1	0	0	0	0
ORTHAg19106	3	3	1	0	0	0	0
ORTHAg19108	3	3	1	0	0	0	0
ORTHAg19110	3	3	1	0	0	0	0
ORTHAg19111	3	3	1	0	0	0	0
ORTHAg19112	3	3	1	0	0	0	0
ORTHAg25465	2	2	1	0	0	0	0
ORTHAg26016	2	1	2	0	0	0	0
ORTHAg26017	2	1	2	0	0	0	0
ORTHAg26018	2	1	2	0	0	0	0
ORTHAg26019	2	1	2	0	0	0	0
ORTHAg26020	2	1	2	0	0	0	0
ORTHAg26021	2	1	2	0	0	0	0
ORTHAg26022	2	1	2	0	0	0	0
ORTHAg26023	2	1	2	0	0	0	0
ORTHAg26024	2	1	2	0	0	0	0
ORTHAg26025	2	1	2	0	0	0	0
ORTHAg26026	2	1	2	0	0	0	0
ORTHAg26027	2	1	2	0	0	0	0
ORTHAg26028	2	1	2	0	0	0	0
ORTHAg26029	2	1	2	0	0	0	0
ORTHAg26030	2	1	2	0	0	0	0
ORTHAg26031	2	1	2	0	0	0	0
ORTHAg26032	2	1	2	0	0	0	0
ORTHAg26033	2	1	2	0	0	0	0
ORTHAg26034	2	1	2	0	0	0	0
ORTHAg26035	2	1	2	0	0	0	0
ORTHAg26036	2	1	2	0	0	0	0
ORTHAg26037	2	1	2	0	0	0	0
ORTHAg26038	2	1	2	0	0	0	0
ORTHAg26039	2	1	2	0	0	0	0
ORTHAg26040	2	1	2	0	0	0	0
ORTHAg26041	2	1	2	0	0	0	0
ORTHAg26042	2	1	2	0	0	0	0
ORTHAg26043	2	1	2	0	0	0	0
ORTHAg26044	2	1	2	0	0	0	0
ORTHAg26045	2	1	2	0	0	0	0
ORTHAg26046	2	1	2	0	0	0	0
ORTHAg26047	2	1	2	0	0	0	0
ORTHAg26048	2	1	2	0	0	0	0
ORTHAg26049	2	1	2	0	0	0	0
ORTHAg26050	2	1	2	0	0	0	0
ORTHAg26066	2	2	1	0	0	0	0
ORTHAg26067	2	2	1	0	0	0	0
ORTHAg26071	2	2	1	0	0	0	0
ORTHAg26072	2	2	1	0	0	0	0
ORTHAg26075	2	2	1	0	0	0	0
ORTHAg26078	2	2	1	0	0	0	0
ORTHAg26080	2	2	1	0	0	0	0
ORTHAg26081	2	2	1	0	0	0	0
ORTHAg26083	2	2	1	0	0	0	0
ORTHAg26084	2	2	1	0	0	0	0
ORTHAg26085	2	2	1	0	0	0	0
ORTHAg26086	2	2	1	0	0	0	0
ORTHAg26089	2	2	1	0	0	0	0
ORTHAg26090	2	2	1	0	0	0	0
ORTHAg26091	2	2	1	0	0	0	0
ORTHAg26093	2	2	1	0	0	0	0
ORTHAg26094	2	2	1	0	0	0	0
ORTHAg26095	2	2	1	0	0	0	0
ORTHAg26097	2	2	1	0	0	0	0
ORTHAg26104	2	2	1	0	0	0	0
ORTHAg26105	2	2	1	0	0	0	0
ORTHAg26106	2	2	1	0	0	0	0
ORTHAg26107	2	2	1	0	0	0	0
ORTHAg26108	2	2	1	0	0	0	0
ORTHAg26109	2	2	1	0	0	0	0
ORTHAg26110	2	2	1	0	0	0	0
ORTHAg26111	2	2	1	0	0	0	0
ORTHAg26112	2	2	1	0	0	0	0
ORTHAg26124	2	2	1	0	0	0	0
ORTHAg26125	2	2	1	0	0	0	0
ORTHAg26128	2	2	1	0	0	0	0
ORTHAg26129	2	2	1	0	0	0	0
ORTHAg26133	2	2	1	0	0	0	0
ORTHAg26143	2	2	1	0	0	0	0
ORTHAg26146	2	2	1	0	0	0	0
ORTHAg26147	2	2	1	0	0	0	0
ORTHAg26149	2	2	1	0	0	0	0
ORTHAg26156	2	2	1	0	0	0	0
ORTHAg26157	2	2	1	0	0	0	0
ORTHAg26159	2	2	1	0	0	0	0
ORTHAg26160	2	2	1	0	0	0	0
ORTHAg26163	2	2	1	0	0	0	0
ORTHAg26164	2	2	1	0	0	0	0
ORTHAg26166	2	2	1	0	0	0	0
ORTHAg26169	2	2	1	0	0	0	0
ORTHAg26170	2	2	1	0	0	0	0
ORTHAg26171	2	2	1	0	0	0	0
ORTHAg26172	2	2	1	0	0	0	0
ORTHAg26173	2	2	1	0	0	0	0
ORTHAg26177	2	2	1	0	0	0	0
ORTHAg26178	2	2	1	0	0	0	0
ORTHAg26186	2	2	1	0	0	0	0
ORTHAg26188	2	2	1	0	0	0	0
ORTHAg26191	2	2	1	0	0	0	0
ORTHAg26196	2	2	1	0	0	0	0
ORTHAg26197	2	2	1	0	0	0	0
ORTHAg26199	2	2	1	0	0	0	0
ORTHAg26203	2	2	1	0	0	0	0
ORTHAg26204	2	2	1	0	0	0	0
ORTHAg26206	2	2	1	0	0	0	0
ORTHAg26207	2	2	1	0	0	0	0
ORTHAg26214	2	2	1	0	0	0	0
ORTHAg26215	2	2	1	0	0	0	0
ORTHAg26219	2	2	1	0	0	0	0
