MinSal-1389-A1-17072018_C013g08324	MvSl-1064-A1-R4_MC01-1g01702	56	54	93	98	53	60.377	55.8
MinSal-1389-A1-17072018_C013g08335	MvSl-1064-A1-R4_A1g00004	601	627	91	89	562	84.932	912
MinSal-1389-A1-17072018_C013g08336	MvSl-1064-A1-R4_A1g00005	260	273	100	100	276	78.623	385
MinSal-1389-A1-17072018_C013g08337	MvSl-1064-A1-R4_A1g00006	138	138	100	100	138	97.101	274
MinSal-1389-A1-17072018_C013g08338	MvSl-1064-A1-R4_A1g00007	1042	1001	98	100	1037	84.474	1407
MinSal-1389-A1-17072018_C013g08339	MvSl-1064-A1-R4_A1g00008	535	555	100	100	565	80.354	672
MinSal-1389-A1-17072018_C013g08340	MvSl-1064-A1-R4_A1g00009	393	379	99	98	398	85.176	554
MinSal-1389-A1-17072018_C013g08342	MvSl-1064-A1-R4_A1g00032	456	517	97	74	407	76.371	588
MinSal-1389-A1-17072018_C013g08343	MvSl-1064-A1-R4_A1g00033	228	266	100	100	266	82.331	407
MinSal-1389-A1-17072018_C013g08344	MvSl-1064-A1-R4_A1g00035	417	461	100	100	461	74.187	678
MinSal-1389-A1-17072018_C013g08345	MvSl-1064-A1-R4_A1g00036	415	397	100	100	415	89.880	645
MinSal-1389-A1-17072018_C013g08346	MvSl-1064-A1-R4_A1g00037	806	806	100	100	806	95.037	1540
MinSal-1389-A1-17072018_C013g08347	MvSl-1064-A1-R4_A1g00038	194	193	100	81	194	71.649	250
MinSal-1389-A1-17072018_C013g08349	MvSl-1064-A1-R4_A1g00039	653	611	100	100	653	90.658	1191
MinSal-1389-A1-17072018_C013g08350	MvSl-1064-A1-R4_A1g00040	374	360	93	100	364	72.752	499
MinSal-1389-A1-17072018_C013g08353	MvSl-1064-A1-R4_A1g00046	273	292	100	97	283	90.459	502
MinSal-1389-A1-17072018_C013g08354	MvSl-1064-A1-R4_A1g00047	379	299	78	99	297	91.919	466
MinSal-1389-A1-17072018_C013g08355	MvSl-1064-A1-R4_A1g00048	523	523	99	100	526	85.361	805
MinSal-1389-A1-17072018_C013g08356	MvSl-1064-A1-R4_A1g00049	867	873	100	100	917	74.264	1195
MinSal-1389-A1-17072018_C013g08357	MvSl-1064-A1-R4_A1g00050	1465	1493	100	99	1489	91.672	2667
MinSal-1389-A1-17072018_C013g08358	MvSl-1064-A1-R4_A1g00051	358	358	100	100	358	96.369	712
MinSal-1389-A1-17072018_C013g08360	MvSl-1064-A1-R4_A1g00053	372	418	100	100	421	74.347	594
MinSal-1389-A1-17072018_C013g08361	MvSl-1064-A1-R4_A1g00054	413	388	100	99	413	85.956	725
MinSal-1389-A1-17072018_C013g08362	MvSl-1064-A1-R4_A1g00055	328	428	95	79	324	86.842	375
MinSal-1389-A1-17072018_C013g08363	MvSl-1064-A1-R4_A1g00056	576	576	100	100	588	90.136	1056
MinSal-1389-A1-17072018_C013g08364	MvSl-1064-A1-R4_A1g00057	106	107	85	84	90	93.333	150
MinSal-1389-A1-17072018_C013g08366	MvSl-1064-A1-R4_A1g00061	219	219	100	100	219	95.890	436
MinSal-1389-A1-17072018_C013g08367	MvSl-1064-A1-R4_A1g00062	698	714	99	99	715	81.399	988
MinSal-1389-A1-17072018_C013g08368	MvSl-1064-A1-R4_A1g00063	322	316	100	100	326	84.663	540
MinSal-1389-A1-17072018_C013g08370	MvSl-1064-A1-R4_A1g00065	629	649	100	100	661	87.141	1144
MinSal-1389-A1-17072018_C013g08371	MvSl-1064-A1-R4_A1g00066	163	184	99	74	137	89.571	273
MinSal-1389-A1-17072018_C013g08372	MvSl-1064-A1-R4_A1g00067	454	451	100	100	456	88.816	832
MinSal-1389-A1-17072018_C013g08373	MvSl-1064-A1-R4_A1g00068	396	397	100	100	397	92.191	679
MinSal-1389-A1-17072018_C013g08374	MvSl-1064-A1-R4_A1g00069	1441	1429	100	100	1442	94.868	2339
MinSal-1389-A1-17072018_C013g08375	MvSl-1064-A1-R4_A1g00070	918	918	98	100	902	90.683	1488
MinSal-1389-A1-17072018_C013g08376	MvSl-1064-A1-R4_A1g00071	495	495	100	100	495	92.525	919
MinSal-1389-A1-17072018_C013g08377	MvSl-1064-A1-R4_A1g00072	589	663	100	100	663	84.766	1098
MinSal-1389-A1-17072018_C013g08379	MvSl-1064-A1-R4_A1g00073	377	375	99	99	375	88.267	533
MinSal-1389-A1-17072018_C013g08380	MvSl-1064-A1-R4_A1g00074	581	613	100	88	606	81.188	981
MinSal-1389-A1-17072018_C013g08383	MvSl-1064-A1-R4_MC01-1g02585	130	120	79	80	106	63.208	124
MinSal-1389-A1-17072018_C013g08385	MvSl-1064-A1-R4_MC02g04044	517	326	61	100	340	74.344	477
MinSal-1389-A1-17072018_C013g08386	MvSl-1064-A1-R4_A1g00075	447	433	95	98	426	89.906	783
MinSal-1389-A1-17072018_C013g08387	MvSl-1064-A1-R4_A1g00076	862	859	100	100	875	85.943	1460
MinSal-1389-A1-17072018_C013g08388	MvSl-1064-A1-R4_A1g00077	578	460	74	90	438	79.425	568
MinSal-1389-A1-17072018_C013g08389	MvSl-1064-A1-R4_A1g00078	153	153	100	100	153	93.464	295
MinSal-1389-A1-17072018_C013g08390	MvSl-1064-A1-R4_A1g00079	1363	1388	99	99	1386	89.496	2376
MinSal-1389-A1-17072018_C013g08392	MvSl-1064-A1-R4_A1g00081	389	363	100	100	412	70.631	525
MinSal-1389-A1-17072018_C013g08394	MvSl-1064-A1-R4_MC14g11967	163	109	66	98	107	91.589	205
MinSal-1389-A1-17072018_C013g08396	MvSl-1064-A1-R4_MC06g06890	1188	1379	100	90	1242	91.948	2328
MinSal-1389-A1-17072018_C013g08404	MvSl-1064-A1-R4_A1g00109	236	238	61	95	144	78.151	265
MinSal-1389-A1-17072018_C013g08405	MvSl-1064-A1-R4_A1g00110	860	856	100	100	860	94.884	1446
MinSal-1389-A1-17072018_C013g08406	MvSl-1064-A1-R4_A1g00111	49	40	76	93	37	83.784	66.2
MinSal-1389-A1-17072018_C013g08407	MvSl-1064-A1-R4_MC12g10921	1323	1324	100	100	1329	93.378	2543
MinSal-1389-A1-17072018_C013g08408	MvSl-1064-A1-R4_A1g00113	902	899	100	100	904	96.350	1764
MinSal-1389-A1-17072018_C013g08410	MvSl-1064-A1-R4_A1g00367	563	543	96	99	543	96.501	1041
MinSal-1389-A1-17072018_C013g08411	MvSl-1064-A1-R4_MC01-2g02974	38	38	100	100	38	92.105	74.7
MinSal-1389-A1-17072018_C013g08413	MvSl-1064-A1-R4_A1g00368	399	400	99	100	400	96.500	783
MinSal-1389-A1-17072018_C013g08414	MvSl-1064-A1-R4_A1g00369	640	649	100	100	649	92.604	1186
MinSal-1389-A1-17072018_C013g08415	MvSl-1064-A1-R4_A1g00370	651	678	100	100	678	89.823	1207
MinSal-1389-A1-17072018_C013g08416	MvSl-1064-A1-R4_A1g00371	974	1141	100	88	1023	88.465	1654
MinSal-1389-A1-17072018_C013g08417	MvSl-1064-A1-R4_A1g00372	916	877	100	100	935	86.845	1542
MinSal-1389-A1-17072018_C013g08418	MvSl-1064-A1-R4_A1g00373	388	354	100	100	388	86.856	600
MinSal-1389-A1-17072018_C013g08419	MvSl-1064-A1-R4_A1g00374	716	703	100	100	716	95.810	1414
MinSal-1389-A1-17072018_C013g08420	MvSl-1064-A1-R4_A1g00380	72	72	100	100	72	97.222	145
MinSal-1389-A1-17072018_C013g08421	MvSl-1064-A1-R4_A1g00384	57	74	100	100	74	74.324	99.0
MinSal-1389-A1-17072018_C013g08428	MvSl-1064-A1-R4_A1g00389	306	385	99	78	308	89.286	522
MinSal-1389-A1-17072018_C013g08429	MvSl-1064-A1-R4_A1g00390	377	377	100	100	377	95.756	621
MinSal-1389-A1-17072018_C013g08430	MvSl-1064-A1-R4_A1g00391	602	588	100	100	619	86.430	999
MinSal-1389-A1-17072018_C013g08432	MvSl-1064-A1-R4_A1g00394	114	114	100	100	114	94.737	195
MinSal-1389-A1-17072018_C013g08433	MvSl-1064-A1-R4_A1g00395	1364	1363	100	100	1371	93.363	2491
MinSal-1389-A1-17072018_C013g08434	MvSl-1064-A1-R4_A1g00396	293	293	99	99	292	94.521	561
MinSal-1389-A1-17072018_C013g08435	MvSl-1064-A1-R4_A1g00397	165	124	100	100	165	64.242	170
MinSal-1389-A1-17072018_C013g08436	MvSl-1064-A1-R4_A1g00398	127	123	100	100	127	92.126	227
MinSal-1389-A1-17072018_C013g08437	MvSl-1064-A1-R4_A1g00399	160	160	100	100	160	98.750	327
MinSal-1389-A1-17072018_C013g08438	MvSl-1064-A1-R4_A1g00400	812	787	100	100	817	85.312	1344
MinSal-1389-A1-17072018_C013g08439	MvSl-1064-A1-R4_A1g00401	311	331	93	65	251	62.319	330
MinSal-1389-A1-17072018_C013g08441	MvSl-1064-A1-R4_A1g00403	1361	1342	100	100	1372	95.117	2679
MinSal-1389-A1-17072018_C013g08442	MvSl-1064-A1-R4_A1g00404	217	266	100	100	266	73.684	390
MinSal-1389-A1-17072018_C013g08443	MvSl-1064-A1-R4_A1g00405	545	548	100	100	551	88.385	872
MinSal-1389-A1-17072018_C013g08444	MvSl-1064-A1-R4_A1g00406	179	179	99	99	178	91.573	318
MinSal-1389-A1-17072018_C013g08449	MvSl-1064-A1-R4_A1g01261	2319	2309	100	100	2321	94.701	4321
MinSal-1389-A1-17072018_C013g08450	MvSl-1064-A1-R4_A1g00669	684	711	100	100	711	90.717	1072
MinSal-1389-A1-17072018_C013g08451	MvSl-1064-A1-R4_A1g00668	613	651	99	99	652	88.650	1127
MinSal-1389-A1-17072018_C013g08454	MvSl-1064-A1-R4_A1g01252	321	321	100	100	321	96.885	609
MinSal-1389-A1-17072018_C013g08455	MvSl-1064-A1-R4_A1g01253	175	182	100	93	181	77.348	271
MinSal-1389-A1-17072018_C013g08469	MvSl-1064-A1-R4_A1g00624	216	256	100	84	216	94.444	424
MinSal-1389-A1-17072018_C013g08470	MvSl-1064-A1-R4_MC03g05188	95	138	100	69	95	89.474	179
MinSal-1389-A1-17072018_C013g08471	MvSl-1064-A1-R4_MC14g11748	832	819	99	100	829	90.953	1499
MinSal-1389-A1-17072018_C013g08472	MvSl-1064-A1-R4_A1g01317	315	270	80	99	268	92.164	498
MinSal-1389-A1-17072018_C013g08473	MvSl-1064-A1-R4_A1g00175	773	840	100	95	794	92.065	1377
MinSal-1389-A1-17072018_C013g08484	MvSl-1064-A1-R4_MC08g08476	1000	1019	97	99	1023	73.509	1447
MinSal-1389-A1-17072018_C013g08485	MvSl-1064-A1-R4_A1g00960	227	227	100	100	227	96.035	444
MinSal-1389-A1-17072018_C013g08486	MvSl-1064-A1-R4_A1g00958	670	649	100	100	674	87.834	1025
MinSal-1389-A1-17072018_C013g08487	MvSl-1064-A1-R4_A1g00957	236	237	100	100	237	90.295	428
MinSal-1389-A1-17072018_C013g08488	MvSl-1064-A1-R4_A1g00956	769	766	100	100	771	88.197	1085
MinSal-1389-A1-17072018_C013g08490	MvSl-1064-A1-R4_A1g00922	580	456	76	99	438	86.017	525
MinSal-1389-A1-17072018_C013g08491	MvSl-1064-A1-R4_A1g00921	572	552	99	97	566	92.049	1046
MinSal-1389-A1-17072018_C013g08492	MvSl-1064-A1-R4_A1g00920	2049	1991	80	83	1651	93.156	2788
MinSal-1389-A1-17072018_C013g08493	MvSl-1064-A1-R4_A1g00913	1262	1231	98	100	1257	92.681	2101
MinSal-1389-A1-17072018_C013g08494	MvSl-1064-A1-R4_A1g00912	313	341	100	100	341	85.044	563
MinSal-1389-A1-17072018_C013g08495	MvSl-1064-A1-R4_A1g00911	87	87	86	90	75	94.872	157
MinSal-1389-A1-17072018_C013g08496	MvSl-1064-A1-R4_MC01-1g01930	86	78	91	92	78	75.641	100
MinSal-1389-A1-17072018_C013g08497	MvSl-1064-A1-R4_A1g00794	97	113	100	100	124	68.548	160
MinSal-1389-A1-17072018_C013g08499	MvSl-1064-A1-R4_MC01-2g03117	551	565	100	100	580	88.793	1022
MinSal-1389-A1-17072018_C013g08500	MvSl-1064-A1-R4_MC01-2g03118	171	219	100	100	220	60.000	229
MinSal-1389-A1-17072018_C013g08501	MvSl-1064-A1-R4_MC01-2g03119	167	188	100	100	189	67.196	241
MinSal-1389-A1-17072018_C013g08502	MvSl-1064-A1-R4_A1g00644	737	789	99	99	783	86.735	1187
MinSal-1389-A1-17072018_C013g08503	MvSl-1064-A1-R4_A1g00645	831	842	100	99	863	89.224	1430
MinSal-1389-A1-17072018_C013g08504	MvSl-1064-A1-R4_A1g00646	696	696	100	100	696	94.109	1203
MinSal-1389-A1-17072018_C013g08505	MvSl-1064-A1-R4_A1g00647	246	286	100	86	248	94.355	470
MinSal-1389-A1-17072018_C013g08506	MvSl-1064-A1-R4_A1g00648	505	502	100	100	505	94.257	931
MinSal-1389-A1-17072018_C013g08508	MvSl-1064-A1-R4_A1g01129	754	756	100	100	756	93.651	1427
MinSal-1389-A1-17072018_C013g08510	MvSl-1064-A1-R4_A1g00311	1498	1497	100	100	1498	96.262	2924
MinSal-1389-A1-17072018_C013g08511	MvSl-1064-A1-R4_A1g00312	159	159	100	100	159	90.566	298
MinSal-1389-A1-17072018_C013g08514	MvSl-1064-A1-R4_A1g00869	601	609	99	100	609	95.895	1202
MinSal-1389-A1-17072018_C013g08520	MvSl-1064-A1-R4_MC07g07973	444	413	99	99	458	60.262	464
MinSal-1389-A1-17072018_C013g08521	MvSl-1064-A1-R4_A1g00778	834	827	100	100	834	94.724	1574
MinSal-1389-A1-17072018_C013g08522	MvSl-1064-A1-R4_A1g00779	952	1011	97	91	925	97.946	1850
MinSal-1389-A1-17072018_C013g08525	MvSl-1064-A1-R4_A1g01234	644	647	100	100	647	94.900	1192
MinSal-1389-A1-17072018_C013g08527	MvSl-1064-A1-R4_A1g00895	276	250	100	100	276	83.696	342
MinSal-1389-A1-17072018_C013g08528	MvSl-1064-A1-R4_A1g00211	860	827	100	100	860	93.140	1618
MinSal-1389-A1-17072018_C013g08529	MvSl-1064-A1-R4_A1g00241	332	346	98	100	324	91.040	482
MinSal-1389-A1-17072018_C013g08530	MvSl-1064-A1-R4_A1g00242	191	191	100	100	191	97.382	386
MinSal-1389-A1-17072018_C013g08533	MvSl-1064-A1-R4_MC07g07694	70	77	81	70	57	70.175	74.3
MinSal-1389-A1-17072018_C013g08534	MvSl-1064-A1-R4_A1g00264	36	45	94	76	34	91.176	62.8
MinSal-1389-A1-17072018_C013g08537	MvSl-1064-A1-R4_A1g00245	94	94	100	100	94	96.809	178
MinSal-1389-A1-17072018_C013g08538	MvSl-1064-A1-R4_A1g00246	344	344	100	100	344	96.802	680
MinSal-1389-A1-17072018_C013g08540	MvSl-1064-A1-R4_A1g00269	1021	1021	100	100	1021	96.866	2004
MinSal-1389-A1-17072018_C013g08541	MvSl-1064-A1-R4_A1g00270	398	380	100	100	398	92.714	754
MinSal-1389-A1-17072018_C013g08542	MvSl-1064-A1-R4_A1g00292	593	547	100	100	593	89.545	1074
MinSal-1389-A1-17072018_C013g08543	MvSl-1064-A1-R4_A1g00290	1078	1078	100	100	1078	97.032	2174
MinSal-1389-A1-17072018_C013g08545	MvSl-1064-A1-R4_MC12g11172	997	997	100	100	997	97.192	1957
MinSal-1389-A1-17072018_C013g08546	MvSl-1064-A1-R4_A1g00693	320	334	100	100	334	92.814	630
MinSal-1389-A1-17072018_C013g08547	MvSl-1064-A1-R4_A1g00694	782	781	100	100	784	93.257	1362
MinSal-1389-A1-17072018_C013g08548	MvSl-1064-A1-R4_A1g00720	152	149	96	83	154	72.078	195
MinSal-1389-A1-17072018_C013g08549	MvSl-1064-A1-R4_MC11g10215	1295	1241	97	99	1250	95.680	2351
MinSal-1389-A1-17072018_C013g08550	MvSl-1064-A1-R4_A1g00718	460	460	100	100	460	96.522	917
MinSal-1389-A1-17072018_C013g08551	MvSl-1064-A1-R4_A1g00254	743	738	100	100	743	95.693	1446
MinSal-1389-A1-17072018_C013g08552	MvSl-1064-A1-R4_A1g00359	346	340	100	100	352	92.898	647
MinSal-1389-A1-17072018_C013g08554	MvSl-1064-A1-R4_A1g00281	1239	1324	99	92	1223	95.012	2266
MinSal-1389-A1-17072018_C013g08555	MvSl-1064-A1-R4_A1g00280	1441	1470	100	100	1470	94.694	2856
MinSal-1389-A1-17072018_C013g08556	MvSl-1064-A1-R4_A1g00193	492	467	78	82	383	97.389	768
MinSal-1389-A1-17072018_C013g08557	MvSl-1064-A1-R4_A1g00433	566	565	100	100	566	92.049	1038
MinSal-1389-A1-17072018_C013g08558	MvSl-1064-A1-R4_A1g00432	97	97	100	100	97	91.753	177
MinSal-1389-A1-17072018_C013g08559	MvSl-1064-A1-R4_A1g00349	204	290	94	73	211	82.464	325
MinSal-1389-A1-17072018_C013g08560	MvSl-1064-A1-R4_A1g00350	913	824	76	83	696	92.529	1174
MinSal-1389-A1-17072018_C013g08561	MvSl-1064-A1-R4_A1g00351	1265	1299	100	99	1304	87.883	2249
MinSal-1389-A1-17072018_C013g08562	MvSl-1064-A1-R4_A1g00352	277	263	100	100	288	84.375	473
MinSal-1389-A1-17072018_C013g08563	MvSl-1064-A1-R4_A1g01272	202	183	100	100	203	88.177	342
MinSal-1389-A1-17072018_C013g08564	MvSl-1064-A1-R4_A1g01271	125	130	100	100	130	95.385	249
MinSal-1389-A1-17072018_C013g08565	MvSl-1064-A1-R4_A1g01173	539	517	87	95	498	87.550	613
MinSal-1389-A1-17072018_C013g08566	MvSl-1064-A1-R4_A1g01174	406	406	100	100	406	97.044	814
MinSal-1389-A1-17072018_C013g08567	MvSl-1064-A1-R4_A1g01220	272	296	97	90	265	94.717	509
MinSal-1389-A1-17072018_C013g08568	MvSl-1064-A1-R4_A1g01219	1024	1022	100	100	1048	90.553	1226
MinSal-1389-A1-17072018_C013g08572	MvSl-1064-A1-R4_MC05-3g06715	505	514	100	100	519	93.449	960
MinSal-1389-A1-17072018_C013g08573	MvSl-1064-A1-R4_A1g00013	598	566	98	99	586	92.150	1058
MinSal-1389-A1-17072018_C013g08574	MvSl-1064-A1-R4_A1g00165	855	889	98	98	869	89.910	1398
MinSal-1389-A1-17072018_C013g08575	MvSl-1064-A1-R4_MC03g05262	896	890	99	98	889	90.337	1453
MinSal-1389-A1-17072018_C013g08576	MvSl-1064-A1-R4_A1g00155	510	508	97	100	496	90.980	859
MinSal-1389-A1-17072018_C013g08577	MvSl-1064-A1-R4_A1g00154	235	220	99	100	234	87.179	411
MinSal-1389-A1-17072018_C013g08578	MvSl-1064-A1-R4_A1g00153	1345	1373	100	100	1374	94.105	2575
MinSal-1389-A1-17072018_C013g08583	MvSl-1064-A1-R4_A1g01212	922	922	100	100	922	97.939	1855
MinSal-1389-A1-17072018_C013g08585	MvSl-1064-A1-R4_MC01-1g01763	1113	1079	93	96	1038	89.306	1690
MinSal-1389-A1-17072018_C013g08586	MvSl-1064-A1-R4_A1g01184	655	586	89	100	586	93.345	979
MinSal-1389-A1-17072018_C013g08587	MvSl-1064-A1-R4_A1g01189	373	347	93	100	347	95.389	559
MinSal-1389-A1-17072018_C013g08589	MvSl-1064-A1-R4_A1g01191	303	300	100	100	303	91.749	523
MinSal-1389-A1-17072018_C013g08591	MvSl-1064-A1-R4_A1g00144	165	157	84	88	138	94.928	274
MinSal-1389-A1-17072018_C013g08592	MvSl-1064-A1-R4_A1g01389	93	97	84	85	82	87.805	115
MinSal-1389-A1-17072018_C013g08593	MvSl-1064-A1-R4_A1g01388	747	748	99	99	740	94.259	1265
MinSal-1389-A1-17072018_C013g08594	MvSl-1064-A1-R4_A1g01385	515	517	100	100	517	94.971	940
MinSal-1389-A1-17072018_C013g08595	MvSl-1064-A1-R4_A1g01384	974	1008	100	100	1008	90.774	1636
MinSal-1389-A1-17072018_C013g08596	MvSl-1064-A1-R4_A1g01371	994	1011	100	100	1011	92.779	1747
MinSal-1389-A1-17072018_C013g08597	MvSl-1064-A1-R4_A1g01370	707	708	100	100	708	93.220	1085
MinSal-1389-A1-17072018_C013g08598	MvSl-1064-A1-R4_A1g01369	633	631	100	100	677	80.355	1026
MinSal-1389-A1-17072018_C013g08599	MvSl-1064-A1-R4_A1g01368	1908	1872	100	100	1910	90.785	3258
MinSal-1389-A1-17072018_C013g08600	MvSl-1064-A1-R4_A1g01367	591	542	100	100	592	81.588	845
MinSal-1389-A1-17072018_C013g08601	MvSl-1064-A1-R4_A1g01366	744	758	100	96	744	92.339	1276
MinSal-1389-A1-17072018_C013g08604	MvSl-1064-A1-R4_MC07g07684	263	330	100	100	330	77.273	479
MinSal-1389-A1-17072018_C013g08605	MvSl-1064-A1-R4_MC02g03467	234	364	97	71	260	73.846	375
MinSal-1389-A1-17072018_C013g08607	MvSl-1064-A1-R4_A1g00845	1532	1538	100	100	1563	93.154	2887
MinSal-1389-A1-17072018_C013g08608	MvSl-1064-A1-R4_A1g00844	258	258	100	100	258	94.574	411
MinSal-1389-A1-17072018_C013g08609	MvSl-1064-A1-R4_A1g00843	356	371	100	100	385	83.896	607
MinSal-1389-A1-17072018_C013g08610	MvSl-1064-A1-R4_A1g00842	479	466	100	100	494	88.664	853
MinSal-1389-A1-17072018_C013g08611	MvSl-1064-A1-R4_A1g00841	327	345	100	100	345	86.957	561
MinSal-1389-A1-17072018_C013g08612	MvSl-1064-A1-R4_A1g00840	566	575	100	100	579	90.328	959
MinSal-1389-A1-17072018_C013g08613	MvSl-1064-A1-R4_A1g00832	771	785	100	100	801	89.638	1329
MinSal-1389-A1-17072018_C013g08614	MvSl-1064-A1-R4_A1g00575	1174	991	82	100	994	93.662	1863
MinSal-1389-A1-17072018_C013g08617	MvSl-1064-A1-R4_A1g00568	134	131	98	100	131	96.183	249
MinSal-1389-A1-17072018_C013g08618	MvSl-1064-A1-R4_A1g00186	428	450	100	100	450	91.111	827
MinSal-1389-A1-17072018_C013g08619	MvSl-1064-A1-R4_A1g00185	957	926	99	100	949	92.624	1724
MinSal-1389-A1-17072018_C013g08620	MvSl-1064-A1-R4_A1g00184	103	87	100	100	103	81.553	166
MinSal-1389-A1-17072018_C013g08623	MvSl-1064-A1-R4_MC01-1g02666	244	342	100	85	291	63.574	324
MinSal-1389-A1-17072018_C013g08624	MvSl-1064-A1-R4_A1g01229	596	402	66	100	419	78.998	618
MinSal-1389-A1-17072018_C013g08625	MvSl-1064-A1-R4_A1g01227	172	172	100	100	172	97.093	342
MinSal-1389-A1-17072018_C013g08626	MvSl-1064-A1-R4_A1g00230	190	229	100	100	229	79.913	354
MinSal-1389-A1-17072018_C013g08638	MvSl-1064-A1-R4_A1g00856	334	319	95	99	317	97.792	647
MinSal-1389-A1-17072018_C013g08641	MvSl-1064-A1-R4_A1g00126	166	226	100	100	226	60.177	232
MinSal-1389-A1-17072018_C013g08645	MvSl-1064-A1-R4_A1g00853	763	872	99	88	794	89.421	1303
MinSal-1389-A1-17072018_C013g08647	MvSl-1064-A1-R4_A1g00854	896	900	100	100	908	94.934	1704
MinSal-1389-A1-17072018_C013g08648	MvSl-1064-A1-R4_A1g00855	113	123	100	93	114	97.368	209
MinSal-1389-A1-17072018_C013g08657	MvSl-1064-A1-R4_MC01-1g02805	1037	1137	100	93	1079	75.440	1608
MinSal-1389-A1-17072018_C013g08662	MvSl-1064-A1-R4_A1g00591	449	443	98	99	441	71.429	612
MinSal-1389-A1-17072018_C013g08664	MvSl-1064-A1-R4_A1g00593	1193	1188	100	100	1193	94.719	2061
MinSal-1389-A1-17072018_C013g08665	MvSl-1064-A1-R4_A1g00772	371	343	100	100	375	83.733	590
MinSal-1389-A1-17072018_C013g08669	MvSl-1064-A1-R4_A1g00478	774	739	93	98	725	90.207	1322
MinSal-1389-A1-17072018_C013g08670	MvSl-1064-A1-R4_A1g00495	335	342	100	100	342	95.322	631
MinSal-1389-A1-17072018_C013g08671	MvSl-1064-A1-R4_A1g01431	1620	1705	100	95	1620	96.543	3221
MinSal-1389-A1-17072018_C013g08672	MvSl-1064-A1-R4_A1g01432	180	167	93	100	167	96.407	320
MinSal-1389-A1-17072018_C013g08673	MvSl-1064-A1-R4_A1g00997	625	628	97	100	639	84.038	885
MinSal-1389-A1-17072018_C013g08674	MvSl-1064-A1-R4_A1g00998	225	230	97	95	218	93.578	403
MinSal-1389-A1-17072018_C013g08676	MvSl-1064-A1-R4_A1g00972	390	382	100	100	390	87.949	660
MinSal-1389-A1-17072018_C013g08677	MvSl-1064-A1-R4_A1g00971	265	265	100	100	265	92.075	468
MinSal-1389-A1-17072018_C013g08678	MvSl-1064-A1-R4_A1g00970	415	470	100	88	415	98.313	820
MinSal-1389-A1-17072018_C013g08679	MvSl-1064-A1-R4_A1g00969	78	78	91	91	71	95.775	134
MinSal-1389-A1-17072018_C013g08681	MvSl-1064-A1-R4_MC05-3g06793	42	60	95	67	40	60.000	53.1
