MvSl-1064-A1-R4_A1g00624	Purple	7	107.286	751	MvSl-1064-A2-R4_A2g00431	7	99	693	0	8.286	58
MvSl-1064-A1-R4_A1g00185	Purple	13	82.2308	1069	MvSl-1064-A2-R4_A2g00443	13	82.9231	1078	0	-0.6923	-9
MvSl-1064-A1-R4_A1g00186	Purple	4	124.25	497	MvSl-1064-A2-R4_A2g00444	4	124.25	497	0	0	0
MvSl-1064-A1-R4_A1g00230	Purple	4	119	476	MvSl-1064-A2-R4_A2g00529	4	110.25	441	0	8.75	35
MvSl-1064-A1-R4_A1g00441	Purple	7	118	826	MvSl-1064-A2-R4_A2g00737	7	117.857	825	0	0.143	1
MvSl-1064-A1-R4_A1g01317	Purple	7	102.143	715	MvSl-1064-A2-R4_A2g00957	8	105.125	841	-1	-2.982	-126
MvSl-1064-A1-R4_A1g00854	Purple	8	97.125	777	MvSl-1064-A2-R4_A2g01111	9	99.2222	893	-1	-2.0972	-116
MvSl-1064-A1-R4_A1g00853	Purple	6	114.833	689	MvSl-1064-A2-R4_A2g01112	5	159.6	798	1	-44.767	-109
MvSl-1064-A1-R4_A1g00184	Purple	2	124.5	249	MvSl-1064-A2-R4_A2g01227	2	123.5	247	0	1	2
MvSl-1064-A1-R4_A1g00126	Purple	4	93.25	373	MvSl-1064-A2-R4_A2g01242	5	89.6	448	-1	3.65	-75
MvSl-1064-A1-R4_A1g01017	Purple	17	99.3529	1689	MvSl-1064-A2-R4_A2g01279	17	96.6471	1643	0	2.7058	46
MvSl-1064-A1-R4_A1g00175	Purple	3	85.6667	257	MvSl-1064-A2-R4_A2g01447	5	76.6	383	-2	9.0667	-126
MvSl-1064-A1-R4_A1g01227	Purple	2	145	290	MvSl-1064-A2-R4_A2g01519	3	95.3333	286	-1	49.6667	4
