 55.5
 54
 0
 0
 0
 62
 94.75
 98
 59
 136
 0
 0
 68
 93.3333
 126
 0
 47
 151.818
 393.333
 0
 291
 95
 65
 46
 0
 45
 120
 0
 95
 192.5
 78.25
 0
 54
 0
 68.75
 53
 178
 145
 132.333
 0
 113.667
 45.5
 75.1
 75.3333
 202.667
 111
 61
 99
 78
 114
 0
 90
 201
 0
 97.5
 0
 84.2
 0
 88
 201
 0
 97.5
 0
 82.6667
 176.5
 148
 0
 48.5
 0
 74.3333
 85.3333
 80
 85.1429
 104
 93.5
 84
 76.5
 120.5
 95.6
 91
 73.6667
 0
 141
 46
 85.5
 0
 86.875
 0
 127.4
 89
 115
 76
 75.6667
 87
 78
 151
 80.5
 84
 135.25
 71.6667
 109
 0
 147
 130.333
 283
 74.5
 0
 0
 0
 95
 166
 63
 65
 75
 0
 188
 74
 105.667
 110.714
 79
 81.5
 74
 61.6667
 99.2
 92.3333
 62
 72
 87.8
 82
 139.5
 160.2
 71
 85
 139.5
 160.2
 71
 85
 139.5
 160.2
 71
 85
 139.5
 160.2
 71
 85
 140
 136
 243
 89.6667
 112.75
 71
 129.5
 58.8
 107.4
 0
 87.25
 82.5
 95.5
 100
 0
 97.4
 71.3333
 96.5
 83.75
 111.5
 96.5
 70.75
 99.1111
 186.5
 0
 104
 140.5
 80
 100.5
 123.75
 111
 111.5
 89.8
 84.25
 76
 68.8571
 100.8
 144
 69.6667
 100.583
 81.6
 113
 102
 75.1111
 85
 97.4286
 64
 0
 91.3333
 71.6667
 355
 108
 94.1667
 79.75
 121.25
 92.1667
 84.25
 82.3333
 58
 87.2
 111.5
 74.5
 79.6667
 44
 105.8
 85.625
 94.3333
 82.3333
 68.5
 0
 0
 93.9
 139.6
 90
 76.6
 146
 118.692
 99.25
 0
 94
 87.6667
 91.1111
 73
 72.625
 81.5
 83.6667
 75
 94.75
 70.2857
 72.5
 46
 265
 0
 83
 75.5556
 119.333
 156
 72.7778
 100.429
 85.6667
 0
 116
 147
 141
 73.75
 103.667
 92.5
 122.625
 141.5
 0
 77
 68.3333
 162
 93.6667
 119.25
 74.75
 67.5
 94.6
 132.75
 135
 0
 0
 0
 0
 0
 67
 82.8
 71.6
 97
 92.5
 85.1429
 93
 78.2857
 73
 109.714
 49
 138.5
 93.3333
 107.667
 122
 60
 84.6667
 73.25
 102
 80
 78.6667
 90.6667
 72.8
 123.8
 117.5
 70.5
 93
 76
 77.25
 154.5
 58.5
 71.4
 100.5
 86.6667
 87.3333
 79
 150
 71.8333
 75
 71.75
 82.75
 95.4286
 93
 0
 0
 82.8571
 98
 86.5
 92
 0
 95.4
 84.3333
 0
 133
 101.5
 127.714
 83
 79.25
 93
 78.3333
 80.3333
 90.5
 81.8
 77
 104.727
 138
 79
 72
 131.333
 58
 77.4
 81
 70
 0
 73.5
 43
 77.5
 68.1429
 168
 94
 75.75
 0
 165
 105.667
 87.3333
 92
 55
 77
 74
 67.4286
 70.5
 106
 72.75
 46
 76
 73
 75.5
 71.4
 113.444
 135.5
 69.6667
 71
 83.8
 73.5
 75.25
 0
 82.25
 0
 62.8333
 79.75
 40
 0
 94
 79.4
 70
 183
 61
 0
 80
 78
 59
 167
 71.6
 95.4
 80.3333
 86.1111
 262
 0
 116
 0
 68
 81.5
 0
 0
 0
 91
 0
 107.25
 87.6923
 67.75
 70
 73
 100.625
 91.75
 91.5
 63
 79
 67
 83
 67
 101.889
 73.6667
 101
 67.3333
 105.667
 101.5
 152
 73.3
 82.5
 83
 75.4
 100.6
 84.5
 121
 97.25
 73.25
 72.125
 95
 78
 100.667
 77.2857
 0
 99
 173
 85.8333
 213
 86.3333
 71
 86.8571
 116.5
 75.7143
 119.667
 121.667
 88
 99.4286
 84.5
 63.5556
 74
 115
 0
 82.5
 185.5
 152
 132.333
 83
 75
 40
 85
 0
 76
 68
 75.5
 66.9
 256.5
 81.6667
 76.5
 71.3333
 80.8
 107.667
 71.3333
 49
 284.8
 116
 89.8333
 77
 89.1667
 91.6
 74.6667
 98
 72
 93.75
 86.6667
 61
 44
 87.25
 0
 135.5
 85.5
 85.6
 0
 58.5
 93.75
 75.6667
 74.3333
 78.8
 111
 0
 84
 163
 77.2
 77
 92.5
 89
 81.25
 106.4
 77
 48
 252
 75.75
 63.6667
 84.6667
 80.8571
 86.5
 82
 75.5
 103.429
 120.2
 62.6667
 492
 107.8
 125.4
 88.5
 71
 67.6
 92.6667
 81.6667
 113
 267
 141.8
 132
 114.4
 104.167
 79
 90
 77.5
 70.5
 65.5
 71.5
 119.5
 73
 98.5
 74
 90.7143
 71.5
 94.6
 111.75
 98.2
 102.833
 77
 81.75
 118
 265
 179
 74.4
 76.7143
 68.2857
 102.167
 120
 84.25
 114.667
 78.2917
 122.125
 66.3333
 0
 0
 140
 70.6667
 75.6429
 64.5
 87.5
 74.25
 79.3333
 49
 155
 85
 83.25
 86
 113.75
 99
 80.5
 88.5
 0
 79.5
 110
 90.6667
 102.857
 77.25
 88
 100
 91
 91.5
 95.2
 81.6667
 97.5
 0
 68
 53
 85.2
 80.8889
 79.25
 0
 71.8
 79
 53
 0
 50
 117
 73.5
 99.2
 74
 88
 100.333
 79.8889
 0
 151
 208
 0
 55
 0
 102.667
 69.5
 73.6667
 220
 87.5
 77.1
 72.0714
 63
 88
 73
 76.125
 79
 0
 0
 80
 0
 139.833
 89
 106.444
 188
 78.5
 84.4444
 65.6
 278
 0
 100
 77.1429
 114.714
 79.5
 78.6667
 101
 207
 99.7143
 76.5
 111.333
 80.75
 0
 71
 93.75
 68
 75.3333
 74.5
 72.6
 109
 139
 0
 70
 116.5
 109.5
 101.8
 74.5
 62.5
 0
 85.5
 0
 0
 0
 0
 78
 87.1667
 117.667
 143.2
 101
 58.5
 83.5
 101
 75.25
 53
 157.8
 146
 116.5
 90.25
 98
 165
 104
 102
 0
 140.6
 97
 0
 104
 65
 60
 0
 0
 0
 181
 0
 268
 45
 255
 65.5
 123
 85
 98
 66.75
 0
 86
 49
 78
 175
 163.333
 0
 0
 103
 89.3333
 86
 76
 0
 54
 68
 86
 75.9286
 167
 0
 86
 106.167
 167.25
 73
 0
 91.375
 40
 74
 0
 371
 0
 0
 168
 97
 118.625
 79
 105
 0
 81.5
 216.4
 108
 98
 190
 0
 0
 171
 87.5
 45
 65
 78
 89.3333
 74.25
 83
 90.5
 99
 94.8
 111.857
 97.75
 76.5
 163.667
 85.5
 96.2
 76
 80.8333
 82.25
 120.333
 0
 61.5
 83.5714
 0
 98.7778
 97.4286
 103
 68
 48.5
 74.6667
 86
 92.6667
 146.5
 117.5
 0
 96.3333
 0
 84.3333
 163.111
 0
 107.375
 75
 42
 62
 0
 81
 98.6667
 89
 82.5
 90.1429
 83.2
 82
 99
 90
 110.444
 126
 58
 70.4286
 0
 70
 89.5
 199
 0
 136
 86
 200.25
 0
 81
 83.5
 77.5
 0
 174.5
 0
 101.5
 122.25
 145.75
 92
 178
 0
 78
 45
 49
 148.5
 115.429
 0
 172
 178
 0
 377
 0
 255
 48
 57
 216.333
 0
 173.667
 160.5
 112.4
 291
 124
 122.333
 82
 42
 157
 0
 0
 114
 193.25
 129
 117.857
 44
 212.5
 60
 0
 0
 0
 0
 129
 105.5
 95.8333
 97
 96.8333
 70.75
 0
 0
 69.3333
 74.5
 81.5
 167.429
 158
 149.333
 93
 108.286
 90
 95.4
 84.4
 0
 0
 0
 0
 78
 76.6
 148.571
 41.5
 68.3333
 89.5
 75.8571
 69
 717
 61.8
 61.5
 56.5
 104
 111.167
 78.3333
 287
 80
 106.667
 72.1429
 110.75
 69.2857
 64.5
 142.333
 0
 0
 89
 79.5
 52
 95
 85
 78.625
 98.75
 81
 67.8571
 67.5
 105
 0
 71.25
 67.9
 99
 52
 79
 0
 78
 0
 78.2
 68.6667
 0
 79
 131.5
 0
 0
 254.333
 82.4
 108.9
 106.5
 91
 86.6
 86
 0
 81.5
 101
 120
 65
 88
 0
 0
 95.25
 90.1667
 74
 51
 109.333
 80
 70
 244.5
 79.75
 91.4286
 64.5
 67.5
 105
 71
 106.75
 0
 77.75
 59.75
 0
 0
 168.333
 77
 91.2
 74
 94
 93.8
 110
 0
 0
 87.6667
 94.5
 107.571
 78
 71
 99.6667
 76.5
 131.75
 64.75
 90.5714
 97.7143
 105.667
 78.4
 92.75
 93.3333
 0
 124
 188
 82
 88.4444
 48
 90
 96
 0
 87.5
 0
 0
 86.75
 73.3333
 110.5
 125.571
 107.143
 87.6667
 59.6667
 83
 69
 96
 112
 77.6
 73
 69.9091
 75.75
 94.7143
 65.5
 0
 91.7143
 98.9091
 98.5556
 85.5
 0
 180.5
 68.4
 71.3333
 140.2
 83
 85
 102.667
 91.6667
 87.5714
 103
 137
 81
 82
 85.25
 82
 76.4286
 59.5
 68
 88.875
 275
 135.75
 67
 103
 74.5
 92.5
 74.5
 114
 68
 97.5
 77.5455
 72.25
 0
 76.4167
 244.667
 81.2
 84.5556
 103
 71.5
 74.3333
 74.25
 89
 0
 68
 103.5
 0
 79.4286
 54.3333
 75
 84
 119.667
 40
 64.5
 96
 74.1667
 113
 99.2
 71.1429
 122.545
 86.2857
 101.333
 86
 109.5
 69.3333
 96
 84.25
 144.5
 77
 100.545
 78.6667
 0
 79.5
 77.5
 0
 72.5
 151
 89.1
 103.333
 82.3333
 97
 146
 77.6667
 92.6
 122
 92.6
 0
 72
 84
 0
 91.8
 79.5
 129
 75.5
 94.7778
 99.5
 82.2
 83
 125.333
 72
 150
 80
 70.7143
 75
 103.333
 0
 71.75
 0
 108.8
 77.6667
 110
 80
 79
 118.778
 115.75
 86
 69.1111
 95.6667
 43
 93.1
 90
 136.333
 83
 117
 162.667
 103.5
 168
 83
 217.4
 75
 89.25
 80
 165
 66.5
 121.3
 70.6
 94.25
 95.5714
 81.1667
 142.167
 92
 145.125
 0
 116.333
 109.333
 99
 119
 239
 93.4444
 73.6
 64.5
 65.2857
 0
 77
 95
 65
 81.6667
 111.5
 75.5
 74.375
 69.4
 72.4444
 66.2
 69
 82.75
 206.5
 72.2
 79.5
 101
 0
 82
 98
 77
 65.75
 138
 100.667
 58.5
 106.5
 114.25
 80.4286
 174.25
 195
 103.5
 81
 78
 130.667
 70.25
 0
 97
 82
 79.875
 80
 66
 70.375
 103.667
 69
 88
 0
 88
 88.7
 126
 87.5714
 72
 74.8
 110.167
 72.7143
 74.5
 80.6667
 92.5714
 84.25
 71
 76
 197
 64
 0
 108
 80
 156.5
 71.5
 0
 57
 72
 86.5
 0
 54.5
 52
 0
 95.8
 110.077
 105.333
 82.6154
 198.667
 101
 114.5
 99.75
 83.6667
 93.3333
 133.6
 88.5
 49
 100
 78
 0
 115
 76.2
 79.8421
 74
 87.3333
 84
 100.167
 77.8
 96.6667
 86.5
 94.5
 89.75
 108
 177.333
 0
 89.6667
 48.5
 83
 0
 88.625
 111.444
 68.2
 90
 94
 94
 109.875
 67
 47
 142
 74
 100.286
 0
 99.3333
 75.3333
 106
 73
 74
 80.625
 42
 121.25
 112.333
 64.3333
 73.5
 72.6
 0
 332.5
 93.75
 261
 110.75
 142
 0
 332.5
 93.75
 261
 110.75
 142
 0
 332.5
 114
 83
 178
 55
 98.6667
 191
 0
 208
 93.5
 93.75
 106.5
 77
 70
 121
 0
 86.9231
 167
 0
 48
 115.429
 87.3333
 0
 102.5
 80
 95
 83.6
 80.1667
 81.75
 79.25
 117.333
 84
 73
 73
 72.4
 100.5
 93.3333
 123.833
 113
 127.833
 75.5
 113
 86
 67
 106
 111.333
 78.6667
 83
 77.4
 102.75
 49.5
 87.6
 76.4
 108
 0
 94.25
 127
 129.333
 109.889
 70.5
 66
 62.5
 97.2
 0
 87.3333
 99
 77.25
 71.75
 135
 84.75
 73.75
 93
 66.5
 72
 62
 106
 64
 41
 235.5
 62
 0
 110
 0
 46.5
 40
 0
 136
 70.6667
 91.3333
 91.4
 156
 345
 207
 89.4
 99.6
 64
 82.2
 0
 75.3333
 96.5
 0
 0
 136.857
 82
 393
 71.3333
 96.25
 97.1667
 75.4444
 97.3333
 70
 146.833
 66
 98.5
 84
 73
 110.5
 100
 74
 41
 0
 0
 0
 89.5
 57
 0
 55
 79.4444
 113.333
 77.4545
 86.25
 82.3333
 201
 106.667
 84
 92.6667
 77
 104
 214
 0
 77.2222
 73.5
 92.3333
 122
 0
 103
 76.6
 93
 97
 72.5
 0
 65.5
 76.5556
 83.4
 93.3333
 94.4
 197
 73.5
 129
 82.6667
 0
 104
 77.8
 128
 65.8333
 66
 88.4
 87.25
 40
 0
 106
 0
 101.571
 89.9091
 85.8
 126.143
 0
 393.333
 0
 177.5
 291
 62.5
 87.5
 129
 91.5
 40
 0
 104.333
 0
 40
 0
 0
 0
 0
 61.5
 65.5
 82.6667
 120.75
 66.6667
 98.6
 335
 76.3333
 90.8
 105.667
 106
 87.375
 58.5
 81.5
 71.6667
 115.5
 55
 79
 45
 0
 67
 79
 63
 66
 41
 136.2
 158
 289
 0
 82.5
 99
 98.75
 111
 90.25
 74
 178.25
 0
 99.3333
 0
 139
 0
 49.6667
 50
 128
 112
 69
 108.8
 151.6
 0
 0
 92
 61
 0
 57.6667
 76.25
 130.25
 65
 80
 117.5
 60.4
 59.7143
 89
 139
 93
 75.8
 85
 0
 92
 73.6667
 101.333
 181.5
 69
 99.75
 166
 113.8
 84
 216
 138.333
 78
 0
 108.8
 54
 93
 108
 75.25
 46
 76.25
 164
 0
 63.8
 0
 59
 44
 65
 139.5
 144.667
 0
 64
 58
 142
 64
 81
 101.5
 82.5
 65
 0
 71
 131.714
 0
 118
 270
 67
 121
 77.7778
 76.4
 74.1667
 77
 0
 178
 89
 108.5
 132.5
 120.286
 80.6667
 62
 0
 97
 63
 119
 234
 106.2
 136.286
 110
 132.333
 92.6667
 76.6
 80.8889
 79
 0
 307.667
 72.1667
 113.667
 68
 74.5
 75.3333
 64
 0
 150.333
 47
 85.6667
 76
 82.7143
 0
 46.6
 126.5
 105
 0
 77.5
 93
 106
 90.5
 73
 117.571
 108.625
 82.5
 74.6667
 94.4286
 138.5
 68
 244
 82
 78.6667
 132.571
 79.6667
 0
 121
 124.667
 78.8
 121
 72.2
 151
 81.3333
 0
 85.8
 103.5
 77.2857
 122
 0
 77.2
 66
 145.667
 103
 77.1429
 83.1667
 99
 122.25
 208
 96
 0
 108.333
 63.9
 0
 0
 49
 106.8
 53
 167.5
 239
 109.833
 58
 0
 73
 168.333
 169.667
 84
 126.5
 77
 76.6667
 78
 116.833
 0
 74.25
 76
 76.5
 83.5
 137
 87.4444
 143.5
 74
 228
 0
 55.5
 205
 73.5
 78.2222
 113.286
 86
 142
 0
 54
 232
 133.6
 98
 137.833
 76.5
 0
 105
 364.5
 82.8333
 83
 89.6667
 90.2
 64
 79.5
 0
 41
 72.8
 87
 71.4615
 155.8
 190
 65
 131.667
 220.5
 292
 79.3333
 97.5
 81.3333
 60
 120
 99.5
 78.5
 88.6667
 119
 0
 43.5
 107.25
 217
 188
 120
 81.75
 0
 93
 59
 0
 116.6
 80
 47
 93.3333
 102
 0
 123
 92
 184.111
 150
 119.667
 57.6667
 0
 89.3333
 41
 0
 70
 69.5
 365
 143
 0
 78.9
 166.75
 132.75
 0
 0
 0
 68.5
 230.667
 278.5
 201.333
 111
 44
 0
 98.5
 183.2
 363
 0
 0
 175
 0
 139
 0
 330.5
 219
 78.6667
 338.5
 161.8
 0
 450
 0
 48
 291
 157.2
 0
 0
 0
 176.5
 92.6667
 0
 80.5
 0
 47
 52
 68
 84
 52
 52
 120.6
 130
 94.7
 135.5
 102.1
 42
 372
 51
 99
 0
 56
 82.5
 69.6667
 92.5
 68
 67
 89.6
 90.25
 156.5
 330.5
 0
 0
 66
 75
 99
 82
 165
 70
 94.2
 71
 0
 66
 126
 0
 66
 68.8333
 78
 73.8
 136.5
 67.5
 0
 89
 155
 0
 0
 113
 76.6364
 85
 76
 297.5
 140
 100.167
 75.3333
 43
 271
 94.3333
 109.75
 84.1111
 70.125
 77.1429
 52
 78
 0
 69
 171
 199
 0
 81
 77.6667
 112
 95
 149
 81
 68
 71.75
 162.667
 90.25
 83.2
 94
 151.75
 89
 73.75
 138.5
 0
 82.6
 100.25
 138.25
 75.5
 75
 74
 72.3333
 104
 0
 67.25
 52
 0
 0
 70.5
 142.75
 134.667
 0
 137
 73.4667
 98
 79.8571
 68.5
 111.6
 104
 102.556
 0
 86.5
 85.6667
 435
 65
 109.6
 72
 69
 64.75
 68.5
 122.6
 90
 118.5
 73
 90.4
 97.6667
 80
 97.5
 273.667
 158
 91.1429
 116.667
 0
 229.5
 125
 0
 62
 74.875
 679
 0
 77
 81
 64.5
 0
 217.5
 111
 102
 149.4
 185.6
 74.6667
 128.333
 67
 243.5
 83.5
 70.4286
 76
 77
 109
 111.833
 0
 78.5
 98
 113.5
 90.1111
 71.4
 63.6667
 72.5
 71.2857
 0
 77
 98.2
 0
 164
 119.222
 175
 77
 70.5
 74
 0
 88.4
 91.5
 66.6667
 87.75
 77
 95.3333
 64.6
 70.5
 118
 91.2
 99.3333
 101
 117.2
 130.333
 87
 101
 60.6667
 125
 174
 77
 63.8571
 86.6667
 48.3333
 354
 73.25
 97.8333
 78
 111.8
 77.4
 98.25
 0
 106.167
 114.667
 83
 125
 68
 77.4286
 55
 158.5
 0
 78.5
 126.667
 68
 65
 68.6667
 89.4
 71.3333
 74.6
 116.167
 69
 78.1667
 91.5
 123.333
 82
 425
 106
 89.75
 64
 87
 100.286
 79.6
 99.125
 95.6667
 0
 0
 61.5
 96
 228
 102.667
 81
 206
 76.3333
 0
 0
 81
 81
 0
 296
 105
 158
 0
 0
 55
 81
 0
 0
 0
 81
 199
 85.5
 0
 73.5714
 93.4
 41
 61
 56
 81
 143.25
 227
 203.5
 235
 78
 0
 78
 0
 91
 0
 79
 72
 103
 78
 68.8
 81.1429
 0
 77
 0
 107
 76.8333
 0
 92.6
 125.333
 47
 138.5
 95
 0
 95
 143
 108.75
 105
 74.5
 92.6667
 189.333
 61
 66.5
 71
 84.8
 53
 101.333
 125
 180
 0
 76
 134.75
 78.6667
 90.6
 115
 142
 172
 82.5
 103
 70.625
 77.2222
 0
 0
 92.3333
 96
 106.25
 94.5
 96
 306
 94
 190
 0
 94.3333
 0
 68.5
 77
 88.5
 78
 83.6667
 147.167
 97
 79
 96
 94.8889
 55.25
 100.5
 78
 83.125
 87.1818
 74.6667
 0
 73
 96.4286
 541
 119
 73
 0
 102.7
 93.2
 64.8889
 0
 58.5
 0
 132
 0
 100.333
 83.6667
 0
 90
 158
 79.7143
 86.5
 218.667
 98
 103.5
 88
 118.5
 71
 105
 95.5
 70
 243.667
 79
 86.75
 0
 71.5
 76.25
 74.8
 76.375
 74
 70
 73.2727
 59
 75.8
 84
 75
 79
 64.5
 49.5
 85
 53
 0
 0
 96
 0
 89
 66.5
 101
 114.667
 97.8571
 69
 134
 78.3333
 109.3
 81.8
 67.3333
 81
 211
 206.5
 68.75
 104
 140.333
 80.6667
 85.6667
 105.778
 99.6667
 70.8
 95
 104
 69.75
 74
 84
 81.5
 79.5
 0
 65
 66
 0
 80
 80
 120.25
 84.5
 0
 84
 89.8
 67.6
 73
 100.8
 74.8333
 94.6667
 79
 83.6667
 73
 63.4
 72
 76.9444
 68
 87
 124.4
 69.3333
 78.5
 119
 78
 0
 102.5
 76.5
 62.75
 107
 202.333
 101.5
 68.6667
 73
 82.8333
 89.6
 88.3333
 100.467
 77.5556
 93
 74
 48
 66.3333
 100.25
 78.75
 86.8
 73
 65
 63.2
 66.5
 118
 88.5
 197.2
 75.1429
 115.875
 80
 147.2
 427
 76.3333
 85.3333
 122.429
 0
 102.2
 65
 0
 103
 118.286
 80
 0
 158.75
 78.8
 114.5
 107
 89.25
 202.75
 85.2222
 80
 93.8571
 84
 104.667
 84
 121.143
 95.1667
 185
 68
 80.6
 85
 0
 178
 60
 90.8
 178
 0
 117.333
 0
 0
 85.8
 93
 74.3333
 86.8333
 98
 0
 105
 65.7143
 75.3333
 63.5
 71
 0
 63.3333
 163
 0
 79.6667
 0
 0
 0
 126.5
 86.5
 219.5
 209
 102.667
 77.8333
 100
 0
 67.8
 111.7
 0
 81
 0
 83
 75.3333
 161
 89
 69
 76.4
 59
 71
 68.6667
 99
 76.8
 62.75
 172
 102.923
 69
 0
 158.5
 89
 245
 87.2
 107.75
 89
 97
 89
 164
 93.5
 96
 0
 49
 80.5
 96.8333
 0
 69.7778
 67.25
 73.5
 67.5
 139
 77
 81.6667
 72.6667
 92.6
 98
 80
 0
 89
 0
 118.667
 86.8
 98
 0
 0
 88
 88.3125
 64
 81
 72.5
 78.5
 88.6
 42
 0
 47
 72.4545
 209.25
 85
 0
 105
 106
 90.8
 74
 0
 0
 71.7778
 109
 392
 81.3333
 140.333
 79.4
 75.3333
 70
 112
 83.8
 119
 85.1667
 98
 83
 79.625
 232.5
 155.75
 92.6667
 81.2857
 169.4
 94.4
 111
 214
 93.625
 77.25
 138.6
 107.75
 63.6667
 0
 88.5263
 0
 0
 82.75
 73
 84.6667
 73.5
 111.333
 85.5
 78.5
 85
 50
 0
 77
 86.5
 148.333
 59.5
 91.6667
 0
 67.3333
 149
 95
 0
 106.333
 109.75
 0
 89
 441
 83.6667
 0
 0
 76.1429
 89.5
 0
 75.6667
 170
 115.75
 0
 209
 0
 75.4167
 114.75
 136.75
 87.6667
 135.25
 106
 118.5
 98
 120
 115.5
 42.5
 93.3333
 87.5
 121.143
 136.667
 125
 58
 163
 66.8333
 100.5
 80.7692
 97.1429
 0
 0
 75.5
 142.333
 105.6
 100.5
 79.2
 222
 98.5
 76.4
 136
 111
 83.4
 0
 52
 124.667
 127
 176.25
 139
 0
 111.222
 72.1667
 76.6667
 65
 104
 74
 77.25
 72
 0
 133.75
 135.667
 121.25
 69.3333
 96.3333
 104.5
 113.667
 0
 74.4286
 199
 84.8333
 87.6667
 71.5
 77.6667
 118.5
 104.571
 88
 83.1667
 63.6667
 135
 70
 89.5
 70.6667
 71.2222
 84.625
 79
 405
 97.5
 120.111
 161
 73
 91.7143
 119
 0
 67
 92.6
 62
 80.6667
 0
 124.333
 0
 78
 104.75
 172
 97.375
 104.143
 92.6667
 109.5
 78
 72
 83.5
 93.5
 86.8
 74.5
 77
 86
 131.833
 99.8333
 99
 116.333
 83.75
 80.6667
 80
 138
 89.25
 94.3333
 61
 0
 46
 94
 66.3333
 52
 0
 85.25
 74
 72.9231
 81.3333
 74.1667
 112
 62.3333
 82
 57
 84.3333
 70.75
 86
 0
 67.5556
 84.5
 0
 124.5
 79.4286
 118.667
 147.167
 125.2
 80.5
 56
 99
 74
 138.25
 124
 469
 81.6667
 91.3333
 97
 74.4
 100.667
 93
 99.3333
 80.25
 81
 109
 65
 53
 190
 92
 0
 83
 81
 93.5714
 111.75
 108.25
 70.5
 186.333
 85.5833
 106.714
 99.8182
 121
 77
 95.875
 109.5
 58
 123.25
 231
 102.5
 99.6667
 229
 0
 107
 69.5
 95
 101
 74
 77
 71.5
 93.125
 79.3333
 134
 111.8
 89.6667
 228
 121
 149.8
 65.75
 88.1667
 121.25
 62
 89.5
 80.8
 350.667
 0
 92
 74
 51
 86.0968
 67.6364
 74
 82
 145.143
 111.75
 164
 88
 65
 0
 90.6667
 69
 92.1111
 99
 166.75
 72.5
 77
 0
 70.1667
 0
 104
 129.25
 122.5
 107.667
 0
 128.667
 0
 78.75
 68
 75
 108.833
 206
 0
 132.875
 69
 122
 79.6667
 107
 86
 0
 79.5
 75
 0
 106.571
 103.286
 0
 47
 114
 0
 0
 0
 80.375
 74.6667
 71
 85
 0
 0
 86.25
 72.7143
 85.5
 123.667
 169
 98
 229
 108.5
 115.667
 81.5
 0
 74
 81.8
 114.333
 43
 113.75
 104
 159.2
 75.1667
 99.4
 136
 122.667
 107.25
 82
 0
 99.1667
 152.2
 85.5
 0
 143.143
 74.5714
 74.3846
 50.25
 152
 71.4
 98.5
 73.6667
 72.1667
 100
 80
 169.333
 84
 168.5
 0
 208
 83.5
 0
 98
 89
 81.5
 69.1667
 214
 90
 151.333
 96.5
 71.5
 68.25
 0
 0
 71.2857
 69.625
 102.4
 72.8333
 0
 72
 274
 125.75
 76
 95.5
 71.3333
 52
 117.75
 73.5
 62.5
 100.5
 124
 69.5
 101.833
 80
 72
 97.6667
 94
 64.8
 187
 98
 77.625
 153
 99.5455
 85.8333
 91
 138
 127.6
 96.3
 146.333
 97
 94.625
 126.5
 77
 128.6
 88
 80.1429
 83
 110.5
 258
 79.5
 0
 202.25
 75
 83.875
 77.25
 80.5
 76
 120
 82
 71.1111
 75
 119
 105.25
 116
 99.3333
 83.25
 70
 0
 0
 166.5
 124.5
 90.5
 77.3889
 83
 80.3333
 115
 76.6667
 85
 73.4
 97.3333
 110
 90.1429
 83
 123.571
 120
 137
 0
 0
 46
 45
 84
 72.3333
 80.75
 123
 79.8
 87.6667
 114.429
 85.5
 0
 127.333
 84.5
 79
 91
 78.2222
 76
 111.333
 85.5
 90.5
 95.375
 155.5
 103
 85.4
 67.6667
 83.5
 65.3333
 74.2857
 77.4286
 78.5833
 126
 73
 82
 90.6667
 141
 52
 47
 51
 41
 0
 72.5
 69
 88.4444
 57
 155
 0
 61.4
 53
 132.2
 84
 127.5
 86.6364
 105.333
 44
 0
 55.25
 82.6
 86.6364
 65.5714
 0
 44
 73
 98
 123
 83
 81.3077
 68
 92.8
 0
 93.4286
 92
 73.5
 272
 77
 87.3333
 117
 59
 0
 0
 70
 51
 89.6667
 225
 123.75
 89.2857
 74
 92.5
 87.8
 0
 73
 72.7
 69.75
 179.667
 88.75
 72
 78.5556
 87
 83.375
 108.5
 61.5
 59
 170
 118
 96
 77
 81.2
 134.2
 87
 88.6667
 68
 83
 81.3333
 97.7143
 0
 286
 107.75
 72
 111.25
 0
 75
 116.5
 117.5
 69.625
 159.5
 0
 0
 91
 94.1429
 97.75
 113
 119
 117
 93
 116
 107.75
 83
 0
 160
 77.6
 78.2
 61
 0
 141
 228.8
 79
 84
 0
 0
 0
 112.667
 0
 90
 112
 87
 84.6667
 191.25
 0
 80
 87.375
 73.9286
 91
 64.5
 79.8333
 78.2
 61.8
 85
 0
 95
 122
 100.667
 145.857
 175.8
 122
 90
 64
 65
 128.5
 67.25
 74
 87.6667
 69.8
 87.8
 0
 117
 0
 182
 0
 85.6
 0
 70
 87.1
 74
 67.25
 61.3333
 116.5
 0
 130.5
 212
 171.5
 84
 100
 87.75
 0
 70.7143
 59
 66.4286
 193
 43
 0
 54
 68.4444
 82.2222
 114.833
 124.333
 88.25
 66.2222
 74
 176
 88
 84.3333
 84.5
 257.5
 123
 0
 223
 89.4444
 104.2
 0
 105
 83
 75
 83
 0
 0
 79
 69
 95.6667
 119.5
 152
 57.3333
 73.5625
 73
 74.625
 76.5833
 78.75
 45
 0
 100
 188.8
 75.0667
 88.5
 83.9091
 80
 0
 42
 87
 73.3333
 41
 77.5333
 70
 78.3846
 69.3333
 200.667
 0
 72.1667
 0
 114
 80.5714
 84
 113
 87.6
 103.167
 182
 0
 83.25
 105.167
 70.5
 64
 73
 132.667
 0
 131
 110
 113.667
 86
 95.3333
 90
 51.75
 74.75
 153
 93.2
 174.2
 82.5
 85.8889
 93.75
 64.5
 188.5
 71.5
 87
 0
 96
 69.75
 69.6667
 99.5
 83
 52
 184
 86.5
 0
 75
 123
 74.375
 85
 0
 85.5
 75
 0
 0
 117
 109.143
 93.5
 0
 135
 82.5
 50
 69
 0
 0
 0
 113.667
 0
 0
 124.667
 70.5
 142.6
 0
 0
 296.5
 0
 0
 0
 219
 138
 49.5
 131
 0
 0
 378
 161.75
 94
 52
 87
 147.75
 152
 45
 46
 423
 196
 118.2
 91
 0
 167.833
 45
 239.5
 0
 109
 0
 0
 92.3333
 0
 239
 45
 373
 179.571
 0
 131
 190.667
 196
 423
 122.5
 291
 0
 229
 0
 75
 157
 110
 0
 107.25
 0
 0
 102.667
 300
 40
 112.4
 90.3333
 132.667
 0
 54
 159
 77
 103.5
 141
 0
 61
 116.5
 70
 103
 57
 101.714
 83.25
 97
 108
 121
 82.875
 164
 102
 0
 196
 222
 156
 0
 88.4
 98
 88.3333
 81
 101.667
 105.5
 105.714
 45
 79
 62.6667
 84
 100
 0
 100.75
 91.75
 124.333
 0
 86
 76.5
 116.6
 74.6667
 122
 113
 159.333
 93
 88
 52
 137
 0
 82.2
 164.5
 71
 72.3333
 0
 205
 81.6667
 0
 59
 94.3333
 148
 89.5
 91.5
 69
 0
 98.2
 128.25
 103.625
 74.6667
 70.8
 59
 0
 148.75
 0
 117.375
 0
 91
 84
 93.6667
 44
 0
 46
 79.6667
 58
 126
 85.2222
 0
 73.75
 79.1429
 70.5
 74.5
 78.5
 59
 0
 52
 88
 82
 117
 108.412
 110
 96.3333
 134
 83.25
 93
 156
 180.667
 75
 99.5333
 98.5
 109.75
 71.3333
 76
 118.8
 98
 82.4167
 0
 107
 59
 76
 0
 80.5
 61
 73.5
 112.2
 89.2857
 98.3333
 41
 78
 110.2
 92
 82
 74
 104
 99.6
 110.75
 124.6
 69
 0
 0
 0
 69
 0
 125
 222.5
 223
 77.8333
 87.8
 80
 203
 58.5
 60.3333
 70.75
 121.75
 71.3333
 0
 0
 113.385
 79
 0
 74
 79.3333
 78.75
 0
 0
 82
 95.7143
 77.3333
 149.667
 69
 71.5
 142
 0
 117.75
 97.75
 97
 71.8
 112.667
 161.333
 327
 91.2
 79.7778
 75.4
 79.7143
 74
 118
 89.5455
 86.4444
 81.625
 78.6667
 96.0625
 117.25
 58
 85.6667
 100
 383
 171.667
 97.6667
 88.4286
 120.2
 89.5
 108
 0
 240.8
 210.5
 209.6
 119.5
 85.4286
 130
 76.8
 78.3333
 86
 0
 82.5556
 128
 83
 0
 88
 141
 142
 74
 0
 94.5
 83.6
 93.25
 50
 0
 89
 0
 125.5
 75.25
 0
 308.333
 103.2
 85
 121.5
 152.75
 67.5
 0
 75.6667
 74
 42
 0
 87.375
 70
 216.667
 0
 142
 59.5
 203
 98
 87.7143
 92.1538
 0
 56.6667
 77
 85
 93.5714
 93.6667
 51.6667
 77
 0
 93
 85.5
 271.5
 90.0833
 87.5714
 0
 0
 76
 72.75
 128.6
 83.1429
 74
 0
 79.1429
 72.6667
 85
 180
 71.4
 76.7143
 72
 94.6667
 0
 128
 0
 119.8
 100.333
 129
 108.333
 151.667
 81.9
 73
 105
 124.667
 98
 84
 97.5
 110.25
 107.667
 124.3
 99.3333
 125
 93
 0
 83.6
 92
 84
 0
 82.8889
 81
 0
 71
 112
 91.5
 74
 60
 137
 171.5
 0
 82.8889
 499
 0
 40
 0
 76.8
 95
 0
 89
 91.1818
 0
 0
 81
 89
 0
 71
 200.5
 73
 148
 84
 71.6667
 0
 40
 244
 66.5
 0
 81
 116
 103.429
 59
 81
 61.7143
 93.25
 0
 45
 41
 143
 268
 54
 0
 67.6
 105
 72.375
 0
 86.6667
 70.3333
 0
 0
 75.75
 62.6
 121.333
 113.5
 110
 169
 51.5
 84.1667
 117
 71.4
 86
 72.3333
 127
 0
 0
 66.3333
 73.5
 79
 62.7143
 105
 100.667
 56
 49
 82.8333
 87.5
 74.1667
 107.75
 0
 132.8
 77
 81.3333
 121
 0
 85.6667
 68
 61
 129.143
 79.8571
 80.5455
 89.1429
 76.5
 79.5
 124.5
 82.2308
 124.25
 69.25
 0
 74.4706
 76
 96.1818
 66
 105.75
 82.3333
 282
 0
 60
 0
 0
 73.25
 178.667
 54.5
 81
 169
 81
 82.6364
 0
 85.5
 204.667
 105
 76.5
 114.8
 149.667
 86
 0
 102
 50.5
 135.5
 116.5
 90.6667
 82
 80
 57
 140
 89.5
 91.5
 170.5
 85.75
 89.5
 119
 0
 0
 0
 209
 93
 129.8
 86.6667
 0
 116
 78.8
 0
 84.25
 85
 91
 72
 173
 126.25
 72.4211
 79.4
 75.3333
 49
 64.5
 70.125
 73
 105
 141.333
 180.5
 95
 89.5
 90.4
 98.3333
 131
 81.4545
 233
 117
 64.5
 0
 0
 116.6
 208
 192.5
 0
 94.4
 65.8333
 40
 73
 75.6
 52
 96
 70
 77
 79
 102.4
 0
 75.3333
 74
 60
 0
 183.5
 86.75
 69.7222
 90.125
 79
 68.3333
 41
 120
 172
 84.5
 90.5
 153.667
 139
 120
 0
 58
 105.5
 76
 80
 62.3333
 66.5
 64.7
 86.1111
 118
 107.1
 100.5
 0
 77.5
 64
 0
 85.75
 0
 69.5
 88.8
 54
 0
 0
 0
 91.75
 82
 275
 99
 53
 65
 92.3333
 0
 90
 63
 0
 59
 0
 81
 73.5
 52
 63.25
 362
 89
 94.5
 92.2222
 48
 97.1111
 155.5
 70.8889
 60
 98.4167
 0
 137.25
 0
 78.4444
 132
 125.375
 84.75
 69.6667
 162
 74.6667
 91.6
 0
 103.2
 75.25
 85.6667
 75.8
 64.8
 91.3333
 79
 100
 71.5
 75
 134
 116
 59
 0
 210.5
 0
 101.25
 73
 97.5
 0
 0
 0
 70
 191
 280
 102.5
 131
 0
 108.333
 73.2222
 83.6
 121
 183.75
 74.5
 91.2857
 93.5
 82.3333
 66.7143
 70.4
 80.2
 83
 166
 99
 100.25
 429
 96.5
 218
 117.333
 51.3333
 0
 67
 0
 76
 83
 97.25
 0
 110
 103.286
 64
 94.5
 0
 73.2
 145.333
 80
 156
 110.5
 111.667
 74.3333
 62.8
 215
 66
 0
 116.75
 0
 102.714
 118
 145
 312
 104
 0
 58
 0
 75
 100
 132
 52
 491
 47
 143
 0
 0
 0
 167
 82.5714
 181
 81
 58.5
 86
 51.5
 0
 68
 63.6667
 0
 51.5
 86
 145
 0
 0
 148
 158
 82
 0
 85
 82
 130.5
 49.5
 69
 126.6
 89.75
 172
 0
 132.5
 0
 93
 50.7143
 82.8462
 52
 67.6667
 0
 144.5
 76
 64
 97
 132.5
 136.5
 0
 0
 78.625
 76.5
 114.625
 80
 96.3846
 112
 99.5
 0
 75.8571
 105.429
 71.3333
 82
 69.6667
 131.5
 216
 94.1667
 71
 72
 106.667
 84.6667
 0
 40
 105.333
 84.875
 88.5
 85
 0
 81.7143
 77.3333
 74
 107.25
 110
 171
 115.5
 43
 89.5
 45
 67.1667
 71.3333
 79.5
 97.2222
 153.5
 111
 72.5
 79
 89.625
 75
 58
 155
 73.2
 86
 147.667
 76
 0
 327
 0
 71.5
 72.3333
 0
 106
 121
 0
 51.5
 74
 85
 231
 71
 65.6667
 0
 111.167
 117.5
 0
 116.286
 0
 41
 70
 55
 104.333
 57
 161.5
 166
 51
 0
 0
 0
 0
 54
 0
 0
 56
 90.1667
 102.333
 90.1667
 90
 0
 0
 90.4
 0
 0
 49
 136.25
 44
 89
 93.5
 182.667
 127
 47
 109
 90
 0
 80.5
 74
 69.3333
 144
 70
 47
 100.667
 144
 101
 89.6667
 0
 107.286
 0
 66.375
 149.5
 58
 0
 82
 98
 142
 70.3333
 0
 66.5
 85.75
 158.2
 63
 0
 46
 128
 0
 0
 156
 89.4
 86
 147.333
 109.667
 108.857
 69.6667
 0
 168.1
 112
 77
 0
 118.571
 111
 0
 67.25
 77
 0
 64
 68
 0
 0
 49
 97.6
 131
 101
 72.2857
 59.5
 143.667
 88
 97.5
 74
 189
 111
 81.6667
 181.5
 0
 144
 112.167
 0
 84.25
 104
 209
 72
 68
 0
 99.5
 74.375
 81
 98.6
 76.5
 80
 80.75
 110.75
 85.6667
 92
 72
 61
 85.5
 127
 0
 108.4
 69
 65.8
 0
 131
 77
 90
 0
 96
 87
 134
 86
 0
 71.5
 84.4615
 77.3333
 96
 87
 56
 68.75
 0
 114.833
 136.4
 0
 104.4
 0
 92.875
 60
 0
 0
 0
 70.5
 142.5
 0
 144
 112.167
 0
 77
 131
 103.75
 74.3333
 50.5
 0
 67
 81.5
 79.5
 72.7
 64
 128
 104.429
 77
 0
 99
 136.5
 67
 0
 0
 0
 67.4
 62
 68
 136
 96.5
 41
 49
 0
 49.6667
 82.6667
 0
 0
 79.25
 108
 93
 76.8571
 96
 59
 0
 128.875
 80.5
 69.5
 78
 94
 90.6667
 52
 73
 81
 0
 96.8
 0
 87.25
 0
 0
 235
 85
 58.6667
 102.375
 76
 68.4286
 77.5
 0
 110.5
 92.875
 97.5833
 73
 47
 72
 70
 145
 112.333
 75.5
 166
 91
 206.667
 71.5
 90
 0
 0
 59.6
 57
 127.5
 61
 0
 153
 0
 85.5
 96
 58
 112.8
 82
 65.7273
 65.5
 94.5
 44.5
 41
 88.1667
 75.5
 73
 114.333
 129.5
 110
 92.3333
 41
 0
 47
 0
 92.2143
 76.6667
 56
 114.833
 97.125
 109.25
 99.3333
 64
 82.8
 78
 76.6667
 70
 101.167
 186.5
 0
 78.2
 111.167
 79
 145.2
 84.8
 64
 0
 84
 78.7
 65
 0
 81.5
 61.5
 0
 105.4
 87
 0
 75.5714
 116
 93
 223.667
 94
 0
 75
 150
 96.8
 259
 107
 71.125
 60.75
 109.25
 137
 76
 0
 73.5
 69
 83
 50
 87.8889
 138
 61.3333
 0
 83
 123.333
 45
 103
 87.8333
 90.25
 62.1429
 126.286
 0
 74
 0
 80.4
 143
 115.5
 96.5714
 107
 0
 68.3333
 62.5
 0
 79.25
 62
 69
 59
 43
 44
 60.5
 56
 0
 0
 72
 0
 215
 108.818
 0
 53
 53
 131.5
 47.5
 0
 104.5
 80.8
 59
 83
 352
 42.5
 0
 62.5
 47
 83
 105.5
 73.25
 79
 67.5
 131
 67
 45
 74
 108
 85
 144
 89.5
 0
 71.3333
 118
 81.3333
 89.6
 74
 65
 48
 79
 63
 80.25
 95
 66
 0
 66.75
 58.5
 74
 57
 82
 84.5
 49.5
 658
 105.8
 146.667
 0
 268.5
 102.75
 93.0909
 92.25
 109.667
 89.6
 58
 145.667
 0
 149.167
 91.1429
 93
 55.6667
 118.25
 97.5
 166
 0
 90
 53
 46.5
 0
 56.1667
 71.7143
 99.3529
 0
 73.8889
 0
 126.5
 0
 0
 164
 135
 82
 95.75
 59.5
 93.6667
 67
 81.5
 96
 189.333
 88
 55
 95
 0
 0
 55
 86
 103.167
 51
 72
 120
 0
 97.75
 0
 0
 45
 86
 94
 0
 65.6667
 81.5
 120.417
 234.25
 151.8
 54
 79
 0
 113
 68.6667
 179
 0
 107
 0
 0
 0
 131
 102.5
 126
 200
 47.5
 189
 40
 108.2
 97.2857
 0
 173
 109
 43
 291
 0
 0
 127.5
 66.5
 291
 309.667
 49
 454
 0
 0
 211
 78
 129.625
 85.6667
 100
 40
 138
 43
 0
 192.5
 111.5
 40
 158.75
 153.5
 0
 216.667
 286
 0
 255
 290.5
 126.6
 97
 331
 64.5
 0
 0
 0
 0
 0
 102
 0
 68
 86.5
 0
 106.5
 296
 126
 55
 71
 0
 68
 0
 80.6667
 0
 77.5
 134.333
 0
 0
 0
 162.75
 134.25
 0
 84.25
 85
 48.5
 0
 0
 0
 0
 162.5
 76
 191
 167
 81
 0
 167
 180
 124.2
 92
 68
 87
 83.2
 0
 58.5
 48
 0
 278.5
 0
 0
 83.5
 155.2
 91
 56
 80
 74
 109.5
 48
 124
 0
 71.75
 0
 97
 0
 115.75
 0
 0
 79
 88.5
 96.25
 78.9231
 142.5
 101.667
 76.3333
 150.8
 107.667
 130
 125
 0
 46.5
 133
 82.1429
 80.25
 111.875
 105
 83.5
 106
 0
 0
 0
 79.5714
 118.833
 0
 75
 0
 45
 56.3333
 152
 86.125
 0
 71
 115
 77.5
 66.1429
 63.2
 145
 126
 48.6667
 70.3571
 111.375
 0
 67
 71
 122.4
 87
 188
 0
 98
 133
 51
 92.6667
 95.3333
 108
 0
 107.5
 92
 46.5
 125
 200.5
 73
 130.25
 105
 284
 93.8
 160.857
 69.3333
 77
 0
 93.6667
 146
 164
 0
 0
 0
 83.5
 135.167
 49
 48
 92
 101.6
 100.333
 292
 0
 161
 46
 72
 53.6667
 75.5
 0
 157
 115
 59.5
 0
 82.6667
 88
 96
 0
 97
 92.8889
 98.5
 78.8
 164
 124.25
 69
 61.1667
 78.6667
 60
 102.333
 0
 0
 83.6
 91
 0
 138.667
 103.333
 81
 62.5
 109
 135
 73.5
 106.667
 150.5
 57.25
 64
 87
 102.143
 59
 84
 95
 80.5
 59
 0
 91.75
 0
 0
 96.25
 118
 55.5
 0
 86.8333
 56
 138
 75
 106.929
 83.2857
 201
 176
 0
 66.4
 0
 65.8
 110.4
 146
 51
 380.4
 89.4
 91
 0
 77.5
 120.4
 117
 58
 77
 68.2857
 109
 91
 55
 78.2
 192
 157
 0
 88
 43.5
 73.6667
 138
 65
 64
 103
 66
 55.75
 117.429
 51.3333
 165
 71
 71.8182
 385
 83.5
 85.8
 74
 76.4
 83.5
 79.4286
 77
 72
 0
 74.9167
 65.5
 0
 86.6667
 98.6667
 72.5
 81
 63
 140
 308
 82
 89
 76.8333
 40
 59
 147.5
 130
 71
 109
 162.375
 98
 0
 112.3
 62
 86.6667
 135.25
 0
 0
 107.8
 121
 59.5
 84.5556
 0
 0
 68
 80
 46.5
 58.5
 43
 174.5
 0
 0
 147.333
 68
 88.6154
 84.25
 75
 86
 0
 83.5
 74
 73.5
 74.6
 113.5
 72
 0
 0
 126.333
 62
 0
 160.75
 72
 0
 86.6
 90.4
 0
 136.2
 216.5
 0
 74
 0
 71.1429
 0
 84.3333
 153
 88.4
 0
 102.5
 92
 0
 85.6667
 71
 75
 108
 126.667
 76
 114
 112
 0
 69
 63.25
 125.667
 311
 0
 64
 115
 42
 138
 78.5
 67
 86.25
 93.8333
 140.333
 117.5
 104
 105
 92.2857
 42
 70.3333
 0
 107.25
 105.25
 107
 84.4
 106.75
 73.6667
 68
 0
 118.667
 0
 0
 105.5
 108.714
 0
 0
 102.6
 0
 226.4
 0
 88.5
 79.1667
 62
 73
 105.667
 183.5
 94.6
 95.5
 92.6
 86.3
 89.3333
 72
 114
 94.5
 75
 77.4
 97.6
 118.333
 89.1429
 228.5
 0
 71.6667
 80.3333
 80.4444
 80.7143
 81.2857
 96.8
 102.5
 63
 118.667
 82.3333
 72
 83.2857
 222.5
 0
 144.5
 89
 79.625
 79.25
 77
 0
 74
 105.5
 76.3333
 73.8333
 85
 109
 72
 99.5
 157.5
 190
 87.3333
 90.5
 88.9091
 81.5
 88
 78.6667
 118.5
 82.8
 182.5
 197
 76.6667
 0
 0
 224.75
 119.333
 97.3333
 90.4
 119
 71.6667
 85.5
 88.3333
 0
 40
 107.75
 116
 134.5
 74
 77.4444
 93.5
 95
 127.333
 80
 86.6667
 85.75
 70.5
 81.6667
 106.75
 87.2
 113
 0
 101
 75
 95.5
 284.667
 92
 82.75
 82.5
 126.25
 161.25
 107
 67.2
 209
 106.8
 99.7778
 0
 0
 0
 77.2
 86
 0
 114
 137.333
 101.111
 113
 68.6667
 100.667
 82.4
 0
 99.8889
 106.2
 106.75
 165.667
 80
 60
 83
 70
 0
 89.5
 112
 120
 89.3333
 155
 104.333
 143
 81.8
 70.5
 82
 90.1667
 78.5556
 115
 465
 81
 77.6667
 42.3333
 105.2
 70.5
 76
 94
 94.75
 71.6667
 107
 93
 75.2
 171.25
 106
 84
 71.3333
 173
 72
 78.8571
 0
 83.8571
 0
 0
 46
 60
 68.6667
 158
 64
 93.5
 0
 52
 132.8
 97.5
 72
 89.5
 105
 62
 113
 82.6
 85
 88.5
 118.375
 83.4
 55.3333
 47
 75.75
 0
 52
 0
 50.5
 161
 74
 0
 117.25
 0
 167.5
 157.75
 178
 91.5
 77.6
 0
 102.4
 85.75
 86
 76
 0
 63.5
 193
 0
 67
 0
 59.25
 91
 118
 95
 51
 131.8
 0
 0
 255
 0
 0
 103.5
 279
 0
 263.333
 0
 0
 105
 255
 49
 119
 0
 0
 0
 72.6667
 55
 111
 138
 103.333
 184
 130
 90.6667
 142.8
 204
 90.6667
 253.25
 197.571
 132.25
 325
 147
 66
 94.6667
 62
 145.833
 80.8
 94.6667
 62
 45
 62
 190.2
 62
 45
 62
 145.833
 250
 131.5
 54
 0
 111
 0
 0
 44
 0
 0
 0
 211
 77
 85.6667
 88
 71.6
 0
 0
 62.6667
 0
 49
 60
 0
 76
 80
 56
 355.333
 149
 51
 68.4
 183.286
 91
 0
 82.5
 89
 50
 0
 68.25
 0
 65
 148.5
 94
 106
 107.167
 69
 79
 90
 74
 81.25
 0
 56
 0
 73
 64
 120
 157
 0
 72
 112.5
 94
 205
 110.286
 88.5
 98
 66.5
 113
 128
 91
 0
 92
 78
 103
 45
 0
 0
 123.7
 64
 58
 75.5
 51
 198
 74.6667
 84.5
 127.4
 72.6667
 90.125
 72
 129
 84
 83.2
 73.6
 0
 71
 98
 90
 103.667
 146.667
 85.6667
 0
 151
 86.3333
 174.667
 85.6667
 65.3333
 88
 0
 78.5
 81.3333
 102.5
 83.4
 90.2308
 104
 74
 0
 120.8
 65.1667
 0
 0
 69
 73
 0
 94
 0
 59
 130
 98.25
 111.667
 110.667
 0
 69.8333
 81
 0
 0
 139
 99
 139
 77
 92.1667
 64.4
 174
 70.8
 126.333
 104.75
 89.3333
 76.3333
 79.2
 103.25
 71
 60
 84
 79.75
 69
 0
 83.75
 86
 95
 64.5
 128
 85.3333
 113.6
 157
 81
 0
 105.5
 40
 95.7143
 61.3333
 109.429
 0
 104
 99.5
 144
 72
 108.4
 149
 69.3333
 69.3333
 81.5
 83.75
 102.667
 0
 0
 103.4
 82.125
 73.2
 108.286
 0
 56.6
 90
 75.6667
 146.333
 84.3333
 160.75
 77.8
 89.8
 153.333
 77.3333
 0
 81
 0
 0
 83
 90.25
 0
 144
 93
 76.6667
 78.3333
 0
 101.5
 99
 87
 82.3846
 77.6
 71.5
 92
 82.7143
 40
 88
 57.5
 64
 121.833
 62
 78
 56
 114.4
 89
 126
 102.667
 0
 89.5
 175.167
 73.3333
 66
 0
 0
 112.286
 143.75
 97
 73
 102
 0
 100.889
 115
 71.6667
 76.4
 82.25
 55.5
 92
 97
 84.5
 54
 91.7
 79.8333
 101
 87
 78
 70
 66
 66
 0
 95.4286
 0
 67.25
 85
 69.75
 78
 66.8
 70.6
 81.7778
 74.6667
 126
 69.2
 0
 97.75
 135.5
 0
 88
 97
 96.625
 89.2
 86.3333
 101.833
 88.5
 74
 96
 0
 69
 130.2
 73
 79
 114.75
 111
 90.875
 0
 198
 76.5
 75
 79.6
 73.3333
 52
 145.5
 0
 167.5
 133
 75
 108.5
 90
 104
 169
 91
 105
 78.3125
 83.2903
 96
 92.6667
 0
 75.7143
 75.2
 69
 68
 150
 68.5
 52.5
 0
 250.333
 80.5455
 87.5
 84
 126
 61
 0
 129.5
 83.25
 72
 139.2
 0
 81.3333
 78.8333
 346
 86.1429
 121.333
 126.5
 85.625
 77.5
 89.25
 83.5
 84.3
 113.167
 164.333
 106
 116.333
 76.5
 85.3333
 74.4
 93
 91
 87
 0
 61
 77
 109.5
 82.5
 88
 380
 56
 80
 75
 102.333
 69.6
 79.2
 96.5
 79
 89
 126.5
 64.8333
 67.5
 116.5
 81
 76
 146.5
 82
 97
 74.3333
 94
 68.1667
 0
 77.5
 94.5
 89.25
 115.333
 67.75
 68.75
 103.6
 69.5556
 83.6667
 75.8571
 171.833
 169.5
 98
 163.5
 99.4
 82.2
 139.5
 111.25
 80
 86.9167
 80.3333
 0
 101
 163.8
 87.3333
 61.6667
 55.5
 75
 95
 118
 81.2
 0
 74
 104
 87.8
 84.1429
 74.3333
 92
 90.25
 149.667
 124.667
 52
 85.25
 0
 68.5
 47
 46
 76
 0
 76.5
 0
 97.5
 76
 74
 83
 104
 74
 0
 77.75
 0
 0
 230.333
 54
 223.5
 80
 137.714
 68
 109.273
 83.8333
 69.6
 89.8571
 0
 0
 69
 85.5
 112.333
 123.857
 98.25
 68.6667
 207.667
 115
 92.25
 86
 80.8333
 77
 104
 138
 68.8
 72.8889
 76.75
 91.875
 69.75
 85.2
 73
 47
 88.75
 105.2
 74.6667
 66
 70
 68.4
 69.25
 65.6667
 113.667
 96
 0
 70.8
 82.4286
 77
 0
 73.6667
 91.5
 74
 0
 104
 115
 76.3333
 0
 127.5
 61
 95
 73.8
 100.2
 79.8571
 81
 80.8333
 87.3333
 54
 76.4286
 0
 79.5
 87.6
 92
 114.667
 90.3333
 78
 68
 83
 0
 0
 74
 89.6667
 84.6
 350
 101.2
 0
 105.333
 90.5
 135
 103
 110.167
 79.3333
 106.143
 285
 189
 83
 96.8
 203.5
 87.75
 98.75
 81.1429
 74.2
 113.75
 181.667
 0
 183.5
 68
 182
 98
 0
 74.6
 60.875
 69
 119.5
 70
 77.4444
 155
 79.6
 54
 82.25
 80.6667
 121.5
 84.1667
 72.4
 63
 92.3333
 99.125
 84
 71.7778
 95.5
 101.5
 65
 116
 0
 73
 157
 0
 94.8333
 106.5
 76.6
 147.6
 117.5
 81.6667
 88.3333
 77
 195
 68.5
 97
 83
 101
 85.1429
 110
 0
 67
 71.5
 49
 120
 0
 81.6667
 139.5
 63
 73.6667
 71
 67.8333
 78.6667
 90.4
 77.7
 72
 61.6667
 137
 127.25
 0
 71.3333
 85.2
 71.2
 43
 71
 80.6667
 78
 220.5
 96.5
 83
 212
 277
 78
 90.5
 81.3333
 79
 0
 0
 110
 0
 220.667
 127
 98
 71
 82.4
 73.5
 64
 71
 135.5
 93.2
 98.3333
 0
 322
 88.3333
 99.1667
 85.1111
 67.5
 78.8
 89.4
 110.5
 140.5
 89
 85.3333
 78.4286
 89.6667
 589
 159
 0
 0
 99.2
 93
 0
 58.6667
 53
 84.0909
 105.5
 70.5
 94.5714
 86
 83.1667
 85.0323
 0
 69.6667
 0
 84.2
 121.25
 86.5
 105.5
 84.3333
 156
 170.667
 0
 76
 0
 73.6667
 127
 116
 76.8947
 86.75
 111.5
 78
 77
 76.75
 81.9
 95.4
 106.333
 125.333
 117.667
 133.667
 87.125
 192
 76.3333
 111
 105.5
 156
 71.3333
 71
 81.25
 67.1667
 95
 73
 119
 87.375
 111.333
 86.6667
 96.1429
 0
 73.1111
 67
 75
 121
 0
 0
 84
 75
 116
 65
 66
 0
 70.2
 52
 0
 70
 169
 87
 116
 184
 0
 80.25
 76.5
 90.25
 48
 90
 121.5
 74
 101.5
 172.333
 0
 90
 264.5
 77.4
 85.8
 85.2
 85.2
 108.5
 44
 79
 229.5
 115
 116.333
 101.667
 99.8
 102
 114.5
 101
 82.3333
 71.8
 69.5
 104
 117.833
 94.5
 78.5
 134.75
 62
 64
 78
 86
 135
 81.5
 81.6
 80.6923
 55
 66.5
 53.5
 187
 0
 56
 84.5
 80.25
 0
 268
 80
 70
 85
 48
 49
 74.6667
 151.333
 84.2
 0
 87.8
 84
 57.75
 193
 0
 67
 0
 53.5
 187
 0
 56
 84.5
 80.25
 0
 268
 80
 70
 87.8
 76.75
 400
 0
 0
 44.5
 276.8
 0
 0
 0
 107.333
 61
 0
 103.667
 126.25
 74.1
 108
 80
 101
 86.6
 70.3333
 75
 70.1429
 65.125
 73.6667
 90.2
 208
 106.333
 103.667
 114.25
 80.6667
 141.5
 69
 68.4
 0
 117.333
 82.7778
 99
 0
 65
 0
 71
 115
 315.5
 90.2727
 77.6
 89
 70.6923
 164
 91
 103.25
 104
 0
 0
 0
 152
 89.25
 139
 88.6667
 87
 76.5
 91.5
 0
 75.5
 71
 102
 96
 133.75
 80.2857
 54
 0
 210
 44
 0
 0
 44
 210
 0
 74
 0
 0
 67
 71
 58
 117.5
 112
 72.2
 93
 80.2857
 112.75
 0
 74.4
 83.5
 70.75
 82.6667
 111.571
 67.75
 102.667
 141.75
 66.5
 96
 71
 89.5
 79
 93.5
 254
 0
 73
 103.5
 91
 85.7143
 90.2
 76.75
 80.2
 100.143
 146.8
 77.75
 81.8889
 90
 70.625
 74.1111
 89.75
 45
 0
 83.5714
 63.4
 86.3333
 147
 83
 123
 95.3333
 84
 0
 0
 121
 80.6667
 105.833
 87.4
 87.1
 78
 74.5
 78.0833
 86.6667
 71
 71.8
 85.75
 160
 69
 0
 71.8333
 68.125
 125.5
 65
 88.8571
 210
 99.6667
 0
 244
 53.3333
 64.75
 70
 0
 88.7143
 42
 83
 153
 75.75
 97.8
 72.7143
 163
 88.875
 108.429
 0
 87.8
 0
 89
 156
 142.167
 74
 227
 66.5
 76
 86.3333
 155.5
 0
 128
 116.5
 96.4
 86.7143
 71
 80
 102.333
 92
 103.25
 165.75
 97.3333
 98
 87
 79
 105
 76
 111
 88
 84.5
 239
 167
 107
 81.7
 74.4
 75.5
 72
 96.25
 137.333
 68.3333
 78.75
 81
 58
 109.333
 67.1667
 103.8
 68
 96.2
 98
 76.5
 115.5
 90.3333
 88.3333
 73
 93.6
 79
 82.875
 63
 70
 142.75
 86.5
 77.25
 69.1667
 89
 135.25
 75
 64
 91
 98.3333
 85.6
 94
 76.5
 69.25
 67.75
 191.667
 71
 116
 74
 0
 63.75
 97.375
 0
 0
 52
 118.8
 79.4
 93.3333
 78.2857
 0
 0
 93
 70.3333
 70
 71.25
 90.3333
 89.5
 40
 145.5
 85
 96
 164
 70.5
 80
 79
 0
 0
 75.5
 0
 104
 111.75
 83.3333
 87
 98.5
 65.7143
 0
 98
 126.5
 120
 129.667
 98.2
 92
 80.6
 88
 106
 79
 0
 114
 133.5
 82
 90.3333
 101.5
 114
 105.667
 106.75
 172.25
 0
 134.25
 284
 61.5
 55
 70.3333
 113
 71.1429
 80.75
 80.6
 92
 115.6
 121.2
 122
 56.5
 57
 0
 106
 106
 103.667
 87.6667
 85.25
 0
 89.1429
 104.6
 89.6667
 0
 87.25
 79
 92
 0
 0
 103.625
 95
 76
 91.5
 92.2
 76
 89
 0
 105.75
 69
 84
 77.6667
 158.125
 76.2857
 105.2
 52
 210.25
 136
 0
 53.5
 75.3333
 92.1111
 78.4
 88
 68.6
 70.5
 81
 0
 54.6667
 170.667
 83.6
 95.5
 148.75
 85.1667
 91.5
 78
 70
 79
 69.8571
 92.5
 131
 52.5
 86.7143
 0
 98.6667
 92.1667
 101.5
 0
 109
 88
 65.25
 96.7778
 100.4
 83.5
 149
 84.5
 0
 182
 75.5
 93
 97.3333
 77
 73
 220
 114.667
 119.5
 77
 74.5
 75.3333
 81.6
 137.333
 0
 115.6
 78.5
 69
 87.6667
 89.6667
 0
 0
 91.8571
 139.857
 82.6667
 63.5
 119.333
 79
 78.75
 74.5
 78.75
 100
 81.8889
 86
 80.5
 67.5
 68.6667
 72
 69
 84.5
 81.8571
 76
 91
 134.5
 230
 92.6
 0
 111.6
 89.2857
 0
 0
 89.2857
 70.5714
 93
 75
 95
 105.5
 198.333
 79
 80
 69.2
 116
 92
 78.7333
 84.8333
 0
 0
 77.1429
 112.833
 106.833
 0
 92.5556
 72.8
 112.5
 0
 0
 91
 204
 84.6
 64.25
 93.1667
 89.25
 159.714
 138.8
 68
 79.3333
 78
 261
 91
 88.4286
 80
 0
 97
 446
 92.6667
 215
 72.2
 93
 131.2
 94.3333
 152
 80
 69
 64
 0
 111
 69.5
 118.5
 80
 91
 54.75
 72
 83
 60
 72.4545
 147
 119
 69.6
 134.6
 70.6667
 125.833
 106.5
 102.167
 87
 88.8235
 85
 77.3636
 174
 75.8333
 67.5714
 70.9
 79.75
 103.333
 103.909
 0
 74
 118.2
 85.625
 0
 63.25
 73
 226
 78
 170
 105
 113
 90.75
 42
 0
 68
 85.1667
 127.5
 87
 134.667
 72.3333
 0
 85.6667
 88.6667
 86.75
 75.1429
 64
 187
 0
 165.5
 124
 0
 53
 111
 0
 97
 63.5
 84.6667
 129
 167.8
 106.8
 0
 49.5
 41
 161
 110.5
 61
 113
 0
 108.625
 94.75
 69
 0
 67.25
 98.25
 97
 78
 94.6667
 0
 0
 81.6471
 124
 77.6667
 53
 127.8
 96
 61.4
 112
 83.2857
 98.6667
 82.5714
 100
 71.25
 103.25
 66
 0
 70.4
 67.5
 88.5
 63.125
 61
 78.5
 197
 109.667
 81
 74
 0
 68
 74.8571
 98.5
 74.8
 0
 131.833
 76
 47
 41
 0
 0
 53
 0
 0
 95
 0
 228
 114
 0
 0
 67.5
 184.5
 89.5
 0
 233
 0
 225
 80.25
 103
 98
 92
 73.1429
 123.5
 96
 91.75
 83.5
 100.6
 159
 90.5
 112.5
 126
 90.6667
 67
 69.8889
 67
 0
 0
 94.5
 109
 67.5
 0
 0
 0
 69
 0
 0
 237
 67
 83.5
 0
 74
 0
 98.5455
 0
 83
 135.75
 0
 62.5
 0
 0
 261
 0
 70
 129
 66.8571
 101
 74
 63
 68
 98.5
 79.75
 82
 80.6667
 69
 98.1667
 77.5
 73.125
 103.667
 0
 68
 83.75
 105.333
 91.8
 95.6667
 76
 87.5
 76.6667
 75
 68.75
 0
 108.2
 84.25
 0
 79
 102
 124
 74.2
 86
 98
 96
 112.125
 181.5
 71.8
 83.6
 0
 100.25
 85
 106.8
 79.8
 85.1667
 0
 104
 69
 69
 0
 0
 59.75
 165
 112
 66.1667
 0
 0
 129.143
 108.444
 76.3333
 285
 87.75
 137
 100.75
 71
 0
 0
 164.667
 71.3333
 85.4
 0
 82.25
 94
 0
 85.3333
 53
 0
 0
 0
 153
 95
 0
 144.25
 0
 108.875
 69.75
 82
 149.667
 89.6667
 96.125
 98.4
 85.5
 76
 139
 196.5
 69
 85
 76
 81.3333
 108.333
 129.5
 76.8
 89.3333
 76.3636
 69.25
 73
 85.5
 86
 86
 85.8462
 88.1111
 123.5
 76
 86
 0
 89.75
 101
 79
 0
 80
 77.4545
 98
 86
 56
 77.5
 70
 90.75
 116.2
 113.25
 87.5
 89
 74
 0
 81
 85.5
 0
 0
 130.333
 72.6667
 69
 80.3333
 82.3846
 83.1429
 78.3333
 71
 81.4
 92
 162.333
 79
 69.75
 74.4286
 91.8571
 0
 48.5
 108.5
 68
 0
 95.5
 129.6
 97.8462
 76.5
 90.8333
 0
 82.75
 58
 100.429
 65.5
 54
 54
 65.5
 100.429
 170
 94.5
 81.4
 84
 127.5
 100.333
 86.8182
 92.5
 0
 118
 92.6667
 0
 77.6667
 101
 79
 82.3333
 48
 92.8
 159
 96.875
 162.333
 74.3333
 73.5
 70
 105.667
 0
 74.6
 92.3333
 0
 62.3333
 67
 0
 117.833
 75
 76
 113
 445
 66
 76
 84.6667
 95.8571
 89
 88
 93.6667
 71.25
 0
 0
 87.5
 184.5
 71
 74.2105
 131
 83
 137.5
 92
 0
 85.8
 123
 100.25
 70.3333
 83.2
 75.125
 172.5
 0
 55
 157.333
 0
 0
 130
 149
 47
 65.6667
 47
 149
 0
 110
 0
 149.5
 59.3333
 127.333
 130
 94
 72.8333
 128
 97.2
 372
 0
 89
 132.5
 90.6667
 65
 80.3333
 86.3333
 95.125
 94
 98.75
 69
 0
 101.4
 112.636
 97.3333
 99.2857
 75.5
 69
 86
 102.2
 82.3333
 60.2
 102.333
 135
 64.1667
 71.1667
 71
 74
 124
 79.6667
 113
 139
 80.5
 89.5
 73.5
 91.5
 80.8
 77.875
 77.5
 116.5
 167.5
 74
 69
 43
 118.5
 0
 62
 0
 78
 0
 80.75
 58.6667
 73
 68
 89
 80.6667
 107.8
 109.667
 77.75
 123
 69.6667
 94.8889
 78.6
 90.2
 114.5
 57
 0
 79.75
 73.7
 135
 83
 71.75
 73
 96.75
 90
 95.75
 0
 109.8
 134
 75.25
 88
 130
 87.6667
 91
 107
 70.5
 108.286
 79.8333
 115.4
 137.667
 82.5
 102
 86.6667
 115
 109.5
 86.3333
 74.4
 69
 91
 73.5
 65
 54.5
 69
 106
 0
 0
 73.6667
 0
 112.2
 78.6667
 91
 246
 248
 59.3333
 134
 98.6
 105.5
 108.333
 73
 71
 101
 155
 60
 91.3333
 88
 97.5
 109.833
 67
 137.5
 99.3333
 87.4
 154.25
 96.5714
 75.75
 128
 129
 56
 74
 91.3333
 49
 75.4286
 97.5
 74.3333
 67.75
 78.5714
 82.2727
 0
 140
 83
 223
 0
 95.5
 0
 47
 80
 86.0909
 85
 212.25
 87
 71
 100.333
 84.6667
 91.6667
 71
 86
 105.2
 78.5
 91.3333
 54
 125
 41
 85.9091
 86.8333
 80.0909
 125.5
 106
 89.2
 92.6667
 119.5
 73.8
 90.5
 79
 0
 75.5
 164.5
 89.8571
 69.6667
 79
 75.25
 121.222
 92.4
 89.25
 153
 103.875
 58
 104.5
 0
 0
 74
 61
 0
 104
 51.5
 157
 255
 114
 0
 88
 216.333
 414
 70.5
 59
 0
 111
 0
 82.75
 0
 58
 152
 94.5
 56
 244.4
 310
 0
 291
 48
 0
 393.333
 0
 177.5
 316.333
 123.727
 81.25
 186
 148.833
 173.25
 304
 69
 0
 0
 130
 0
 89.5
 75.3333
 142
 0
 54
 60.3333
 283
 98
 72.8
 0
 89.5
 0
 69
 79.1
 81
 90.5
 87.7143
 0
 91.25
 82
 98.2857
 94.4
 89
 66.875
 73
 86
 52
 168
 69.5
 84
 62
 80
 112
 127
 99
 120.75
 97.1
 68
 55.3333
 71.6667
 56.5
 0
 90
 90
 0
 80.6
 123
 0
 65.5
 88.8333
 84.0625
 198
 149.5
 69.8333
 84.8571
 0
 73
 301.5
 86.4286
 88
 73.4286
 0
 138.8
 0
 97
 49
 52
 41
 51.5
 74.375
 0
 52
 84
 120.5
 0
 71.3333
 84
 95.7143
 92.25
 108
 151.5
 87.8333
 94.5
 92
 0
 135
 0
 205.75
 192
 0
 52.3333
 77.5
 89
 0
 125
 125.25
 93.25
 90.2
 0
 106.167
 101
 99.75
 97.8333
 0
 91.7
 68
 97
 0
 0
 0
 74
 82.5714
 83
 80.5
 66.75
 64
 94.8333
 0
 49
 77
 0
 139
 104
 124
 0
 115.25
 80
 0
 73.8
 0
 76
 114
 83.8571
 0
 84.5
 218
 83.4
 91.5
 170
 69.5
 93
 88.6
 66
 78
 118.385
 166.333
 59.5
 197
 197
 73.5
 88.3333
 49
 93
 308
 88.5
 216.5
 0
 71.6667
 59
 88.6667
 157.25
 126
 77.75
 99.4
 81.25
 0
 0
 118
 50
 76
 0
 102.25
 61
 76
 80
 71.8
 126
 219
 67
 58.75
 89.05
 75.7
 69
 0
 106
 84.3333
 105
 0
 54
 95.5
 55.2
 0
 94.5
 69
 0
 106
 84.3333
 105
 0
 54
 95.5
 75
 84
 65.6667
 74
 89
 82.4
 84.5
 110.833
 0
 72
 259.6
 88.5
 90.25
 88
 171.2
 0
 97
 71.75
 109.667
 150.333
 75.5
 91
 86.5
 106.75
 98.5
 159
 111.222
 89.75
 112.667
 0
 82
 85.5
 74
 84
 101.688
 92
 113
 88.6667
 0
 71.4286
 209.667
 110.667
 175
 71.6667
 107.889
 122.714
 80.6667
 127
 66.25
 74
 69
 72.4545
 75.6667
 148.75
 83.6
 94
 71.5
 126
 104.286
 123.5
 0
 71.7857
 93
 76
 107.3
 110
 52
 83
 109.667
 0
 0
 128
 158
 97.5556
 143.5
 64
 84.6667
 93.1429
 75
 80.6
 86.5
 444
 78.75
 108.2
 0
 0
 95.3636
 72
 118
 108.333
 84
 92
 88
 83
 0
 53
 55
 66.5
 114.2
 82
 0
 0
 255
 96.5
 185
 92.1429
 148.333
 86
 72.25
 108.667
 83
 93.25
 103
 96.2
 112.333
 76
 79.4
 156.5
 98.1429
 104
 63.5
 75
 69
 79.8333
 0
 87
 96.3333
 106.333
 74
 108.8
 75.5
 68.5
 133.5
 105
 114
 111
 106.333
 48
 94
 68.5
 82.6667
 79.5
 84.2
 74.8333
 87.5
 102.929
 128
 165.5
 109.556
 226.333
 0
 125.25
 124.5
 0
 0
 92.7778
 100.333
 80.5
 66.5
 73
 58
 98.5714
 54
 81
 100.333
 88.75
 115
 58.5
 82.25
 76
 105.667
 78.5
 86.5
 94.25
 79.75
 87.5
 77.2308
 100
 75
 117.75
 87
 107
 143.333
 60.5
 72.4
 115
 83.5
 0
 90.6667
 138.778
 41
 100.2
 0
 102.125
 94.75
 105.5
 102.5
 71.5
 76.125
 125.667
 61
 74
 89.5455
 75
 71
 72.5
 127.333
 79
 158.818
 97.4
 80.1818
 73
 73.6667
 67.5
 82.6667
 92.6667
 85.4
 60
 307
 189
 0
 78
 69.75
 61.5
 66.8333
 78.4167
 90
 48
 47
 111
 85.6
 67
 103.778
 77.25
 154
 92.875
 117
 128.5
 0
 0
 69
 58.5
 64
 94.5
 97.3333
 102
 86.5
 80.8
 0
 0
 42.5
 0
 66.5
 89
 128
 64.25
 99
 92
 74.6667
 75
 85.8333
 74.3333
 77
 94.25
 84.25
 0
 212
 71
 75.5
 207
 89.6
 96.5
 92.3333
 96.6667
 71.5
 63
 106.5
 75
 143
 110.75
 74
 73
 79
 113
 101
 78
 140
 188.333
 0
 73
 168
 126.5
 140.25
 0
 250
 0
 80
 151
 54
 0
 249.333
 120.5
 96
 91.75
 129.8
 0
 73
 0
 92.3
 542
 119
 73
 55
 117.1
 93.2
 93
 121.333
 83.5
 103.5
 66.625
 76.5
 89
 93.5
 86.7143
 124.4
 0
 0
 0
 59
 106.25
 0
 89.4
 84.2857
 185.25
 177
 0
 99
 78
 0
 0
 89
 79
 74
 93.1667
 74
 90
 62.6667
 175
 106
 71
 59
 98
 94.75
 62
 0
 0
 112
 76.6667
 94
 0
 0
 105.333
 0
 0
 70
 45
 110
 95.3333
 98
 65.5
 81.3333
 0
 126
 93.8333
 68
 0
 0
 106.333
 65.5
 98
 131.5
 163
 0
 76
 68.25
 161
 85
 40
 103.8
 93.375
 94
 104.2
 0
 0
 94
 0
 80.3333
 98
 164.5
 74.5
 92
 0
 113.333
 64
 239
 85.3333
 74.4
 0
 88.625
 79
 79
 0
 0
 0
 127
 131.4
 77.8
 50
 108.8
 73.7143
 71
 84
 94
 47
 73
 88.25
 62.5
 0
 89.2857
 79.5556
 67.3333
 85.3333
 75.5
 94.1429
 101.5
 112.5
 140.9
 206
 98
 74
 69.8333
 0
 0
 69.7143
 110
 91.6667
 134.667
 76
 89
 66.8571
 97
 73.3333
 74.4444
 103
 74.375
 71.1111
 72.6667
 197.6
 82.625
 134.6
 121
 81.6
 62
 108.75
 79.5
 84.5
 137.3
 72.2
 105.143
 77.5
 73
 78.25
 68.5
 71.5714
 71.4167
 78
 72
 74.8571
 71.6
 96.2
 91
 135
 47
 89
 105.375
 171
 150.7
 106.333
 105.5
 68.6
 85.5714
 0
 73
 0
 77.7
 0
 125
 73
 61
 104.2
 79.3333
 77
 0
 0
 71
 130.167
 95.6
 82.7
 123
 74.6667
 110.25
 77
 89.8571
 67.75
 72
 95
 81.2
 74
 82
 80
 166.333
 96
 80
 120
 74.6667
 80.7333
 81.5
 78.3333
 79.75
 91
 84.6
 144
 67.25
 72.1429
 94.8
 109
 92.5
 113.333
 84.6667
 125.4
 105
 96.4
 0
 47
 0
 0
 116.8
 89.6667
 65
 67.75
 77
 73.4
 109.75
 0
 0
 130.222
 406
 0
 0
 122.4
 0
 50
 91.3333
 0
 142
 93
 50
 0
 72
 151.5
 124
 139.75
 109
 181.375
 109
 146
 111.7
 103.333
 138
 111
 0
 137
 0
 40
 182.5
 150.8
 132.143
 0
 163
 145.333
 254
 149
 222.833
 50
 244
 0
 319
 110.5
 291
 96
 108
 0
 111
 0
 0
 0
 162
 0
 0
 92
 0
 125
 93
 85.4444
 114.667
 173
 88
 233
 43
 81
 151
 91.3636
 271
 67.25
 0
 52
 109
 96.8
 82.125
 96.4286
 0
 95
 78.8571
 81.7143
 74
 61.1429
 49
 90.5
 52
 92
 81
 69
 68.8333
 94
 79.2308
 72
 255
 98.2
 0
 83
 83.125
 66
 70.6667
 0
 71.1429
 71.2222
 88.6
 83.8
 233
 114.75
 0
 151
 119.75
 102
 0
 78.6667
 0
 86.3333
 70.25
 80.5
 0
 77
 79.125
 0
 0
 269
 0
 155
 77.6
 84
 111.25
 89
 89.5
 86.1429
 63
 58
 99.931
 73.75
 82
 115.25
 92
 85.5
 0
 0
 93
 83
 83.7143
 74
 80
 74.4
 73.1667
 97.2857
 89.4
 0
 0
 140
 0
 87.3333
 87.4
 76.2857
 140
 82
 81
 77.5
 77.6667
 100
 88.75
 68
 0
 0
 72
 168
 76
 104.5
 90
 80.8571
 113.8
 83
 73
 85
 77.4
 80.7778
 100.6
 68.5
 89
 77.2857
 88.75
 89.5714
 82.3333
 76.8
 71.6
 95
 0
 0
 86.8
 99.2
 83
 86.25
 86.25
 137.667
 103
 71
 73.8333
 75.2
 130
 112.125
 92
 98.2
 63.3333
 65.5
 73.8571
 132.5
 85
 318
 84
 110.8
 84
 79.3333
 94.2222
 89
 104
 78
 91.6667
 73
 87.75
 87.4545
 82
 77
 88.1429
 97.2857
 77.25
 78.25
 0
 115.333
 60
 74.3333
 67
 118.667
 71.4286
 119.5
 78.3333
 96.2308
 81
 94
 86.8571
 72.6
 77.8333
 106.333
 73.4
 81
 98
 98.6667
 90.375
 72.5455
 98.3333
 130.75
 89.1111
 82.3333
 84.5
 89.3333
 105.75
 61.5
 89.25
 58
 91
 83
 59.5
 89
 167
 83.5
 102.5
 0
 84.625
 96.25
 87
 96.75
 79.625
 148.333
 76.6667
 143
 80
 0
 83
 92
 77.3333
 89.6667
 99.2857
 63
 63.3333
 0
 99.25
 73
 73.5
 61.5
 104.875
 112.375
 139.8
 90.25
 0
 0
 100
 91.75
 93.6667
 86.1667
 136.167
 117.571
 0
 168
 76.875
 123.75
 0
 99
 101.667
 116.286
 122
 56.5
 75.8
 75.8
 77
 69.3333
 83
 77.25
 129
 155
 0
 75.1818
 62.5
 77
 88.45
 133
 74.3333
 126
 83
 104.5
 91
 106.667
 83
 0
 112.667
 187
 74
 85.25
 98.6667
 94.1667
 70
 92.5
 78.6667
 72
 84.8571
 72.5714
 54
 81.5
 74
 0
 0
 0
 0
 0
 0
 82.5
 83.8
 79.7143
 67
 103
 80
 0
 0
 84
 100.5
 74.5714
 82.5
 103.429
 122.714
 65
 70.5
 116.25
 73.5
 263.667
 0
 59
 0
 0
 113
 118.286
 84
 181
 85.5
 78
 0
 71.6667
 95.3333
 0
 84.2
 0
 95.3333
 84.2727
 98.5
 0
 0
 149.333
 90.4
 86.6667
 104.1
 90
 0
 122
 106
 67.75
 84.5
 83
 84.6667
 153.5
 114.8
 71.4444
 75
 69
 98.1
 97.4444
 44
 131
 65.7778
 73.6667
 66.75
 76
 76.5
 66
 104
 122.667
 0
 98.5
 78
 0
 48.5
 707
 67
 181.667
 72
 109.125
 165
 94.3333
 112
 83.75
 66.5
 94.1667
 97.5
 101
 0
 113
 98.4
 178.167
 90.8889
 91.1667
 80.75
 79.3333
 0
 76
 49
 156
 0
 77
 138.6
 97.3333
 97
 97.6667
 91.1667
 70.8333
 82.6667
 81.3333
 170
 97.6667
 123.75
 92.5
 119
 119.75
 85
 109
 101
 72.3333
 105.333
 113.75
 58.5
 105.833
 93
 68
 89
 0
 123
 93
 98
 100
 83
 0
 58
 244.2
 42
 0
 129.125
 78.5
 75.2857
 118.2
 46
 89
 81.1667
 149.857
 0
 44
 0
 74.25
 120.333
 85.75
 82.6
 68
 78.3
 99
 75.6667
 47
 43
 114
 264
 72.6667
 86.75
 80.375
 73.5333
 106.182
 89.1667
 185
 66
 68.7143
 79.8333
 80
 90
 0
 103.333
 65
 96.2
 93.8571
 81
 83
 52.5
 84.3333
 83.4286
 100.2
 79.875
 81
 41
 82
 75
 89
 88.7143
 47
 0
 0
 0
 149.857
 118.667
 0
 182.5
 197
 78.6154
 76.1667
 124
 79.8
 101.2
 99.6667
 92
 0
 77.4
 80.125
 105.167
 98.3333
 85.8182
 87.75
 89.5714
 86
 105.8
 81.75
 72.5556
 103
 153.75
 87
 69
 0
 83
 97.3333
 95
 88.4
 74.1667
 97.3333
 0
 107.333
 71.3333
 89
 68
 80
 65.2
 80
 95.75
 85.2857
 76.875
 94
 77.4
 83
 81.3333
 114
 0
 0
 71.6667
 73.1667
 94.75
 127
 0
 75.5
 164
 75.25
 73
 74.5
 78
 94
 85
 0
 0
 76
 77.6667
 120.5
 0
 96.6667
 105.6
 74
 96
 81.7143
 86.5714
 79.8571
 75.3333
 145.5
 77.8
 82.6667
 86
 50
 125.6
 74
 110
 76.5
 80.3333
 0
 74
 98
 113.333
 40
 64
 78.75
 81.5
 93.6667
 79.5
 79.3
 83
 85.7143
 77.4
 93
 103
 83.6667
 91.5
 130
 75.5
 74.3333
 139
 89.75
 109.5
 64
 77.1667
 139
 112.5
 0
 82
 0
 81.5
 112.25
 106.571
 108.75
 0
 86.75
 168
 129
 106
 80
 95
 58.5
 73.8889
 73.8889
 120
 68
 100.333
 223
 0
 0
 243
 52
 187
 0
 0
 61.2857
 86.5
 178
 78.25
 129.75
 130
 294
 82
 106.5
 79
 79.5
 60.5
 0
 0
 77.5
 82.1667
 131.714
 72.6667
 111.667
 70.5
 65
 60
 84
 0
 72.6667
 0
 0
 0
 95.8
 97
 73
 67
 88.4444
 0
 138.4
 76.4286
 0
 0
 95
 96.1667
 94.3333
 167.667
 85
 72
 84
 72
 94.5
 289
 97
 77.1667
 0
 84.4286
 73.1111
 82.75
 126.5
 121.25
 0
 0
 86
 74.9091
 122.5
 91.75
 105.4
 77.25
 80.6667
 77
 89
 94.7778
 112.556
 75.7778
 82.25
 0
 80.25
 116.667
 102.429
 76.4286
 0
 87.6667
 74.125
 73
 71.3333
 225
 83.3333
 141.5
 87.25
 81
 62
 71
 56.8
 82.5
 82.75
 62
 103.6
 72
 127
 71.8333
 0
 297
 77.5
 0
 107
 110.778
 114.667
 71
 72.7143
 90
 154.667
 76.75
 115
 81
 77.6
 77
 74.4
 0
 142
 108
 185
 94
 81
 74
 128.25
 138.5
 79
 79
 104
 83.5
 72.4286
 105.25
 302.5
 71.4375
 99.6667
 87.75
 0
 70.4
 0
 85
 69.2
 75.1667
 80.6667
 87.8
 82.6667
 281.5
 87.25
 114.667
 64
 79.1667
 0
 74.3333
 196.5
 69
 82.25
 96
 90.5
 134
 107
 84.6667
 71.5
 96
 73.25
 69
 75.8889
 0
 82.4615
 141.667
 92
 201.333
 77.8
 95.5
 90.6
 81
 0
 109
 74.625
 69
 101
 102.778
 0
 173
 82
 120.667
 69
 0
 81.2222
 0
 73.5
 92
 79.125
 119
 68.5
 135.167
 84.2
 0
 89.8
 72.6667
 86.625
 101.2
 0
 92.1667
 135
 120.75
 82
 77.5
 77
 76
 70
 73.3333
 76.375
 184
 0
 87
 0
 0
 40
 71.75
 90.9091
 81.2
 148.25
 88.4286
 84
 74.3333
 442
 89
 0
 126
 49
 78
 82
 51.6667
 0
 74.8333
 63.4
 115
 55.5
 0
 0
 90.5
 97
 0
 52
 70
 99.75
 93.4
 67
 69.25
 162
 111
 58
 87
 70.6667
 182
 91.2
 0
 127.5
 100
 117
 0
 71
 82.5714
 111.333
 109
 116
 61
 82.8
 89
 87.5
 86.6667
 112
 0
 0
 91
 85.8
 47
 312.5
 110
 0
 121.5
 81.5
 68.875
 74.2
 93.3333
 116.5
 105.286
 53
 120
 0
 80.6
 97
 129
 143
 86.5
 70.5
 0
 77.1429
 67.3333
 94.6667
 94.6667
 0
 0
 85.5
 88.1667
 75.75
 95
 76.1667
 83.3333
 79
 181.8
 112.333
 119
 87.4286
 0
 128.75
 64
 69
 86.1111
 57.5
 63
 74
 81
 66.5
 0
 42
 74.75
 115
 278
 121.667
 125.667
 100.857
 78
 59.25
 72.9
 85
 115.429
 112
 75.5
 81.5
 101
 84.3333
 115.5
 82.5
 204.667
 129
 191
 86.2
 123.5
 73.3333
 75
 78.4
 120
 122.25
 106
 132.8
 0
 0
 0
 98
 0
 76.25
 66.5
 99.5
 78.3333
 76.6667
 89.6667
 109.333
 93.3333
 123
 106
 142
 80.875
 124
 79
 149.6
 85.2
 70
 82.5714
 87
 136.5
 74.25
 73
 134
 96
 83.75
 78.1667
 0
 72.6
 84.5
 87.25
 107.5
 112.5
 80
 0
 249
 151
 106
 122.4
 130.2
 108
 62.6667
 129
 48
 41
 66.6667
 103
 151.5
 98.25
 105
 107
 83
 82
 119
 104.6
 68
 113.333
 80
 73.8889
 82
 70
 100
 78
 96
 134
 87.8
 83
 78
 0
 117.25
 77.8571
 93.4
 73.6667
 121.5
 175
 258
 60.5
 177
 0
 77.6667
 147.333
 103
 94.2222
 94.6667
 79.7143
 71.8889
 81.5385
 81.6667
 70
 108
 94.875
 435
 81.75
 78
 0
 125.5
 74
 118
 72.6667
 125
 63.5
 78.375
 91.2
 67.6667
 73
 78.5
 118.667
 119.333
 115.5
 0
 73
 127
 77
 106.5
 157.5
 104.167
 88.5
 0
 131
 67.3333
 105.75
 116.667
 0
 111.941
 132.8
 77.8
 96.75
 75.6667
 40
 0
 76.5
 80.7
 77.7143
 79
 0
 155
 0
 0
 91
 112.667
 93
 124.5
 99
 51
 0
 0
 143.375
 80.75
 74.4
 0
 67
 0
 114.5
 59
 0
 41
 160.5
 85.6667
 75
 0
 73
 79
 0
 52
 79.25
 88.4
 0
 79.5
 75.3333
 78
 73.6
 159
 79.5
 84.6364
 137
 104
 76
 84.2222
 115
 90.6
 146.5
 91
 0
 0
 67.8333
 98.5
 103.5
 131
 160.625
 194
 148
 169.25
 76.2
 131
 110.333
 80
 110.5
 78.3333
 91.5
 70
 100
 64
 77.875
 137.5
 117.25
 93
 65
 61
 77.75
 87.5
 48
 0
 93.6667
 155.5
 76.5
 553
 81.3333
 56
 99.5
 120.5
 111.857
 67
 0
 41
 115.8
 105.5
 676
 72
 79
 0
 130.333
 79.6667
 74.5
 108.857
 72.8571
 163.909
 92.5714
 82
 71.75
 105
 88
 173
 91.375
 96.2857
 98.6
 149.333
 111
 77
 94.1667
 70
 103.333
 88
 0
 62
 290
 97.8571
 78.5
 87.1429
 76.1111
 83.5
 100.75
 70.3333
 61
 81.2857
 67.6
 90.3333
 89.5
 0
 145
 0
 103.833
 95
 101.667
 0
 85.1667
 84
 0
 83
 94
 63.5
 102.2
 71.2222
 62.5
 192.5
 97.1429
 53.6667
 76.6667
 0
 83.5714
 98
 0
 77.5
 136
 77
 98.3333
 97
 84.6667
 81.3333
 65
 0
 83
 0
 0
 0
 0
 70
 96.25
 75.3333
 81
 74
 71.75
 49
 78.75
 75.6667
 160.4
 102.4
 87
 85.3333
 77.3333
 96.5
 0
 81
 122.375
 94.5
 105.333
 82.3333
 158.333
 0
 53
 236
 132
 100.5
 64.5
 81.6667
 0
 0
 178.75
 70.3333
 0
 0
 0
 103
 0
 100.714
 106
 87
 83.5
 73
 85.75
 77.7778
 133.667
 110.5
 68.3333
 154.571
 85.5
 86
 134.5
 90.3333
 0
 80
 74.8182
 147.5
 71
 198
 0
 129
 67
 78.2857
 75.1111
 52
 79.5
 89
 0
 0
 73
 73.5385
 70
 89
 149.333
 102.333
 98.4
 89.3333
 100.833
 87.4444
 111.2
 74.5
 83.4
 87.3333
 69.6667
 140.333
 266
 88.5
 109
 88.75
 43
 93.1429
 66.8571
 103
 87.8
 72.8
 75
 144.2
 77.75
 79.75
 87.5
 84
 82
 0
 84.25
 78.5
 84
 75.1667
 0
 73.5
 52
 48
 0
 54
 75
 96.8889
 69.2857
 73.3333
 0
 233.667
 110.5
 64
 0
 71.5
 72
 70.8333
 74
 96
 87
 83.875
 103.6
 82.2
 86.75
 0
 94.125
 97.3333
 0
 113.667
 79
 108
 139.833
 95.5
 71
 119
 98.7143
 74.5
 81.8889
 76
 133
 81.5
 71
 121.6
 44
 78
 106.667
 70
 209
 73.6667
 72
 112.25
 120.75
 100
 76.8333
 135
 106.5
 148
 77
 252
 86.3333
 77
 83.5833
 168
 0
 78
 77.6667
 77.5
 201.5
 83.75
 89
 87.5714
 129
 81.5
 89.5
 99.3333
 87.4444
 77.8
 329
 159.333
 75.125
 197
 105
 90.5
 72.3333
 76.8333
 76.2857
 80.75
 72
 46
 71.5556
 68
 72.4
 78.25
 60
 84.4
 88
 129.75
 76.25
 63
 95.5714
 98.3333
 73.3333
 88.75
 89.4167
 76.4286
 74.75
 84.4286
 92.5
 81.5
 109.4
 113.5
 90.6667
 69.5
 74
 94.4
 88
 0
 80.6
 0
 149
 98.8
 0
 503
 0
 47
 94.25
 195
 82
 73
 0
 102
 80.25
 96.3333
 94.6
 97
 127.5
 91.3333
 135
 129.5
 111.833
 68
 78.3333
 91
 178
 96.5
 83
 98.5
 76.6
 101
 0
 87.6667
 80.5
 99
 269.333
 52.25
 150.4
 108
 98.375
 102.5
 118.444
 78.5714
 81
 0
 114.143
 174.667
 97
 167
 127
 83.2857
 70
 0
 0
 100.333
 0
 0
 54
 98.2
 0
 112
 80.5
 65.6667
 57
 71.9091
 92.25
 102.75
 59
 95
 94
 67.2
 0
 0
 76
 112.6
 76.1667
 111
 101.438
 124.889
 192
 80.5
 78.3333
 86
 164
 104.143
 87.2
 89.1667
 86
 82.6667
 70.5
 85.3333
 89
 77.6667
 94.4
 0
 74.4
 92.5
 99
 81.8
 70.9091
 91
 72
 0
 90.75
 68.8
 0
 67.5
 0
 235
 366
 0
 56
 0
 0
 173
 52
 52
 192.2
 0
 114.667
 78
 72.3333
 43
 70.3333
 93.375
 162
 152
 114.75
 89.3333
 45
 0
 58
 61.5
 81
 118
 87.3333
 66.6667
 72
 92.75
 82.25
 64
 124
 116.5
 81
 104.875
 78.5714
 56
 79
 90.3333
 73
 168.714
 0
 0
 74
 102.8
 104.5
 91.75
 115.667
 71.5
 94
 114
 95
 0
 94.5
 0
 101.667
 84.5
 107
 0
 52
 0
 81
 47.5
 0
 46
 63.1667
 76
 78
 101.25
 0
 74
 78
 146.333
 85.25
 85.6667
 70.5
 93.3333
 77.75
 84.5
 0
 42.3333
 100
 78.3333
 80.2
 84.4
 106.667
 195
 0
 40
 346
 67.5714
 92.8
 87.5
 76.4286
 64.1429
 137
 95.5714
 160
 69
 0
 132.875
 98.25
 120.5
 137
 59
 94.8
 107.5
 83.75
 81.125
 106
 70.5
 67
 78.1111
 111
 89.2857
 86.875
 81
 95
 94.1429
 77.5
 73.25
 107
 135.5
 126.25
 78
 94.5
 0
 85.25
 126.5
 135
 0
 69
 0
 124
 53
 110
 389
 159
 131
 49
 255
 48
 191.333
 291
 47
 0
 0
 344.5
 168.5
 104.4
 132.333
 0
 0
 0
 0
 0
 53.4
 78.8
 70.4
 80
 0
 0
 88.25
 91
 73.5
 94
 105.333
 43
 87.6667
 121.5
 82.75
 69
 72.5
 0
 0
 0
 116
 127
 135.5
 64
 0
 81
 0
 126.667
 98.5
 140.5
 48
 49
 90.6667
 132
 0
 175
 78
 119
 44
 128.5
 79
 117
 0
 0
 0
 51
 102
 0
 64.5
 84
 90
 95
 81.25
 75
 63
 54
 43
 75
 85.3333
 71.3333
 309
 0
 0
 342
 655
 126.5
 89
 0
 40
 89.375
 81.25
 87
 97
 84.8
 112.25
 163
 115.8
 74.5
 105.889
 127
 119
 70.4
 116.25
 91.5
 65.6667
 156.667
 179
 97.6667
 122.8
 82
 129.2
 89.7143
 73.8333
 0
 64.6667
 64
 93.6
 191
 82
 119.25
 76
 138
 79
 68
 99
 61.6667
 56
 56
 68
 87.6
 0
 136.8
 0
 106
 93.5
 0
 56
 0
 82
 118
 47
 85.9
 95.8571
 137.333
 0
 93.5
 109.333
 0
 83.5
 63
 0
 115.5
 95
 69.875
 99.75
 207.667
 81.6
 76.75
 72
 79.25
 123.111
 114.75
 95
 80.5
 81.25
 64.5
 50
 67.5
 75.6667
 72.75
 84.25
 75.3333
 196.667
 113
 111.2
 168
 0
 88.6
 56.75
 0
 0
 84
 59
 78
 73.3333
 0
 132
 74.6667
 92.3333
 116.286
 97.3333
 90
 79.5833
 83
 76.8
 83.4
 181
 85.6
 144
 60.5
 67
 76.4
 78
 53
 0
 73
 84.75
 80.6667
 144.667
 0
 129.667
 50
 0
 0
 92.5
 276
 158
 0
 88.5
 123.8
 77.3333
 65.3333
 107.4
 83.7778
 142.6
 139
 0
 104.333
 122.556
 92.3333
 88.7778
 80.3333
 78.4
 78
 85.7143
 112.857
 78.125
 102
 219.5
 121.75
 83.5
 91.75
 105.25
 139.667
 107.7
 78.5
 110
 65.7895
 62.3333
 80.5
 81
 140.5
 126.5
 57
 146
 76.5625
 166.667
 0
 150.75
 99
 214
 64.6
 73.75
 72.6
 121.333
 0
 40
 80.25
 77.5
 109.429
 0
 93
 0
 79
 60.5
 70.5
 76.5
 139
 94.7778
 146.5
 103.75
 83.1667
 71.1
 195
 92.25
 106.2
 0
 44.5
 77.7778
 64.25
 92
 107.125
 152.667
 81
 74.5
 99
 116
 73
 100
 167
 84.6667
 76
 0
 105
 82.25
 80.5
 77.5
 76.5
 54
 115.333
 72.4286
 68.2
 91
 116.333
 89.4
 86.5
 85.3333
 72.6667
 90
 98.7143
 76
 103.4
 79
 105.75
 100
 82.6
 87.8571
 70
 151
 147.667
 73.3333
 73.1667
 213
 46
 113.4
 107.2
 81.5
 96
 185
 90
 79.1667
 86
 181
 192
 61
 0
 149.4
 105.5
 84.5
 85
 162.5
 75
 125.545
 87.75
 90.6667
 75.1667
 0
 75
 122
 111.889
 65
 137.286
 117.125
 113
 0
 0
 79
 85
 46
 67.5
 65
 0
 67.8
 99.25
 107.286
 70
 67.2857
 537
 75
 60
 106.25
 77
 85
 97
 87
 119.2
 73.7273
 83.5
 70
 182.5
 128.2
 0
 261
 66.25
 84
 220.5
 98.2
 78.5556
 0
 95.3333
 142.333
 89.8
 74
 0
 103.5
 80.6
 104.667
 110.5
 133.667
 61
 95
 79.0833
 77.75
 84
 248
 224.667
 149.667
 0
 43
 156
 0
 0
 85.5
 88
 93.1429
 76
 0
 72.6667
 61.5
 87
 70.6667
 82.7
 123.857
 47
 82
 102.25
 133
 78.1111
 80
 104.333
 100.75
 88
 144.667
 103.111
 90
 82.4
 84.6
 79.4
 70.3333
 96.5
 76.5714
 70.5714
 47
 0
 70
 0
 103.6
 91.2857
 84.7143
 121
 0
 88
 87.25
 83.1429
 79
 0
 65
 93
 76
 83.5
 81.6
 90.5
 78
 69.5
 86.25
 73.5
 109
 63.3333
 78
 71.6667
 91
 126.286
 138.375
 0
 86.1667
 76.8333
 71.6667
 62.5
 113.667
 106.333
 104
 86.6667
 0
 0
 0
 72
 84.75
 90.8571
 0
 87.3333
 102.6
 228.5
 105.444
 75.7143
 80
 102.889
 109.75
 0
 0
 47
 0
 77
 104.333
 71.25
 74
 0
 140
 81
 186
 114
 109
 73
 0
 43
 104
 56
 113.111
 147
 77
 67.2
 82.5
 78.25
 97
 85
 86.25
 284
 98
 65
 63.3333
 81.5
 120.8
 82.3333
 0
 76.3333
 101
 85
 109.75
 70.5
 0
 89
 352
 0
 140
 128.714
 87.3333
 53
 98.1667
 83.5
 128.667
 78.6667
 89
 91.8
 102
 74
 0
 64.8571
 0
 86.6667
 79.8333
 92.2222
 66.5
 180.667
 88
 69
 152.875
 76
 60
 72.6
 84.25
 48
 91.2
 89
 112
 90.6667
 106.857
 79.3333
 100.2
 83.2857
 82
 0
 64.3333
 131.333
 0
 0
 147.25
 0
 171
 67
 0
 54
 66
 0
 291
 182.2
 171.5
 255
 255
 0
 291
 195.25
 101.917
 82.6667
 0
 126
 126.667
 93
 158.5
 98.5
 108
 79.5
 168.5
 144
 0
 83.75
 61
 82.75
 0
 94
 102
 80.6
 72
 92.75
 93
 77
 88
 94.2
 93
 85.5
 122
 79
 107.833
 67.6667
 40
 95
 92.375
 75.5
 99
 87.4545
 76.9333
 75.8333
 115
 0
 116.5
 104.25
 102
 100.2
 174
 95.6
 70.75
 0
 128.25
 92
 94.75
 90.8571
 247
 54
 0
 54.5
 133
 72.4444
 86.5455
 79.75
 138
 0
 55
 81
 169
 88.3333
 87.75
 68
 82
 0
 0
 127
 46
 129
 118
 162.667
 89.75
 75.2
 86.6667
 106
 87
 0
 84.5
 117.667
 95.1667
 75.3333
 99
 88.6
 83.5
 61.6667
 129.5
 75.4
 76.2
 75.5
 88
 0
 67.7
 187.5
 66
 74.875
 70.6667
 98
 75
 65.3333
 96.5
 82.4286
 83.5
 91
 92.5
 139
 58
 80.3333
 69.5714
 0
 58
 59
 0
 0
 92.5
 80.4286
 78.5
 211
 88.5
 93
 0
 59
 56.2
 0
 92
 104
 0
 70
 73.3571
 72.625
 93.3
 66.6667
 0
 82.3333
 78.25
 0
 92.5
 86.4286
 145
 289
 67
 92.5
 83.2
 0
 83
 112.2
 83.5
 147.333
 122.5
 76
 78.1667
 113
 119
 128.286
 87
 86
 70.3333
 99.25
 86.4286
 483.333
 0
 78.8
 147
 72
 146.75
 93.25
 60.5
 76.6667
 98.1667
 111
 80.8
 0
 81
 97
 0
 84.2857
 52
 0
 66.8333
 66.5
 122
 83
 75.6667
 79
 90
 76.6667
 78
 72.8
 102
 94.25
 106.667
 119.286
 85.5
 74
 71.8333
 98
 90
 62.5
 130.8
 72.5714
 110.25
 125
 114
 76.5556
 70
 75.5
 106.25
 74.6667
 106.2
 0
 112.5
 52
 195
 110.75
 75.5
 76.5
 0
 113
 94
 102.4
 159
 110.2
 107.333
 80.5
 96.6
 92.375
 74.8
 104.4
 68.2
 68.6
 81.5
 90
 87.1667
 44
 0
 115
 0
 60
 0
 119.667
 146.6
 193.333
 105.667
 99
 91.8571
 144.5
 90.75
 73
 0
 259.5
 73.7143
 136.833
 110.333
 134
 88.6667
 59
 70.4545
 75.1429
 98
 95.7143
 0
 133.333
 78
 94
 100.5
 83.5
 127.5
 93.2857
 59.3333
 128
 96.8
 73.6
 140
 66.6667
 79.3333
 73.4
 80.4545
 105.833
 74.25
 73.6667
 91
 0
 0
 0
 75.25
 132
 109.333
 76.6
 122
 0
 0
 119
 86.8333
 148.667
 86.3333
 94.5
 103.6
 96
 123.667
 0
 75
 118
 87.5
 141.5
 79.1429
 92.3333
 94
 77
 52
 99.8
 165.5
 79.75
 0
 172
 75.8
 77.4
 0
 73.4286
 0
 60.5
 76.25
 72.2
 115
 102.4
 73
 114
 0
 128.5
 143.5
 135.714
 74.75
 74.2
 69.75
 81.5
 0
 122.875
 109.222
 69.6667
 75
 91.5
 135
 75.5
 179
 67
 75.5
 69.3333
 79
 57
 220.333
 0
 71
 0
 0
 0
 99
 81
 96.2
 106.25
 88.6
 73.8333
 90.1429
 76
 75.6667
 101.833
 186.2
 92.6
 91
 76.6667
 109.375
 144.75
 97
 81.8571
 139
 85.8
 69
 249.5
 262.5
 110.167
 77.6667
 96.6667
 89.1429
 45
 167.5
 184.5
 0
 0
 44
 210
 76
 276
 79.8462
 175.727
 89.5
 84.75
 118.333
 44
 50.3333
 0
 0
 78.1667
 139.5
 90.6667
 93.125
 74.6667
 68.5
 0
 74.25
 220
 0
 0
 82.6667
 146.667
 85
 164.5
 109.667
 104.667
 110.286
 81.375
 103.5
 461
 0
 42
 88
 0
 60.5
 71.2857
 660
 98.3333
 96.3333
 78.3333
 76
 145
 105.5
 82
 116.833
 74.25
 95.25
 188.5
 73
 90.7143
 74
 172
 79.6667
 100.5
 0
 99
 97.3333
 78
 109
 107.667
 0
 69.6667
 297.5
 125
 78.3333
 132
 0
 51
 0
 78.3333
 117
 98.6667
 76.25
 97.8
 78.8
 193.2
 121
 0
 0
 86.25
 0
 98.5
 105.429
 90.9091
 0
 0
 86.5
 115
 65.5
 90.2
 145.857
 153.8
 0
 106.5
 109.6
 0
 100
 74
 87
 84.0556
 103
 0
 89.3
 80.4
 107
 85.5714
 71.75
 71.5
 0
 56
 84.3333
 62.25
 72.25
 92
 71
 94
 79.8
 73.0667
 0
 81.25
 83.5714
 91.6
 80.5625
 87.25
 106.25
 80.5
 114.8
 106.857
 0
 105.143
 94
 93
 85
 0
 0
 50
 255
 0
 43
 301
 134.333
 277.75
 119
 254.5
 268.875
 78
 0
 70
 83
 104.5
 79.3333
 70
 102.111
 87
 84
 100.6
 104
 79.25
 66
 74
 94
 63.75
 79
 64
 0
 137.333
 71.25
 94
 187
 92
 88.9091
 83.6667
 0
 0
 131.5
 208.222
 120.5
 99.5
 79
 130.75
 0
 65
 101.2
 146.333
 109
 0
 106.5
 105
 80.6
 69.7273
 0
 86.6667
 123
 147.667
 69
 0
 95.5
 46
 94.8333
 65
 0
 147.667
 69
 0
 95.5
 0
 82
 93.5
 74.3333
 59
 0
 91.25
 158
 119
 141.333
 101
 89
 124
 97
 206
 65.5
 113
 84.1818
 78
 58
 0
 176
 100.5
 96.6667
 83.5
 97
 84.5
 0
 67
 69.5
 0
 147
 80
 0
 82
 262
 0
 297
 78.6
 136
 209.333
 71
 73
 49
 127
 241
 139.5
 0
 89.3333
 82
 78.625
 150
 64.7273
 77.75
 83
 75
 110.5
 79.8571
 124.6
 77.5
 65.5
 142.5
 0
 89
 95.5
 98.6667
 84
 171.333
 60.5
 0
 0
 53
 69
 127.25
 276
 201
 92.6
 67
 0
 0
 40
 0
 76
 76
 200
 0
 72
 77
 157.25
 88.2857
 77
 74.4
 71.2857
 133
 137
 76.9167
 71
 70.9091
 208
 87.4
 73.1667
 156.667
 0
 73.1429
 91.5
 70.5
 97
 137
 83.75
 94.25
 63.5
 81.1111
 0
 48
 64
 0
 0
 76.1667
 87.6667
 58.5
 74
 72.8
 84.3333
 82.6364
 99
 0
 104.5
 94
 98.3333
 94.3333
 82.1111
 109
 0
 70.3333
 76.5
 0
 0
 130
 0
 0
 0
 0
 97
 84
 111
 88.5
 80.3333
 74.2222
 73
 61
 119
 0
 98
 0
 0
 60
 120.5
 0
 0
 87
 94.3333
 79.5
 78.8333
 108.8
 88.8571
 437
 88
 0
 112.333
 74.7692
 75.25
 81.1111
 45
 0
 0
 81.6
 78.875
 68
 87.2222
 0
 100.8
 87
 78.25
 0
 88.6667
 105.75
 0
 83.0833
 77.1429
 78.5
 72.25
 73.4
 89.1429
 73
 71.6
 76.5
 92
 73
 68
 118.8
 90.8
 90.75
 100.2
 50.3333
 46
 71
 40
 0
 71
 139
 48
 81
 0
 90
 97.7143
 100.333
 0
 117.6
 76
 283.667
 84
 96
 76.6667
 84.8
 72
 155.333
 131.143
 83
 82.75
 83.8333
 84
 73.5
 88.6
 65.5
 81.1
 82
 74.2857
 84.5
 65
 105.5
 78
 136
 106
 84
 94
 96.8
 85
 115.75
 125.333
 119.2
 106.667
 0
 106.333
 71.5
 86.2
 89.3333
 122.444
 0
 108.889
 88
 109.833
 164.5
 96
 68
 96
 93
 107
 92.7143
 97.7
 100.429
 84.2727
 58
 83.8
 0
 76.625
 53
 86
 125
 83
 88
 125.5
 124.2
 78
 102.5
 86.5
 53
 0
 123.5
 86
 89
 122.667
 73.5
 65
 98.2857
 115.333
 68.75
 73.6667
 103.667
 94
 45
 80.25
 86
 193
 89.5
 95.3333
 99.75
 122.6
 95
 91.125
 0
 99.3333
 75.3333
 160.5
 88.5556
 84.5
 93.7143
 84.0909
 82.5
 150
 105
 104
 111.75
 98.3333
 135
 44.5
 101
 107.5
 0
 0
 0
 137.333
 80
 96
 69
 52.5
 90
 101
 105.5
 82.3333
 173.4
 69
 62
 73.5
 0
 68
 106.2
 94.4
 77.25
 124
 63
 75.6667
 75.6667
 51
 84
 75.2857
 83.2
 109.8
 73
 84.2
 79.3333
 100
 120.75
 94.5
 137.75
 154.333
 114.75
 69
 0
 106.333
 47.5
 157.5
 291
 93.5
 78
 0
 0
 255
 130
 291
 291
 0
 393
 0
 0
 67
 0
 0
 92.5
 98.8
 109
 97
 83.5
 174
 82
 89.5
 92
 100.5
 114.75
 72.5
 135.5
 102.333
 76.1667
 93
 72.3333
 75.25
 80.5
 91
 85
 0
 67.5556
 71.75
 115.143
 85.8333
 75
 85.8
 0
 165
 57
 73.8571
 65
 108.625
 79.5
 73.3333
 79
 76.1667
 0
 89.5
 0
 97.6667
 95.3333
 48
 73
 119.667
 0
 0
 50
 84.25
 0
 390
 0
 0
 83
 109
 182
 72.5556
 110.4
 81.7143
 70.3333
 95.6667
 71.3333
 101
 69.3333
 86.8571
 84.1667
 0
 74
 104
 225
 92.5714
 0
 85.3333
 43.5
 0
 92
 109.5
 0
 53.5
 63.5
 146.5
 95.1667
 69.6667
 0
 0
 201
 123.167
 70.7143
 76
 0
 49
 0
 0
 0
 69.6667
 55
 0
 122.5
 71.3333
 91.6667
 92.2
 105.167
 76
 209
 72.75
 131.4
 102.25
 133
 41
 68
 128.143
 86.5
 134
 78.1429
 66.8571
 70.125
 117.167
 76
 91
 0
 126
 93.6
 73
 167
 80.6667
 73
 266
 88
 78.1429
 94.3333
 101
 98.6667
 86.8
 79.6667
 69
 122.5
 0
 69.5
 121
 89.1667
 78.4
 76.4
 77.3333
 69
 71.25
 62.6667
 99
 177
 266.333
 102.333
 110.833
 70.8
 48
 134.333
 69.3333
 74.2857
 65
 84
 79
 0
 77.4286
 128.2
 68.2857
 154.5
 94.6
 0
 160.333
 81.6
 70.5
 117.857
 149.667
 42
 66
 53
 76
 0
 90
 93
 75.3333
 70
 102.833
 108.8
 211
 72.6
 64
 47.5
 79
 112
 68
 0
 51
 75
 0
 142
 0
 0
 80.5
 76.3333
 118
 84.75
 82.3333
 78.1667
 87.6667
 102.6
 82
 109
 109.5
 66
 74.3333
 104.5
 131
 90
 106
 68.2222
 141
 120.5
 170.4
 234
 74
 70.1111
 167
 109.3
 0
 79.875
 76
 86
 88.6667
 121
 113.833
 73.2
 84
 0
 0
 105
 73.1111
 109
 70.25
 86
 177.25
 59
 97
 71
 67.5714
 65.5
 48.5
 142.25
 0
 78
 0
 130.75
 0
 221.667
 89.6667
 45
 180.556
 57.6667
 210
 107
 0
 0
 188
 0
 0
 328
 0
 0
 326
 109
 0
 270
 291
 151.5
 291
 0
 47
 92.7143
 233
 78
 93.7143
 64
 77
 112
 171
 123.333
 122
 82
 109
 0
 90.125
 87.2
 108
 106.333
 187
 86.5
 163.8
 76.6667
 75
 0
 0
 131.6
 69
 125
 79
 70.6667
 0
 116.667
 0
 60.375
 41
 84
 82.6667
 76.3636
 62.3333
 77.6
 124
 108
 69.25
 124
 133.333
 80.6667
 116.333
 77
 96
 69
 106
 107.333
 135
 0
 137.5
 94
 191.5
 293
 98.1667
 71
 82.4
 71.75
 122
 90.5
 0
 145.5
 63.6667
 63
 78.5
 118.5
 157.5
 111
 113.5
 101.75
 122.778
 84.5
 87
 81
 83.75
 94.8571
 105.727
 86
 80
 148.2
 0
 95.8889
 68.6
 106
 44
 90.5
 84.6
 81.6667
 121.714
 73
 85.5
 77.75
 77.3333
 138.25
 125.333
 180
 96
 87.2
 74
 105
 74
 88.5
 73
 52
 81.6667
 101.333
 184.5
 0
 67.2
 78
 87.6
 121.778
 119
 103.167
 118.222
 82.4
 90.0909
 96.7
 0
 0
 64.5
 0
 0
 79
 47
 149.667
 81.25
 91.4286
 80.25
 122.5
 108.75
 41
 63.3333
 44
 88.5
 85
 0
 0
 103
 177
 97
 0
 0
 177
 97
 0
 0
 48
 176.667
 0
 291
 212
 146
 132.25
 325
 96
 66.8
 65
 137.75
 75.5
 0
 169.6
 291
 0
 70
 0
 282.25
 44
 0
 142.75
 148.5
 212
 291
 81
 216
 0
 193
 45
 71.5
 0
 595
 75
 96.75
 91.5
 80
 151
 123
 87.4286
 117.286
 122.667
 93.2857
 0
 59
 0
 0
 0
 44
 50
 48
 102
 0
 171
 0
 119.5
 112
 83
 85.5
 83.5
 443
 622
 175
 145.5
 110.125
 108.667
 45.5
 75
 74.25
 94.5
 0
 74
 142
 95
 0
 0
 0
 0
 98.5
 107.667
 100
 97.8333
 103.25
 172
 140.667
 0
 157
 109
 124.833
 66.5714
 71
 154.2
 130
 92.75
 82
 106.667
 103.75
 113.5
 59
 97.5
 94.75
 62.1667
 0
 75
 0
 75
 93.25
 85.6
 94.5
 0
 74
 142
 95
 0
 0
 0
 0
 96
 81.5
 72.5
 74.75
 57.75
 193
 0
 67
 0
 53.5
 190
 0
 56
 84.5
 87.3333
 104.333
 110
 0
 137
 80.6
 0
 81
 0
 275.333
 0
 90
 73.5714
 0
 85.5
 199
 81
 0
 0
 0
 81
 56
 61
 41
 93.4
 73.5714
 0
 85.5
 0
 50
 0
 50
 0
 50
 0
 55.5
 54
 0
 0
 0
 75
 0
 75
 0
 75
 110
 82
 0
 48
 106.75
 0
 107.25
 267
 93
 98
 55.5
 54
 0
