MvSl-1064-A1-R4_C35	3250	6317	MvSl-1064-A1-R4_C35g01609	0	0	0
MvSl-1064-A1-R4_C35	10873	25698	MvSl-1064-A1-R4_C35g01611	0       0       0
MvSl-1064-A1-R4_C43	3811	17559	MvSl-1064-A1-R4_C43g01672	0       0       0
MvSl-1064-A1-R4_C45	3028	15804	MvSl-1064-A1-R4_C45g01685	0       0       0
MvSl-1064-A1-R4_C46	3654	14382	MvSl-1064-A1-R4_C46g01687	0       0       0
MvSl-1064-A1-R4_C47	121	13532	MvSl-1064-A1-R4_C47g01688	0       0       0
MvSl-1064-A1-R4_C29	3999	7067	MvSl-1064-A1-R4_C29g01580	0       0       0
MvSl-1064-A1-R4_C29	11620	29625	MvSl-1064-A1-R4_C29g01582	0       0       0
MvSl-1064-A1-R4_C31	7	19687	MvSl-1064-A1-R4_C31g01583	0       0       0
MvSl-1064-A1-R4_C31	26357	28094	MvSl-1064-A1-R4_C31g01585	0       0       0
MvSl-1064-A1-R4_C34	4712	7780	MvSl-1064-A1-R4_C34g01604	0       0       0
MvSl-1064-A1-R4_C34	12333	26463	MvSl-1064-A1-R4_C34g01606	0       0       0
