gid	gname	chr	start	end	logCPM	logFC.A1.A2	PV.A1.A2	FDR.A1.A2	A1_1	A1_2	A2_1	A2_2	average	ward.D
MvSl-1064-A1-R4_A1g00016	MvSl-1064-A1-R4_A1	aMAT	31867	32715	1.0864422060585	1.7379156547396	0.000209823496953069	0.0065703267146942	1.59459914867681	1.81297875021386	-0.484144841406958	0.46154584043087	2	2
MvSl-1064-A1-R4_A1g00021	MvSl-1064-A1-R4_A1	aMAT	39845	40120	5.13275239733752	1.06466876266519	8.98308279941785e-06	0.000401646592628697	5.73026698185901	5.38910899341011	4.51506042561301	4.50110054376536	2	2
MvSl-1064-A1-R4_A1g00073	MvSl-1064-A1-R4_A1	aMAT	160618	163050	5.10653433517982	-0.809204712641861	0.00186817465628159	0.0396909825910227	4.88057222323342	4.36671124128048	5.29125477989177	5.59840854261472	1	1
MvSl-1064-A1-R4_A1g00078	MvSl-1064-A1-R4_A1	aMAT	177417	178892	7.16485696064296	0.994373803023483	9.07859539638224e-05	0.00322487497341056	7.35087607793098	7.77439980766828	6.18650279763806	6.8960947121951	2	2
MvSl-1064-A1-R4_A1g00079	MvSl-1064-A1-R4_A1	aMAT	179366	179827	5.69381678750751	1.64832324175176	1.41909131302297e-09	1.09942876121874e-07	6.59720992140536	5.91289018918936	4.85585413721405	4.41102630315535	2	2
MvSl-1064-A1-R4_A1g00080	MvSl-1064-A1-R4_A1	aMAT	180716	185718	5.54438684730183	1.37347830477301	5.60738665149606e-10	4.45960918911461e-08	6.21726122482078	5.91544161547721	4.66761838279749	4.73926336596678	2	2
MvSl-1064-A1-R4_A1g00081	MvSl-1064-A1-R4_A1	aMAT	186136	186867	5.65817257028572	2.83564339117785	2.28628622241375e-29	5.70745952245343e-27	6.67625597481145	6.23024165572304	3.82045261219348	3.44315241472219	2	2
MvSl-1064-A1-R4_A1g00112	MvSl-1064-A1-R4_A1	aMAT	240393	243364	6.80573697094504	-5.95840826488845	1.47286578676154e-96	3.30916120640649e-93	2.09993700359074	1.57552223288965	8.01209305178316	7.50487712740886	1	1
MvSl-1064-A1-R4_A1g00154	MvSl-1064-A1-R4_A1	aMAT	2578833	2582754	4.9533149195776	1.12981878917376	2.67025222099041e-06	0.000133319759500227	5.33299823788578	5.48498160342244	4.24733253960679	4.32178681250774	2	2
MvSl-1064-A1-R4_A1g00163	MvSl-1064-A1-R4_A1	aMAT	1711315	1715586	2.10606644402671	2.66445081898445	1.61411624386874e-11	1.46525885693418e-09	2.93483397539664	2.86782717262474	0.50928141238526	0.12888406611595	2	2
MvSl-1064-A1-R4_A1g00165	MvSl-1064-A1-R4_A1	aMAT	621126	622892	7.68294848917344	0.709760108091359	0.000471860214059523	0.0130079992139661	8.0628335949242	7.92317041204209	7.29758622958864	7.27282581684267	2	2
MvSl-1064-A1-R4_A1g00168	MvSl-1064-A1-R4_A1	aMAT	713060	718328	4.71540822405249	2.09180191893992	8.47652763075085e-12	7.93526602266228e-10	5.63434408282114	5.15223148821748	3.63546078754885	2.94674123733703	2	2
MvSl-1064-A1-R4_A1g00230	MvSl-1064-A1-R4_A1	aMAT	919803	924298	7.9804517368985	-4.43910579084493	1.7040443998231e-64	1.91428087765128e-61	4.66885498600289	4.26634784947371	8.96417579965157	8.86317603831131	1	1
MvSl-1064-A1-R4_A1g00241	MvSl-1064-A1-R4_A1	aMAT	1112670	1116562	7.6253632456739	-0.658064511783454	0.00116721646597049	0.027388444855553	7.26359068147111	7.25468141063833	7.84464483745131	7.98566992124428	1	1
MvSl-1064-A1-R4_A1g00242	MvSl-1064-A1-R4_A1	aMAT	1116801	1118832	5.6787001043468	-0.637006835211749	0.00199944249129462	0.041885756804813	5.39851359745567	5.24846169863982	5.90428260163077	6.0158589411754	1	1
MvSl-1064-A1-R4_A1g00246	MvSl-1064-A1-R4_A1	aMAT	578151	581054	6.48244974608904	-1.02832465334654	7.05910408590041e-08	4.46761749436528e-06	5.92069636626415	5.83551838971709	6.93793813607847	6.87301235596319	1	1
MvSl-1064-A1-R4_A1g00252	MvSl-1064-A1-R4_A1	aMAT	2500697	2501425	2.38501297177003	2.11553299354555	8.69956623531462e-09	6.10804701224785e-07	2.95546887603469	3.212977735247	0.99282451148056	1.0606968074137	2	2
MvSl-1064-A1-R4_A1g00254	MvSl-1064-A1-R4_A1	aMAT	651956	657345	4.82189801813731	1.92644776883202	2.86499224701465e-12	2.76856831440007e-10	5.64708554381172	5.30598725000999	3.79122138564209	3.30510723623695	2	2
MvSl-1064-A1-R4_A1g00269	MvSl-1064-A1-R4_A1	aMAT	1131484	1132443	7.74940224479133	4.65574829004119	1.91811001876225e-59	1.56709588532876e-56	8.69870966833889	8.68864451020577	4.36111497918207	3.64194657829479	2	2
MvSl-1064-A1-R4_A1g00270	MvSl-1064-A1-R4_A1	aMAT	1119790	1125248	5.49077257832071	1.171439678022	2.06302280655942e-07	1.22784012997017e-05	5.95696534916032	5.96554486967264	4.95144120336213	4.61399612608939	2	2
MvSl-1064-A1-R4_A1g00283	MvSl-1064-A1-R4_A1	aMAT	2618847	2620704	5.15918338841449	-4.37263564160294	3.82210179355896e-33	1.07341340058483e-30	2.22418067826802	1.05236825844176	6.31956534638337	5.80520912042344	1	1
MvSl-1064-A1-R4_A1g00292	MvSl-1064-A1-R4_A1	aMAT	1148624	1150396	6.89007008233695	0.908007407615115	5.46733987144771e-06	0.000257251222118851	7.13381467661346	7.40159300046984	6.20693873379442	6.51054799654723	2	2
MvSl-1064-A1-R4_A1g00312	MvSl-1064-A1-R4_A1	aMAT	1400757	1402594	8.50163849081152	3.49930334600831	6.4399893028002e-34	2.14356236534316e-31	9.09343686402138	9.61825997279353	5.97855973955481	5.77937211525907	2	2
MvSl-1064-A1-R4_A1g00316	MvSl-1064-A1-R4_A1	aMAT	2051926	2054309	2.81885838120262	1.58621826070846	5.29665157613606e-06	0.000251857183675845	3.62390634574808	3.15370141768928	1.80792122092458	1.88472655616446	2	2
MvSl-1064-A1-R4_A1g00326	MvSl-1064-A1-R4_A1	aMAT	1176446	1176679	4.22969206637308	-12.5221633376205	8.95483854622376e-72	1.34128556691522e-68	-3.3081956594574	-3.3081956594574	5.33748592080603	5.08692983704138	1	1
MvSl-1064-A1-R4_A1g00349	MvSl-1064-A1-R4_A1	aMAT	1637608	1638887	11.6980251425536	-2.54660602875889	3.69080396244063e-09	2.65354041683631e-07	10.1312074694547	9.68089620307254	12.676231230291	12.2293799737066	1	1
MvSl-1064-A1-R4_A1g00350	MvSl-1064-A1-R4_A1	aMAT	1578575	1582088	5.62206832465809	-0.881041070589524	0.000283762008317098	0.00847905722033354	5.02667389050555	5.19905608167309	5.66475013334227	6.2631536155816	1	1
MvSl-1064-A1-R4_A1g00383	MvSl-1064-A1-R4_A1	aMAT	889992	892373	6.11398911980085	-0.985947337832548	1.38099813822366e-05	0.000602477197486217	5.78028216892956	5.24846169863982	6.62240561041402	6.41629823238667	1	1
MvSl-1064-A1-R4_A1g00389	MvSl-1064-A1-R4_A1	aMAT	882195	884498	5.87615938451629	1.91589782615179	3.05464088899085e-19	4.57534294489346e-17	6.60457758907603	6.46779416514226	4.67563875789212	4.57447829029675	2	2
MvSl-1064-A1-R4_A1g00400	MvSl-1064-A1-R4_A1	aMAT	838903	841231	4.78960088891019	1.08360369694814	0.000178500391188025	0.00570883635447251	5.36997582799616	5.08128968393841	4.47272635209703	3.74216078379262	2	2
MvSl-1064-A1-R4_A1g00448	MvSl-1064-A1-R4_A1	aMAT	3104710	3107087	7.8509567175291	2.10123216785917	5.71116812889563e-19	8.4141422908828e-17	8.33156072402951	8.73776606323855	6.54644321137348	6.34427683420658	2	2
MvSl-1064-A1-R4_A1g00495	MvSl-1064-A1-R4_A1	aMAT	3171155	3174630	6.98460880507578	2.06718100636442	5.28532709584597e-27	1.13093415738971e-24	7.7446029330743	7.60455795931181	5.6072066342899	5.61519831021033	2	2
MvSl-1064-A1-R4_A1g00516	MvSl-1064-A1-R4_A1	aMAT	2709667	2711246	8.66404490066074	0.970551622184206	0.000161952661806215	0.00527343685381324	8.87169483771337	9.2429620021178	8.02496815497699	8.16930439572604	2	2
MvSl-1064-A1-R4_A1g00522	MvSl-1064-A1-R4_A1	aMAT	1389234	1391759	1.37549511039736	4.6580752164252	1.64747246408947e-16	2.08532887813691e-14	2.18976072118127	2.45592429457183	-2.75453424233934	-1.21160896131552	2	2
MvSl-1064-A1-R4_A1g00546	MvSl-1064-A1-R4_A1	aMAT	1745782	1746129	2.83454517330399	-3.55837421623038	3.58981764663243e-20	5.56236055004925e-18	0.127455885766538	0.349452180730618	3.61891831842623	3.76239980057778	1	1
MvSl-1064-A1-R4_A1g00591	MvSl-1064-A1-R4_A1	aMAT	527848	528105	4.1360838514627	4.37955670588374	9.19140965732668e-28	2.11803073308705e-25	5.37955127743416	4.68348925622487	1.15459453453402	0.248499077911525	2	2
MvSl-1064-A1-R4_A1g00594	MvSl-1064-A1-R4_A1	aMAT	1054963	1057437	5.50915630382225	1.05180485894182	2.15651452346045e-05	0.000901423070806466	5.81174480945073	6.06081525739896	5.14679849971966	4.58303799877373	2	2
MvSl-1064-A1-R4_A1g00608	MvSl-1064-A1-R4_A1	aMAT	547576	548488	1.48142954425634	3.24367181867771	7.69396128294978e-06	0.000352783826785049	2.13654028216152	2.52438054580129	0.188999564346719	-3.3081956594574	2	2
MvSl-1064-A1-R4_A1g00624	MvSl-1064-A1-R4_A1	aMAT	904475	905581	7.54755591357945	0.837622360533409	4.74114793077823e-05	0.00179783529341367	7.79162377148604	8.01287075845168	7.0163460347379	7.12043742668745	2	2
MvSl-1064-A1-R4_A1g00628	MvSl-1064-A1-R4_A1	aMAT	1834558	1837865	2.67733416149558	6.66824855097024	5.77738922597058e-33	1.57337566587266e-30	3.41629776712407	3.88930651297122	-3.3081956594574	-1.56805049710164	2	2
MvSl-1064-A1-R4_A1g00635	MvSl-1064-A1-R4_A1	aMAT	1111101	1112366	3.91172289357057	3.51827206355142	7.54769215478751e-17	9.83059556450367e-15	4.98713421559256	4.57470592338722	1.86515003950201	0.46154584043087	2	2
MvSl-1064-A1-R4_A1g00641	MvSl-1064-A1-R4_A1	aMAT	551158	551514	3.97905949891452	1.03971304956198	0.00055452535040119	0.015055949619503	4.13428462826556	4.63786839702908	3.46082510116502	3.2842623065179	2	2
MvSl-1064-A1-R4_A1g00642	MvSl-1064-A1-R4_A1	aMAT	1593613	1594973	6.33744526236294	-7.56716085828945	1.77626468262109e-146	1.59632907027157e-142	-0.109155211856354	-0.0677349405124364	7.40801950358011	7.24117707667069	1	1
MvSl-1064-A1-R4_A1g00644	MvSl-1064-A1-R4_A1	aMAT	1645733	1648754	5.08022458599442	1.30946690175521	1.11354665894794e-07	6.71640525098332e-06	5.46118257875073	5.71181036006588	4.42594606464038	4.13261338635682	2	2
MvSl-1064-A1-R4_A1g00646	MvSl-1064-A1-R4_A1	aMAT	2835849	2836868	8.0646910558582	1.50916460332256	7.82803040723905e-10	6.17109730437345e-08	8.38054569507432	8.84336912854416	6.99620623684712	7.23756710640338	2	2
MvSl-1064-A1-R4_A1g00648	MvSl-1064-A1-R4_A1	aMAT	718774	719371	6.5092447741432	-0.644498367083798	0.000642197299494524	0.0169250062479686	6.1760953033129	6.12615295222	6.81079670292201	6.7792876193257	1	1
MvSl-1064-A1-R4_A1g00653	MvSl-1064-A1-R4_A1	aMAT	2854025	2856120	3.49209691606541	1.26680818693492	0.000496101648347613	0.0136344511122324	3.54441093565638	4.33275443398024	2.43041777855652	2.99029467759629	2	2
MvSl-1064-A1-R4_A1g00668	MvSl-1064-A1-R4_A1	aMAT	1399296	1400598	6.36362224905579	5.47554198637028	1.32265543868458e-100	3.96223480915278e-97	7.2993428206099	7.36519420166248	1.57621535777272	2.15348531611004	2	2
MvSl-1064-A1-R4_A1g00718	MvSl-1064-A1-R4_A1	aMAT	646353	651020	5.28044215206885	-1.04002528310331	4.9835580061654e-05	0.00187394292056102	4.48592041338214	4.83132696469594	5.44305991140517	5.92899766051686	1	1
MvSl-1064-A1-R4_A1g00745	MvSl-1064-A1-R4_A1	aMAT	1091186	1095689	6.69951283341632	-2.0160478506648	5.38652541275845e-26	1.12578381126652e-23	5.31514613750201	5.41458310946843	7.42318432490291	7.33411363058756	1	1
MvSl-1064-A1-R4_A1g00752	MvSl-1064-A1-R4_A1	aMAT	998707	1000561	3.81425180789797	5.12140393979034	3.59855184532082e-41	1.54000883018563e-38	4.72100630926355	4.83402665334463	0.0642163557379462	-0.483267301958587	2	2
MvSl-1064-A1-R4_A1g00763	MvSl-1064-A1-R4_A1	aMAT	1134595	1135956	2.8754087735339	1.21925733012818	0.00152049736534004	0.0338852177835402	3.55796809941008	3.13630815681871	2.55158376675169	1.62219473885445	2	2
MvSl-1064-A1-R4_A1g00800	MvSl-1064-A1-R4_A1	aMAT	473140	476235	6.45655097347997	0.833162347014391	2.4119425780046e-05	0.000989777531896227	6.65591210776863	6.95634820764451	5.92909625138584	6.03262081381052	2	2
MvSl-1064-A1-R4_A1g00835	MvSl-1064-A1-R4_A1	aMAT	1699348	1701504	0.431593574950944	2.2156624574851	6.16608266959509e-05	0.00228985888229963	0.810077139420225	1.41169289746316	-0.391855519060318	-1.56805049710164	2	2
MvSl-1064-A1-R4_A1g00853	MvSl-1064-A1-R4_A1	aMAT	1792754	1794128	7.46510446825701	1.62796151179919	6.9086745548818e-16	8.39030516550307e-14	8.0843652906187	8.03708905038382	6.46239954533627	6.40507806291973	2	2
MvSl-1064-A1-R4_A1g00854	MvSl-1064-A1-R4_A1	aMAT	1790347	1792433	8.01310457870613	-0.778284080048294	0.000527474327774802	0.0144524749503419	7.6959977934138	7.43665203242725	8.23380143609006	8.45772814662549	1	1
MvSl-1064-A1-R4_A1g00909	MvSl-1064-A1-R4_A1	aMAT	2689352	2692677	4.26279619116816	2.32389431228239	3.97818792732411e-06	0.000193253918393847	4.78292988563556	5.19275969772238	3.39109702485094	1.30102019861955	2	2
MvSl-1064-A1-R4_A1g00913	MvSl-1064-A1-R4_A1	aMAT	3033187	3035601	6.53300519954591	0.98809206882852	3.42383099317602e-07	1.93521818463351e-05	7.0354841770087	6.84699560570965	6.01272975907382	5.89960317197728	2	2
MvSl-1064-A1-R4_A1g00920	MvSl-1064-A1-R4_A1	aMAT	3035765	3037588	5.8278761335799	0.946532467121817	2.3797334148019e-05	0.000981039642147922	6.3691753548716	6.0654175510444	5.42255413894978	5.12259601601708	2	2
MvSl-1064-A1-R4_A1g00923	MvSl-1064-A1-R4_A1	aMAT	3044289	3046699	4.05781753368896	-1.12624344233425	0.000130240415122504	0.00443360079812859	3.61095759064029	3.12753225355625	4.55038357569812	4.46450796981404	1	1
MvSl-1064-A1-R4_A1g00956	MvSl-1064-A1-R4_A1	aMAT	1965456	1966246	6.05207050642551	-1.57053383508067	1.99408489139374e-13	1.99120454655062e-11	4.87245703657706	5.23218042865732	6.60990346670602	6.65286123975596	1	1
MvSl-1064-A1-R4_A1g00959	MvSl-1064-A1-R4_A1	aMAT	1984288	1990725	4.70233900067282	-2.47124190432894	2.53397733768593e-19	3.85980581928533e-17	2.79299372533484	3.1794043418096	5.33917005788012	5.56567153873641	1	1
MvSl-1064-A1-R4_A1g00970	MvSl-1064-A1-R4_A1	aMAT	2205155	2206148	6.83896866823616	-0.874140933014803	6.43535676124006e-06	0.000301221620902419	6.15729169747779	6.49619470486047	7.2197313862967	7.20049821462231	1	1
MvSl-1064-A1-R4_A1g00972	MvSl-1064-A1-R4_A1	aMAT	2238742	2239464	6.20558032736435	1.73699227566078	2.30085716507854e-15	2.75704044567478e-13	6.58153128572282	7.03764344637898	5.07988006159294	5.10685313489242	2	2
MvSl-1064-A1-R4_A1g00997	MvSl-1064-A1-R4_A1	aMAT	1907815	1909744	6.05883739440756	2.94342942243723	7.49821680859756e-41	3.06279247002577e-38	6.82383657200784	6.94077756750532	4.06802143559285	3.81663614778899	2	2
MvSl-1064-A1-R4_A1g01007	MvSl-1064-A1-R4_A1	aMAT	1393224	1396199	4.48139708401729	-3.32282157509227	4.77957317089128e-27	1.04765912406829e-24	2.30680064665602	1.72263018148421	5.41139064623731	5.25526327905446	1	1
MvSl-1064-A1-R4_A1g01021	MvSl-1064-A1-R4_A1	aMAT	1488010	1490661	1.08805630394034	-4.74847943372028	3.20310025390659e-14	3.34723976533239e-12	-2.24391274280674	-1.93827986729743	2.25596315604587	1.59987403452478	1	1
MvSl-1064-A1-R4_A1g01038	MvSl-1064-A1-R4_A1	aMAT	912091	913460	8.13539375521105	-2.44806442371147	1.11291014150164e-14	1.20502692068376e-12	5.927240203582	6.82545132267921	8.61522787775256	9.12418021936886	1	1
MvSl-1064-A1-R4_A1g01045	MvSl-1064-A1-R4_A1	aMAT	1993924	1995401	2.64460182959027	-3.34931736757082	4.47110537103905e-12	4.22966568100294e-10	-0.109155211856354	0.520093011650549	3.94512411341541	2.79781644953472	1	1
MvSl-1064-A1-R4_A1g01049	MvSl-1064-A1-R4_A1	aMAT	1294048	1294371	6.44579420445671	-2.48793342577648	1.35937979685638e-33	4.07224874478275e-31	4.85608842166637	4.57793059330976	7.2347376274837	7.17901479804866	1	1
MvSl-1064-A1-R4_A1g01127	MvSl-1064-A1-R4_A1	aMAT	2998043	3000087	1.45795834211564	-1.58495555821649	0.000283987562403516	0.00847905722033354	0.7164629597117	0.223335355686898	2.24162749649994	1.72889456912805	1	1
MvSl-1064-A1-R4_A1g01135	MvSl-1064-A1-R4_A1	aMAT	1098507	1099824	6.66473084493359	-1.2245430396532	3.59417340373261e-10	2.90998525940045e-08	5.8480643824092	6.00081162345865	7.07664665745825	7.21938050375724	1	1
MvSl-1064-A1-R4_A1g01136	MvSl-1064-A1-R4_A1	aMAT	1186986	1189109	3.75161444831922	3.95083034236468	1.02881488399754e-24	1.96722539627359e-22	4.99213634474195	4.24622026147219	0.810597124098315	0.772178639964729	2	2
MvSl-1064-A1-R4_A1g01137	MvSl-1064-A1-R4_A1	aMAT	1185421	1186806	6.67707898777906	0.635765398444037	0.000713275045225586	0.0183673433565683	6.97107389173044	6.94951782070347	6.35911359351111	6.29041430812439	2	2
MvSl-1064-A1-R4_A1g01138	MvSl-1064-A1-R4_A1	aMAT	407531	411380	5.51975986078324	-7.52377124334621	2.00127697746168e-105	8.99273809822404e-102	-1.03947508218983	-0.540533601493934	6.63480034286506	6.36675908183368	1	1
MvSl-1064-A1-R4_A1g01162	MvSl-1064-A1-R4_A1	aMAT	1257109	1257735	3.07047101872694	-5.48392608789366	5.81020722920155e-32	1.5357744814363e-29	-0.745016519592112	-1.67001070591217	3.7862914099353	4.21201950637805	1	1
MvSl-1064-A1-R4_A1g01163	MvSl-1064-A1-R4_A1	aMAT	1274366	1278155	4.00253574330199	-3.61451721978	7.26399591060497e-29	1.71793503285808e-26	1.39756087093139	1.22684744908862	4.93148468431706	4.82113880621595	1	1
MvSl-1064-A1-R4_A1g01174	MvSl-1064-A1-R4_A1	aMAT	2557552	2558488	6.19310695304043	1.58696872690191	7.57174902875788e-15	8.29845225871306e-13	6.6336776692933	6.91104187757387	5.22539429667489	5.16312186412052	2	2
MvSl-1064-A1-R4_A1g01212	MvSl-1064-A1-R4_A1	aMAT	1278622	1279107	3.73061097905117	1.97623843633284	2.42522816688551e-07	1.42454415266667e-05	4.85608842166637	3.75330426480261	2.37895073961795	2.51729411320895	2	2
MvSl-1064-A1-R4_A1g01220	MvSl-1064-A1-R4_A1	aMAT	2550475	2550711	7.53223405165717	-3.30447332160901	1.49662227770336e-51	1.12084536747667e-48	5.04844780318051	5.13262915288326	8.35278889221196	8.43031877629784	1	1
MvSl-1064-A1-R4_A1g01253	MvSl-1064-A1-R4_A1	aMAT	471540	472718	6.68199738680336	0.873749198130645	3.31396253732443e-05	0.0012948948401276	6.94744704679098	7.15294529557157	5.95678505914511	6.37499772725665	2	2
MvSl-1064-A1-R4_A1g01261	MvSl-1064-A1-R4_A1	aMAT	2575916	2576612	10.709105982642	2.0856218183364	1.00968541781926e-08	6.9800329614936e-07	11.290376644624	11.5091935972506	9.48121049976159	9.13501420555439	2	2
MvSl-1064-A1-R4_A1g01282	MvSl-1064-A1-R4_A1	aMAT	782234	783980	1.41251059528851	-6.35116170795067	3.87042496383713e-21	6.38166743832958e-19	-2.24391274280674	-3.3081956594574	2.28421407654691	2.37995270028251	1	1
MvSl-1064-A1-R4_A1g01302	MvSl-1064-A1-R4_A1	aMAT	2705499	2709175	5.56599616303389	-5.07218292421031	2.89836250971229e-60	2.60475838747843e-57	1.85836585152158	1.01478937092582	6.32127052115957	6.69295471627821	1	1
MvSl-1064-A1-R4_A1g01347	MvSl-1064-A1-R4_A1	aMAT	2916000	2917527	6.9689935067672	-1.10028892092118	3.94306996990315e-09	2.79026534011965e-07	6.37875610107361	6.25160184531756	7.47504000946216	7.35425549940285	1	1
MvSl-1064-A1-R4_A1g01358	MvSl-1064-A1-R4_A1	aMAT	1769429	1769832	2.16228483695519	-1.31033751939149	0.000285511214928985	0.00849632214757213	1.33594126363296	1.41169289746316	2.6416846276605	2.66436277728743	1	1
MvSl-1064-A1-R4_A1g01359	MvSl-1064-A1-R4_A1	aMAT	1786241	1788119	5.71884502171674	0.95717943922386	2.6367584807601e-05	0.00106262549177538	6.32228077650527	5.88452259222478	5.21442509240353	5.11277686499508	2	2
MvSl-1064-A1-R4_A1g01376	MvSl-1064-A1-R4_A1	aMAT	901642	902941	6.92659271292841	-0.864988348327237	3.26905262769179e-05	0.00128292471463171	6.52311572958362	6.33115025863529	7.50047339204787	7.05425948089963	1	1
MvSl-1064-A1-R4_A1g01383	MvSl-1064-A1-R4_A1	aMAT	914330	919259	5.83918105129741	-1.24019886790372	2.82031830713637e-08	1.86369122251725e-06	5.05802060643216	5.12162276869783	6.50578326618852	6.12539583230513	1	1
MvSl-1064-A1-R4_A1g01384	MvSl-1064-A1-R4_A1	aMAT	1796095	1800988	7.83211888922688	0.957858111197522	4.60318373362738e-06	0.000222412968893061	8.19777291351037	8.26749690612681	7.23970522097282	7.31068330964444	2	2
MvSl-1064-A1-R4_A1g01404	MvSl-1064-A1-R4_A1	aMAT	1176877	1180058	3.63402821080255	6.29021470965447	1.05419298911641e-47	6.31602159545945e-45	4.6276624714036	4.61607468993763	-1.56876634581136	-1.06175702349106	2	2
MvSl-1064-A1-R4_A1g01432	MvSl-1064-A1-R4_A1	aMAT	1872072	1874749	4.82973024393181	-1.19416985457912	1.45014318639259e-05	0.000629586319618852	4.40196245043742	3.75330426480261	5.20152137793354	5.39792881161683	1	1
MvSl-1064-A1-R4_A1g01515	MvSl-1064-A1-R4_A1	aMAT	3408913	3409518	6.31235155969681	-1.10211856255253	7.80822613385947e-08	4.87309224062466e-06	5.8411504927167	5.45021171401898	6.80410526168028	6.71324118563718	1	1
MvSl-1064-A1-R4_MC01-1g01699	MvSl-1064-A1-R4_MC01-1	Chr01	20934	21320	4.92698170125233	0.84965818589649	0.000331988338979446	0.00959350225854752	5.28896341060713	5.29231033657521	4.46657593008887	4.42060946270404	2	2
MvSl-1064-A1-R4_MC01-1g01739	MvSl-1064-A1-R4_MC01-1	Chr01	59427	63137	4.30111947891928	-1.03907084622141	0.000174329603390149	0.00559535766309739	3.68077915430466	3.70102557053769	4.8815073833474	4.54849016445835	1	1
MvSl-1064-A1-R4_MC01-1g01777	MvSl-1064-A1-R4_MC01-1	Chr01	108977	112127	0.513274740226293	-1.9126799386524	0.000142404712680835	0.00475758792885747	-0.884746315612543	-0.432765659100032	1.02666224863648	1.18585684617525	1	1
MvSl-1064-A1-R4_MC01-1g01829	MvSl-1064-A1-R4_MC01-1	Chr01	165965	170607	4.91807013530124	-0.827097236922513	0.000614713192871856	0.0163340678593991	4.43906770408045	4.45353930743484	5.37901056169528	5.15357560065787	1	1
MvSl-1064-A1-R4_MC01-1g01952	MvSl-1064-A1-R4_MC01-1	Chr01	325456	328312	7.19226664380585	0.610310794614625	0.00153378538855719	0.0339510573570528	7.430879785933	7.49921973011602	6.77578165731035	6.93115810790807	2	2
MvSl-1064-A1-R4_MC01-1g01970	MvSl-1064-A1-R4_MC01-1	Chr01	349846	350081	8.03556393349711	-3.08164479915531	1.30649058564621e-33	4.04876927351809e-31	5.90486898243761	5.67464051152357	9.06951018426182	8.64719076195364	1	1
MvSl-1064-A1-R4_MC01-1g01977	MvSl-1064-A1-R4_MC01-1	Chr01	358109	359841	3.95833879562788	-1.20674833982673	2.61860435371695e-05	0.00106006294265109	3.11071264591892	3.34754187291842	4.50309120186272	4.35881242838232	1	1
MvSl-1064-A1-R4_MC01-1g01978	MvSl-1064-A1-R4_MC01-1	Chr01	359152	362478	5.04979435947288	-0.905219125626444	0.00076118533032844	0.0192950986364404	4.6966991648989	4.33656712297615	5.67678784669955	5.132348788277	1	1
MvSl-1064-A1-R4_MC01-1g02005	MvSl-1064-A1-R4_MC01-1	Chr01	393332	397460	1.37321144940204	-2.56008413388982	1.50782659797558e-08	1.01125654000049e-06	-0.500590080040893	-0.150703359928041	2.05747330407734	2.13807770751211	1	1
MvSl-1064-A1-R4_MC01-1g02046	MvSl-1064-A1-R4_MC01-1	Chr01	439149	443618	3.61656966267083	-1.06543467746196	0.000662641136952357	0.0174127365432481	3.12899418014004	2.83585909908162	4.21834269392574	3.85011794172067	1	1
MvSl-1064-A1-R4_MC01-1g02161	MvSl-1064-A1-R4_MC01-1	Chr01	632450	633298	3.12027434333727	1.61420779338734	3.7892866962058e-05	0.00146155877848933	3.50295787335675	3.89965241476509	1.48179168968456	2.5641632812855	2	2
MvSl-1064-A1-R4_MC01-1g02176	MvSl-1064-A1-R4_MC01-1	Chr01	669160	669324	5.49826156073603	-1.06776470670707	9.94523866395924e-05	0.00351881338082684	4.37923240820712	5.23218042865732	5.951289647678	5.91550535339119	1	1
MvSl-1064-A1-R4_MC01-1g02299	MvSl-1064-A1-R4_MC01-1	Chr01	954174	956793	4.24315976388447	0.873440134493863	0.00218344459544225	0.0451094634005506	4.81997283428732	4.37785486014799	3.67333783092181	3.81663614778899	2	2
MvSl-1064-A1-R4_MC01-1g02347	MvSl-1064-A1-R4_MC01-1	Chr01	1058433	1060810	1.75418872309916	2.6287623022377	7.89682919402193e-10	6.17120034492827e-08	2.29065083948784	2.75839121125182	-0.0024707720411087	0.0651395078274786	2	2
MvSl-1064-A1-R4_MC01-1g02382	MvSl-1064-A1-R4_MC01-1	Chr01	1137255	1138136	2.80770988930157	-1.01284369417192	0.00202590997386108	0.0423415184536965	2.18976072118127	2.24492178992808	3.29718104185512	3.12925138007625	1	1
MvSl-1064-A1-R4_MC01-1g02422	MvSl-1064-A1-R4_MC01-1	Chr01	1238638	1242061	2.3589884492122	-1.30358530978277	0.00106677429212418	0.0254976078811702	1.74440899295122	1.38248357118582	3.18927250636855	2.40591606705559	1	1
MvSl-1064-A1-R4_MC01-1g02545	MvSl-1064-A1-R4_MC01-1	Chr01	1547798	1548623	5.37374298528597	-0.711811649501014	0.00166928479454229	0.0361490661410881	5.10495440361022	4.83132696469594	5.74570888542515	5.62075175711159	1	1
MvSl-1064-A1-R4_MC01-1g02588	MvSl-1064-A1-R4_MC01-1	Chr01	1659028	1660378	5.78078058161633	-14.083452178571	5.06771101386307e-70	6.50621698308391e-67	-3.3081956594574	-3.3081956594574	6.00213830722159	7.27766761737923	1	1
MvSl-1064-A1-R4_MC01-1g02598	MvSl-1064-A1-R4_MC01-1	Chr01	1678599	1679455	1.30385392807802	2.16590481893442	2.50275017123564e-06	0.000125654836809468	1.67144773465021	2.29280679461106	0.127956650992737	-0.222396958801479	2	2
MvSl-1064-A1-R4_MC01-1g02603	MvSl-1064-A1-R4_MC01-1	Chr01	1685895	1687396	4.79720274750947	0.996254267591141	0.00187938488629962	0.0398349810688083	5.06753030913781	5.34246969847347	3.62445357735265	4.63884051713728	2	2
MvSl-1064-A1-R4_MC01-1g02628	MvSl-1064-A1-R4_MC01-1	Chr01	1739703	1740826	7.96353224964867	-0.69456778279606	0.00137821446945983	0.0314365823275012	7.60546205782553	7.54360233940543	8.38860525693929	8.13890623548465	1	1
MvSl-1064-A1-R4_MC01-1g02725	MvSl-1064-A1-R4_MC01-1	Chr01	1973283	1974977	4.17027378661222	-1.38321837507806	8.2184249760068e-07	4.42269372810618e-05	3.37093409748064	3.26991436910739	4.82012067121493	4.56009827542698	1	1
MvSl-1064-A1-R4_MC01-1g02734	MvSl-1064-A1-R4_MC01-1	Chr01	1992894	1995725	4.02971419066209	-1.83061590832888	2.08206822933899e-10	1.74874272682892e-08	2.79299372533484	2.89910220805043	4.68626370053262	4.64157477926678	1	1
MvSl-1064-A1-R4_MC01-1g02736	MvSl-1064-A1-R4_MC01-1	Chr01	1998425	2000603	2.31794595798667	1.51537027703974	4.40681388596832e-05	0.00168527814439137	3.10148426603124	2.63996753261983	1.52977588361381	1.27307967917578	2	2
MvSl-1064-A1-R4_MC01-1g02753	MvSl-1064-A1-R4_MC01-1	Chr01	2038956	2039464	3.73927190381931	-1.45870798107046	3.14104053166426e-06	0.000155101820099267	2.81574372527682	2.85724966071937	4.50908822643617	4.015235393168	1	1
MvSl-1064-A1-R4_MC01-1g02754	MvSl-1064-A1-R4_MC01-1	Chr01	2039963	2041115	8.01423573820827	0.775116770945757	0.000719650877826838	0.018478578397228	8.13188033614713	8.54011533518752	7.57847317826742	7.57270548738608	2	2
MvSl-1064-A1-R4_MC01-1g02763	MvSl-1064-A1-R4_MC01-1	Chr01	2070788	2075231	8.79392751113067	-0.785979806462817	0.00190962653489693	0.0402691046886196	8.3574729764476	8.33861249088627	9.0148435628984	9.24383271255119	1	1
MvSl-1064-A1-R4_MC01-1g02764	MvSl-1064-A1-R4_MC01-1	Chr01	2075547	2076338	8.06632160013109	-0.945075522516618	3.14697169908991e-05	0.00124589579998771	7.61359949058865	7.41517825499334	8.58556066715128	8.32794450365036	1	1
MvSl-1064-A1-R4_MC01-1g02769	MvSl-1064-A1-R4_MC01-1	Chr01	2085598	2091183	4.07096836091393	-1.03688165409833	0.000256478681137047	0.00778707401141432	3.49593173454277	3.42836844938221	4.63508342760895	4.3353608712764	1	1
MvSl-1064-A1-R4_MC01-1g02787	MvSl-1064-A1-R4_MC01-1	Chr01	2147039	2147964	1.21298821673991	-1.5030814906242	0.0013955614493517	0.0317516727729714	0.26606359993758	0.349452180730618	2.10576205082015	1.24458733396321	1	1
MvSl-1064-A1-R4_MC01-1g02798	MvSl-1064-A1-R4_MC01-1	Chr01	2173502	2174212	3.07268332029781	1.05942655317964	0.00117112586186977	0.0274086148974574	3.35549026140091	3.64678100189468	2.28421407654691	2.62068644772091	2	2
MvSl-1064-A1-R4_MC01-1g02805	MvSl-1064-A1-R4_MC01-1	Chr01	2189878	2190272	1.37579559151208	-1.72652828667584	0.00147859518549241	0.0332278816434118	0.26606359993758	0.349452180730618	2.53991496643641	0.959142733343675	1	1
MvSl-1064-A1-R4_MC01-1g02832	MvSl-1064-A1-R4_MC01-1	Chr01	2244685	2246126	6.08983115200055	-3.26507170950225	2.83432061865491e-46	1.59200246249073e-43	3.49593173454277	3.85781605951472	6.98010538700864	6.90749886187144	1	1
MvSl-1064-A1-R4_MC01-1g02837	MvSl-1064-A1-R4_MC01-1	Chr01	2257512	2259365	3.72579684186459	1.8677816914989	3.84316952719615e-09	2.74115591594538e-07	4.53815567256631	4.20092558813315	2.32557951373024	2.70675560592864	2	2
MvSl-1064-A1-R4_MC01-1g02852	MvSl-1064-A1-R4_MC01-1	Chr01	2291302	2294797	2.12288956573634	1.82485480362177	1.39031116734627e-06	7.18087727640284e-05	2.63567242386867	2.88875234565408	1.15459453453402	0.811560115277818	2	2
MvSl-1064-A1-R4_MC01-1g02854	MvSl-1064-A1-R4_MC01-1	Chr01	2298090	2298928	3.51034496282552	-0.947287744174	0.00174864230449554	0.0375958095466542	2.90331745387081	3.01783359324491	3.96707416881681	3.83108073883707	1	1
MvSl-1064-A1-R4_MC01-1g02885	MvSl-1064-A1-R4_MC01-1	Chr01	2407407	2407795	1.01197679954627	-4.9831448686741	3.03323351711411e-15	3.54021683354603e-13	-3.3081956594574	-1.67001070591217	1.99046638731747	1.78932103525356	1	1
MvSl-1064-A1-R4_MC01-1g02899	MvSl-1064-A1-R4_MC01-1	Chr01	2447458	2447823	2.11170379227066	1.3991246359708	0.000196369717556268	0.00623595283278509	2.66102065574347	2.63996753261983	1.52977588361381	0.993794479233966	2	2
MvSl-1064-A1-R4_MC01-1g02912	MvSl-1064-A1-R4_MC01-2	Chr01	2505946	2508327	1.39766178580167	-2.13454790535457	1.49673852890878e-06	7.64595694078734e-05	-0.109155211856354	0.155886228401762	2.24162749649994	1.84731799081873	1	1
MvSl-1064-A1-R4_MC01-2g02957	MvSl-1064-A1-R4_MC01-2	Chr01	2548787	2549811	1.37019933171095	-2.20413331053639	5.12304863826266e-06	0.000246207690438859	-0.109155211856354	0.0107203897306527	1.52977588361381	2.41872460895718	1	1
MvSl-1064-A1-R4_MC01-2g02960	MvSl-1064-A1-R4_MC01-2	Chr01	2553249	2553440	4.31670309031593	1.48006590173594	1.49737222830597e-06	7.64595694078734e-05	4.89666692295769	4.85544420075939	3.72577899818783	2.99029467759629	2	2
MvSl-1064-A1-R4_MC01-2g02970	MvSl-1064-A1-R4_MC01-2	Chr01	2574684	2576195	3.96640976059615	-4.81135588072144	1.03681639220588e-33	3.32781032741224e-31	0.0528156497021856	0.349452180730618	4.53870502455039	5.19325222730039	1	1
MvSl-1064-A1-R4_MC01-2g02981	MvSl-1064-A1-R4_MC01-2	Chr01	2602471	2608043	2.59413064673046	3.6642517729554	2.62188249937869e-18	3.74013619395497e-16	3.41629776712407	3.56464153671822	0.358010216131952	-0.58187651286625	2	2
MvSl-1064-A1-R4_MC01-2g03005	MvSl-1064-A1-R4_MC01-2	Chr01	2655535	2656816	7.60536962338174	-1.19322292463861	8.52520005664461e-07	4.56047457792055e-05	7.07196715371304	6.67923190417353	8.3122072739294	7.80660817886742	1	1
MvSl-1064-A1-R4_MC01-2g03006	MvSl-1064-A1-R4_MC01-2	Chr01	2657496	2662419	3.48399772201101	-7.96568017893807	2.42803158174266e-48	1.67851690962471e-45	-2.24391274280674	-2.69637651759763	4.6017977985956	4.30118321079798	1	1
MvSl-1064-A1-R4_MC01-2g03112	MvSl-1064-A1-R4_MC01-2	Chr01	2910327	2910593	5.90233226493654	0.75594592786278	0.00227714481175579	0.0467230603270531	5.84668425262885	6.53487307009539	5.43205457134133	5.52033848736593	2	2
MvSl-1064-A1-R4_MC01-2g03113	MvSl-1064-A1-R4_MC01-2	Chr01	2910859	2915865	3.90709206108464	1.19227460045888	0.000200844944729966	0.00633331059048493	4.29673272935454	4.4675158617389	3.5154705177015	2.79781644953472	2	2
MvSl-1064-A1-R4_MC01-2g03166	MvSl-1064-A1-R4_MC02	Chr02	27286	27618	2.4547087427402	5.19923958492993	8.98953482630529e-25	1.75628151052186e-22	3.07343956732666	3.70692874870931	-1.78652953182822	-1.06175702349106	2	2
MvSl-1064-A1-R4_MC01-2g03171	MvSl-1064-A1-R4_MC02	Chr02	31160	32278	5.02575627224693	1.68582301759914	2.97373469431746e-12	2.84308018062032e-10	5.69848603833131	5.57164667249224	3.89562523887938	4.015235393168	2	2
MvSl-1064-A1-R4_MC02g03205	MvSl-1064-A1-R4_MC02	Chr02	113598	114750	6.23062941824634	-0.990674120773229	5.46116658538059e-06	0.000257251222118851	5.5621805935563	5.73654970142743	6.85266651147626	6.39376994720245	1	1
MvSl-1064-A1-R4_MC02g03224	MvSl-1064-A1-R4_MC02	Chr02	170028	171600	5.58489836356771	0.829545219516628	0.00151290105835663	0.0338219945558483	5.57723785543414	6.23126601101201	4.88381703499491	5.31128805638499	2	2
MvSl-1064-A1-R4_MC02g03229	MvSl-1064-A1-R4_MC02	Chr02	180261	181082	4.75359030807619	-0.803268435711437	0.00125508698331558	0.0291459088347728	4.27637449096675	4.31740211196595	5.23266103746417	4.94804865919709	1	1
MvSl-1064-A1-R4_MC02g03274	MvSl-1064-A1-R4_MC02	Chr02	283921	284543	2.96390881520192	-1.64342448011494	1.25862277494057e-06	6.5382906811508e-05	1.81385733525444	2.03570494067545	3.70503071084545	3.37249228488343	1	1
MvSl-1064-A1-R4_MC02g03288	MvSl-1064-A1-R4_MC02	Chr02	318323	318827	3.44200083598243	-1.2617374840277	7.06221285641768e-05	0.00256955898545043	2.64840221031996	2.71218156975821	4.11202925483794	3.72163379697263	1	1
MvSl-1064-A1-R4_MC02g03352	MvSl-1064-A1-R4_MC02	Chr02	489526	492358	7.02725463357253	-1.02671476536388	3.5864030773942e-08	2.33558003308273e-06	6.35565451356934	6.49021689029431	7.42040275609259	7.47988582772388	1	1
MvSl-1064-A1-R4_MC02g03366	MvSl-1064-A1-R4_MC02	Chr02	534266	534577	0.144705078621026	-2.30327415295059	0.000320116154840726	0.00933847345932971	-1.21281443266468	-1.24845636007034	1.32744916713848	-0.0714771152099074	1	1
MvSl-1064-A1-R4_MC02g03371	MvSl-1064-A1-R4_MC02	Chr02	539752	539970	3.62367302080445	4.21631648348928	1.06197732216475e-18	1.53935325714429e-16	4.43539982989182	4.66237891463475	1.09204599108713	-0.801955377167449	2	2
MvSl-1064-A1-R4_MC02g03373	MvSl-1064-A1-R4_MC02	Chr02	542592	543917	2.29606245286163	-1.27162526441224	0.000395859891786766	0.0112226903706235	1.69618041289352	1.35267062005778	2.78697096110505	2.76809691257819	1	1
MvSl-1064-A1-R4_MC02g03374	MvSl-1064-A1-R4_MC02	Chr02	544546	545356	7.04090686995073	-0.602683825589319	0.00161230405267568	0.0352549307089935	6.77533404872981	6.63811570718967	7.42477138824333	7.18652363039364	1	1
MvSl-1064-A1-R4_MC02g03498	MvSl-1064-A1-R4_MC02	Chr02	809643	814145	5.43627324908984	2.65117659053434	1.11215336900065e-25	2.27157325618383e-23	5.97854905215077	6.43438256998153	3.53910845127171	3.62546700148375	2	2
MvSl-1064-A1-R4_MC02g03499	MvSl-1064-A1-R4_MC02	Chr02	814822	815124	4.81433506687164	1.04138584932152	0.00039205286669743	0.0111499339019298	5.00703950587525	5.44668818830487	3.81562168599135	4.51309468245304	2	2
MvSl-1064-A1-R4_MC02g03500	MvSl-1064-A1-R4_MC02	Chr02	815168	815677	0.616563061529604	2.20221794033571	1.49464258506435e-05	0.000645786197691023	1.4566560682348	1.19359900559223	-0.305116666944169	-1.21160896131552	2	2
MvSl-1064-A1-R4_MC02g03515	MvSl-1064-A1-R4_MC02	Chr02	848679	853081	4.79960492848096	-0.897413357694643	0.000211949630439089	0.00659433261608897	4.23054870627505	4.33275443398024	5.22539429667489	5.12650504004692	1	1
MvSl-1064-A1-R4_MC02g03565	MvSl-1064-A1-R4_MC02	Chr02	962237	963766	1.48763514467539	-2.19695137283963	2.66805750670472e-07	1.53704056492022e-05	0.0528156497021856	0.0851283861099888	2.21252161890656	2.10675987847265	1	1
MvSl-1064-A1-R4_MC02g03567	MvSl-1064-A1-R4_MC02	Chr02	967667	969737	5.07639333053054	-0.873897070336365	0.00177788118297616	0.0381332176405889	4.84230459644645	4.24622026147219	5.66743387430031	5.18390390855646	1	1
MvSl-1064-A1-R4_MC02g03579	MvSl-1064-A1-R4_MC02	Chr02	998907	1000030	2.78384555156672	-2.32849010327695	2.23558894401052e-09	1.63343397071728e-07	1.56804554803148	0.766099797155642	3.68397967020752	3.29124413441317	1	1
MvSl-1064-A1-R4_MC02g03606	MvSl-1064-A1-R4_MC02	Chr02	1085380	1085925	7.63818008521381	-1.4072699707628	2.43758331250658e-11	2.19065612294967e-09	6.86122435389736	6.67170567237625	8.09217583423225	8.25527379618409	1	1
MvSl-1064-A1-R4_MC02g03617	MvSl-1064-A1-R4_MC02	Chr02	1116373	1120136	5.29910020084175	-0.852387232919116	0.000296726307694524	0.00874321090901865	4.84783393979043	4.7734342431043	5.47097978063785	5.82939292969773	1	1
MvSl-1064-A1-R4_MC02g03808	MvSl-1064-A1-R4_MC02	Chr02	1543334	1543912	5.27412597278878	-0.902210758654569	0.00019733603513286	0.00624457375964442	4.85882945363603	4.64095508155039	5.83435608811404	5.44720835601271	1	1
MvSl-1064-A1-R4_MC02g03874	MvSl-1064-A1-R4_MC02	Chr02	1674738	1674962	3.63370325856407	1.00817418790426	0.000683746431800023	0.017765595149676	4.01648008618756	4.08784926384385	2.9633121421448	3.13702302762252	2	2
MvSl-1064-A1-R4_MC02g03891	MvSl-1064-A1-R4_MC02	Chr02	1712449	1713500	5.56421123810599	-1.45483313413163	4.09074630265838e-08	2.64485877856049e-06	4.80014489263133	4.50865102432387	6.42244480708661	5.71851856047967	1	1
MvSl-1064-A1-R4_MC02g03922	MvSl-1064-A1-R4_MC02	Chr02	1791625	1791813	4.40746191701329	-1.25615440179993	0.000104239234109301	0.00365936717554801	4.0262666484807	3.13630815681871	5.0369418301004	4.74436000785015	1	1
MvSl-1064-A1-R4_MC02g04109	MvSl-1064-A1-R4_MC02	Chr02	2261251	2262287	3.94645330820799	-1.27421482897617	5.14052943133016e-05	0.00192491408330684	3.37093409748064	2.94976623314847	4.67563875789212	4.15957063489355	1	1
MvSl-1064-A1-R4_MC02g04171	MvSl-1064-A1-R4_MC02	Chr02	2406457	2408842	5.7307639991232	0.71448075295062	0.00210935323604729	0.0438813831767523	5.85905814674882	6.20856045360549	5.1313299449749	5.50690597761222	2	2
MvSl-1064-A1-R4_MC02g04206	MvSl-1064-A1-R4_MC02	Chr02	2492649	2493498	1.43583868984409	-1.29336493155308	0.00155565451537702	0.0343505334881898	0.667274786884448	0.672668513060297	2.00751213508661	1.80891355493381	1	1
MvSl-1064-A1-R4_MC02g04207	MvSl-1064-A1-R4_MC02	Chr02	2493883	2495696	6.15410188762446	-0.767991024241389	0.000321084711130842	0.00933847345932971	5.73475050078721	5.70445260781045	6.68995549925457	6.24977571164343	1	1
MvSl-1064-A1-R4_MC02g04224	MvSl-1064-A1-R4_MC02	Chr02	2555603	2555884	5.35890250239902	-1.16339686861935	0.000409406610972116	0.01149792879002	5.06753030913781	4.10135802656059	6.14281416687474	5.41401009448574	1	1
MvSl-1064-A1-R4_MC03g04343	MvSl-1064-A1-R4_MC03	Chr03	238110	241071	4.01825969498934	-1.27895051605959	2.99173378946369e-05	0.00118967750291638	3.47464564496468	2.96954394562275	4.65415120447242	4.35881242838232	1	1
MvSl-1064-A1-R4_MC03g04352	MvSl-1064-A1-R4_MC03	Chr03	247547	248344	0.803883105847395	5.43238959729875	3.3442227226439e-16	4.17424022338899e-14	1.56804554803148	1.95863323506542	-2.75453424233934	-2.35491170459095	2	2
MvSl-1064-A1-R4_MC03g04423	MvSl-1064-A1-R4_MC03	Chr03	426752	428683	6.6706152433522	-0.818467869080154	1.5473024205358e-05	0.000665340040830395	6.1550633091523	6.25160184531756	7.04655369239604	6.99669340417765	1	1
MvSl-1064-A1-R4_MC03g04424	MvSl-1064-A1-R4_MC03	Chr03	430098	433569	2.61475878355634	-1.16706838131804	0.000756964596214715	0.0192715037568885	2.04322962251293	1.79091649491045	3.20413523796089	2.91996374935818	1	1
MvSl-1064-A1-R4_MC03g04475	MvSl-1064-A1-R4_MC03	Chr03	559657	560886	2.46056756957419	1.1481406416655	0.00179088437379268	0.0383206615887495	2.76987922285656	3.06455911084535	2.05747330407734	1.48277655338526	2	2
MvSl-1064-A1-R4_MC03g04539	MvSl-1064-A1-R4_MC03	Chr03	704605	709495	1.621364961279	-1.6227576008528	0.000348063926808882	0.00999377159818347	0.764029225739471	0.465425010231367	2.57464198933512	1.64417536255291	1	1
MvSl-1064-A1-R4_MC03g04585	MvSl-1064-A1-R4_MC03	Chr03	824646	829822	6.29777458239521	-0.833078905943916	9.59644204883178e-06	0.000424843471393356	5.83559542514967	5.80831984292305	6.69522529278773	6.61162160999879	1	1
MvSl-1064-A1-R4_MC03g04642	MvSl-1064-A1-R4_MC03	Chr03	943695	945674	6.44535905659633	1.07419059807628	3.94015114972322e-07	2.21313364891016e-05	7.05413997918064	6.69342447032677	5.64989964987119	5.95780518430444	2	2
MvSl-1064-A1-R4_MC03g04747	MvSl-1064-A1-R4_MC03	Chr03	1211914	1213905	5.5009257053933	0.839902592026118	0.00014339089084718	0.00477279235571708	5.83559542514967	5.88582420165316	4.87223162233699	5.15931093545514	2	2
MvSl-1064-A1-R4_MC03g04792	MvSl-1064-A1-R4_MC03	Chr03	1328907	1332407	5.78055634520757	-0.875557074271001	2.88430086900791e-05	0.00115719696025777	5.27055447150112	5.28443634635674	6.2179647893092	6.08176869801339	1	1
MvSl-1064-A1-R4_MC03g04807	MvSl-1064-A1-R4_MC03	Chr03	1362864	1363882	4.21996165953403	2.03301271102401	2.10460898695922e-10	1.75130749683357e-08	4.66885498600289	5.11053177038286	2.53991496643641	3.16769761276929	2	2
MvSl-1064-A1-R4_MC03g04811	MvSl-1064-A1-R4_MC03	Chr03	1377247	1378959	6.74034486113093	-0.825139080042963	8.61560483879153e-06	0.000389087641639294	6.33020315994472	6.20647848190396	7.02421920034687	7.16054660143924	1	1
MvSl-1064-A1-R4_MC03g04831	MvSl-1064-A1-R4_MC03	Chr03	1415907	1416257	3.62884625385904	-1.046343165161	0.000600336206413749	0.0160572068066677	2.84920989770931	3.1623200394384	3.96271079339882	4.13649539840347	1	1
MvSl-1064-A1-R4_MC03g04844	MvSl-1064-A1-R4_MC03	Chr03	1449656	1449929	3.73830517033391	1.2803340205671	1.74147808995679e-05	0.000741737611110979	4.36773166688877	4.10583298402338	3.04813232684525	2.8926798369536	2	2
MvSl-1064-A1-R4_MC03g04845	MvSl-1064-A1-R4_MC03	Chr03	1451040	1452487	3.93184724542312	2.43559742311519	3.23969286189629e-15	3.73270766023871e-13	4.48946222291124	4.86603490967441	2.27015776654429	2.285214691688	2	2
MvSl-1064-A1-R4_MC03g04878	MvSl-1064-A1-R4_MC03	Chr03	1530511	1536809	0.447282010898963	-2.21400416070575	2.33182404921003e-05	0.000965719019827215	-1.21281443266468	-0.657006317928581	1.15459453453402	1.02763341762738	1	1
MvSl-1064-A1-R4_MC03g04912	MvSl-1064-A1-R4_MC03	Chr03	1625677	1626256	6.32928763160007	-1.39015262188142	1.30885105770586e-07	7.84176297040174e-06	5.6831026089881	5.22808123902125	7.19110863847718	6.43375549411186	1	1
MvSl-1064-A1-R4_MC03g04929	MvSl-1064-A1-R4_MC03	Chr03	1664513	1664680	3.56356688088672	1.53926034824522	4.16396633635602e-07	2.30997317684145e-05	4.08363156082156	4.19253519956305	2.66335726954869	2.5641632812855	2	2
MvSl-1064-A1-R4_MC03g04950	MvSl-1064-A1-R4_MC03	Chr03	1708177	1708942	3.75246039901585	-1.0280370551602	0.000403474784821856	0.0113668585930847	3.13804880236417	3.1623200394384	4.23291043161885	4.10514282581486	1	1
MvSl-1064-A1-R4_MC03g04959	MvSl-1064-A1-R4_MC03	Chr03	1729459	1732205	0.824737910928214	-3.15061566293963	2.93798805777856e-08	1.92727727556612e-06	-1.90946476811616	-0.783714585151602	1.21454357627221	1.90307327018694	1	1
MvSl-1064-A1-R4_MC03g05019	MvSl-1064-A1-R4_MC03	Chr03	1862866	1863505	5.25944835316339	-1.20789389973761	1.89410629226467e-05	0.000802940247574649	4.73300801027607	4.30188466068005	6.04404541780779	5.34858063189738	1	1
MvSl-1064-A1-R4_MC03g05043	MvSl-1064-A1-R4_MC03	Chr03	1919442	1923144	3.50482627649969	1.33002615412848	2.08329983995356e-05	0.000878996040453645	4.11607043494618	3.92519715774891	2.53991496643641	2.8554796044076	2	2
MvSl-1064-A1-R4_MC03g05070	MvSl-1064-A1-R4_MC03	Chr03	2010948	2011221	1.28721696087088	-2.2023914183102	8.02538344634952e-06	0.00036611228950428	0.392513995574178	-0.922632240585174	2.0898447154602	1.80891355493381	1	1
MvSl-1064-A1-R4_MC03g05077	MvSl-1064-A1-R4_MC03	Chr03	2027563	2027868	6.64880241629913	-0.717187880761397	0.00198958920860864	0.0417767248078642	6.42665210194737	6.03992129560168	7.20364324375636	6.6730472516584	1	1
MvSl-1064-A1-R4_MC03g05082	MvSl-1064-A1-R4_MC03	Chr03	2035765	2039128	2.79135225466041	1.88333429977983	2.10225382491566e-07	1.24295757398138e-05	3.55796809941008	3.33234693389033	1.88373271447369	1.24458733396321	2	2
MvSl-1064-A1-R4_MC03g05112	MvSl-1064-A1-R4_MC03	Chr03	2115480	2116104	5.70137711049159	-0.76563568879034	0.00023376914208887	0.00719480575326258	5.2643655858106	5.27254419191447	6.00320095830465	6.0614934936763	1	1
MvSl-1064-A1-R4_MC03g05134	MvSl-1064-A1-R4_MC03	Chr03	2160164	2160487	0.664906329256395	-4.01485948917268	3.21371417264258e-09	2.32916526367249e-07	-2.68006121971643	-1.44389076844432	0.810597124098315	1.95675373278923	1	1
MvSl-1064-A1-R4_MC03g05154	MvSl-1064-A1-R4_MC03	Chr03	2208758	2209667	6.13548915865818	1.25627552297782	1.64574166115778e-09	1.25341358549364e-07	6.48547806373488	6.7637821795084	5.47558100922777	5.27124138746037	2	2
MvSl-1064-A1-R4_MC03g05159	MvSl-1064-A1-R4_MC03	Chr03	2220142	2221455	6.13535168646514	1.07826193272799	4.71710887200882e-08	3.02804695948166e-06	6.56147999002016	6.59101319439521	5.42414189530791	5.57141855615292	2	2
MvSl-1064-A1-R4_MC03g05222	MvSl-1064-A1-R4_MC03	Chr03	2379331	2380742	4.23901508401381	-2.74383413522816	2.1610298625289e-20	3.40722374992057e-18	2.41505396868382	2.19539269118676	4.95583874459436	5.09891680148291	1	1
MvSl-1064-A1-R4_MC03g05235	MvSl-1064-A1-R4_MC03	Chr03	2410839	2411337	6.15394001412857	1.76697493142711	9.11806226727723e-08	5.5367584862176e-06	6.23213633101923	7.18025372326385	4.52100800408157	5.38819329097219	2	2
MvSl-1064-A1-R4_MC03g05243	MvSl-1064-A1-R4_MC03	Chr03	2428516	2430227	2.00399037525932	3.82133043769477	3.75896207972239e-11	3.27978565150146e-09	2.09993700359074	3.42836844938221	-0.223298357800609	-1.37884952097289	2	2
MvSl-1064-A1-R4_MC04-1g05282	MvSl-1064-A1-R4_MC04-1	Chr04	23834	26392	1.30677855486623	-4.98455153265167	4.17594490334139e-17	5.68624497671652e-15	-1.63814373177874	-2.69637651759763	2.16773127775776	2.22814771755402	1	1
MvSl-1064-A1-R4_MC04-1g05292	MvSl-1064-A1-R4_MC04-1	Chr04	37919	38133	7.22610768374799	-5.944016886697	1.00095818208288e-77	1.79912223647577e-74	2.40007770334419	2.16140267836965	8.53042467088974	7.77427070003066	1	1
MvSl-1064-A1-R4_MC04-1g05308	MvSl-1064-A1-R4_MC04-1	Chr04	56761	58056	4.35689988408259	-0.988826090756706	0.00025940367991195	0.00784936320326159	3.64946032597389	3.89965241476509	4.68890775465391	4.83553860978679	1	1
MvSl-1064-A1-R4_MC04-1g05312	MvSl-1064-A1-R4_MC04-1	Chr04	62239	62406	1.068315738375	-1.53912949257628	0.00076218538065387	0.0192950986364404	0.330673756677006	-0.0677349405124364	1.35434701150687	1.80891355493381	1	1
MvSl-1064-A1-R4_MC04-1g05323	MvSl-1064-A1-R4_MC04-1	Chr04	73730	74875	7.17117791879542	-0.642346860875757	0.00114676578995764	0.026979016110862	6.67236590775032	6.94390516855402	7.41562183968837	7.49621709694171	1	1
MvSl-1064-A1-R4_MC04-1g05376	MvSl-1064-A1-R4_MC04-1	Chr04	187564	193108	8.31867527230339	-0.980998780851637	2.12145306697152e-05	0.000890911154807151	7.77865509796047	7.71339478124599	8.66206753617535	8.78927668435722	1	1
MvSl-1064-A1-R4_MC04-1g05411	MvSl-1064-A1-R4_MC04-1	Chr04	269125	271347	3.685987222501	3.39962921811705	3.90554922786388e-21	6.38166743832958e-19	4.77133802319746	4.31353836830776	1.45718752648138	0.923638169858298	2	2
MvSl-1064-A1-R4_MC04-1g05424	MvSl-1064-A1-R4_MC04-1	Chr04	313839	314606	0.882906903321957	-1.93914366244549	3.38607054332076e-05	0.00131734268280622	-0.500590080040893	-0.150703359928041	1.59888629247304	1.38173471812951	1	1
MvSl-1064-A1-R4_MC04-1g05441	MvSl-1064-A1-R4_MC04-1	Chr04	378277	380382	7.46559326086778	0.665612777960837	0.000986352789393331	0.0238931334724471	7.76410739928676	7.75672337028844	7.20456741511434	6.97680227153581	2	2
MvSl-1064-A1-R4_MC04-1g05493	MvSl-1064-A1-R4_MC04-1	Chr04	507427	507582	6.40841608779648	-0.648311628209786	0.00128554331350936	0.0296996857545208	6.21512363395482	5.85956624016074	6.75385232817192	6.63513528039173	1	1
MvSl-1064-A1-R4_MC04-1g05505	MvSl-1064-A1-R4_MC04-1	Chr04	520565	521509	2.7597857011812	2.59061635015101	2.74207522493266e-11	2.43990396499702e-09	3.18248860984169	3.83103854527576	0.848930558572944	1.15556999879439	2	2
MvSl-1064-A1-R4_MC04-1g05592	MvSl-1064-A1-R4_MC04-1	Chr04	708158	709958	4.79471106993992	-1.00017119747403	5.88705638667877e-05	0.00219531019697436	4.1297525929422	4.28619848920941	5.071799273036	5.33005483889503	1	1
MvSl-1064-A1-R4_MC04-1g05677	MvSl-1064-A1-R4_MC04-1	Chr04	921744	923465	5.49485480902217	-0.973024583262463	0.000704422911685572	0.018191519273903	4.83953195740383	5.01145620895856	6.28590514535409	5.36852291475696	1	1
MvSl-1064-A1-R4_MC04-1g05729	MvSl-1064-A1-R4_MC04-1	Chr04	1057621	1058833	5.77160719192274	0.800206563805068	0.000161441477384762	0.00527343685381324	6.16617098974017	6.06656583410537	5.42255413894978	5.20623893556163	2	2
MvSl-1064-A1-R4_MC04-1g05801	MvSl-1064-A1-R4_MC04-1	Chr04	1257323	1259951	4.0843075166123	-1.30141557595713	0.000147636210442242	0.00487796552663394	2.69822700670014	3.71280787082433	4.50609283021667	4.66326430040109	1	1
MvSl-1064-A1-R4_MC04-1g05826	MvSl-1064-A1-R4_MC04-1	Chr04	1312033	1316157	2.35628045926114	-3.10893571021083	9.52795329754968e-11	8.07808644198858e-09	-0.884746315612543	0.766099797155642	2.97202211557188	3.3391931503581	1	1
MvSl-1064-A1-R4_MC04-1g05858	MvSl-1064-A1-R4_MC04-1	Chr04	1379179	1380269	5.63815172129745	-0.721328486372743	0.00061613986918174	0.0163340678593991	5.11645310339291	5.34057239704559	6.00744375268278	5.89617263675499	1	1
MvSl-1064-A1-R4_MC04-1g05865	MvSl-1064-A1-R4_MC04-1	Chr04	1391084	1392487	7.51954401160861	0.80280076632118	0.000169715161765235	0.00550624606059266	7.89037424643144	7.84100453188279	6.85502276183862	7.24567687379268	2	2
MvSl-1064-A1-R4_MC04-1g05906	MvSl-1064-A1-R4_MC04-1	Chr04	1504021	1507215	2.86986421583445	-3.06663679738104	4.98874402638187e-17	6.69161829329759e-15	0.667274786884448	0.720140368266173	3.72061983366985	3.64739820271531	1	1
MvSl-1064-A1-R4_MC04-1g05910	MvSl-1064-A1-R4_MC04-1	Chr04	1515203	1515634	4.01548805711754	9.23707114573738	1.56108366374347e-62	1.55882876511807e-59	5.20528521301772	4.80404853089808	-2.75453424233934	-2.75420850940716	2	2
MvSl-1064-A1-R4_MC04-1g05942	MvSl-1064-A1-R4_MC04-1	Chr04	1572799	1575269	6.08864942914101	-0.753766040846783	0.000231865711277834	0.00716074621049448	5.78749325813518	5.52729770655593	6.34660920748772	6.48184626213389	1	1
MvSl-1064-A1-R4_MC04-1g05945	MvSl-1064-A1-R4_MC04-1	Chr04	1579476	1580634	6.62088624485672	0.848477915097809	0.000884174675877701	0.021950491193682	6.63207630532713	7.26622145392151	5.82597274246135	6.3913352047426	2	2
MvSl-1064-A1-R4_MC04-1g05987	MvSl-1064-A1-R4_MC04-1	Chr04	1670858	1672699	3.9090947023411	1.24367199740119	0.00013317893321697	0.00448703042313727	4.0883105815051	4.65933777630654	2.89167194666768	3.39858905010349	2	2
MvSl-1064-A1-R4_MC04-1g06004	MvSl-1064-A1-R4_MC04-1	Chr04	1710309	1710638	2.54095817447852	-1.41805367963711	6.69197264762033e-05	0.00245472482384342	1.72049622572945	1.6262432928517	3.24063567412356	2.86486997494194	1	1
MvSl-1064-A1-R4_MC04-1g06026	MvSl-1064-A1-R4_MC04-1	Chr04	1772315	1774508	0.256860896007177	-1.84603322844965	0.000965568457536713	0.0234528749402228	-0.392334169686182	-1.44389076844432	1.09204599108713	0.510230747224869	1	1
MvSl-1064-A1-R4_MC04-1g06041	MvSl-1064-A1-R4_MC04-1	Chr04	1809294	1812293	5.24199711699792	-1.2391787672972	4.11395793109216e-07	2.2964062066289e-05	4.70586240359505	4.24622026147219	5.64989964987119	5.80520912042344	1	1
MvSl-1064-A1-R4_MC04-1g06073	MvSl-1064-A1-R4_MC04-2	Chr04	1925102	1927569	5.28698862887328	0.771161339317358	0.000689102503347321	0.0178471590708426	5.62148908954211	5.62250179259156	4.96022292221462	4.73670827720078	2	2
MvSl-1064-A1-R4_MC04-2g06086	MvSl-1064-A1-R4_MC04-2	Chr04	1928143	1928568	6.53114544112574	-2.72572294644006	1.38192907396493e-30	3.54839902506365e-28	4.31680768034358	4.84477517099581	7.46350496304963	7.17430185401308	1	1
MvSl-1064-A1-R4_MC05-1g06149	MvSl-1064-A1-R4_MC05-1	Chr05	47644	48820	6.74856689446599	0.681368230707123	0.000920521671505516	0.0226141369564399	6.84265157371063	7.2302963356064	6.2252689536459	6.49928648078853	2	2
MvSl-1064-A1-R4_MC05-1g06209	MvSl-1064-A1-R4_MC05-1	Chr05	104091	109253	1.14466391748483	-4.54821819428676	4.90984940983593e-15	5.51560208077443e-13	-1.90946476811616	-1.93827986729743	2.1524867249606	1.86614351893154	1	1
MvSl-1064-A1-R4_MC05-1g06212	MvSl-1064-A1-R4_MC05-1	Chr05	106611	109486	6.38357070731128	3.18254441960319	3.5300274886056e-33	1.02336635613221e-30	6.8694027917646	7.52409154019944	3.83484908321013	4.25193202096656	2	2
MvSl-1064-A1-R4_MC05-1g06258	MvSl-1064-A1-R4_MC05-1	Chr05	144137	145430	3.77065748565444	-1.33617887947923	1.08470073075668e-05	0.000477853209181877	2.83814054043359	3.06455911084535	4.10015963664967	4.44272567848371	1	1
MvSl-1064-A1-R4_MC05-1g06269	MvSl-1064-A1-R4_MC05-1	Chr05	152926	153228	1.56681371359647	-1.43520239135896	0.00181754306060241	0.0387987161178951	1.20419589082066	-0.0677349405124364	2.05747330407734	2.10675987847265	1	1
MvSl-1064-A1-R4_MC05-2g06397	MvSl-1064-A1-R4_MC05-2	Chr05	252024	253974	0.75469984726248	1.88931722546398	0.000133367277663076	0.00448703042313727	1.72049622572945	1.01478937092582	-0.145872166716839	-0.58187651286625	2	2
MvSl-1064-A1-R4_MC05-2g06412	MvSl-1064-A1-R4_MC05-2	Chr05	265218	269867	5.06378538535953	-2.36804514395776	8.12452848819869e-21	1.30384174149003e-18	3.54441093565638	3.33996440807431	5.91335520354213	5.68445209665463	1	1
MvSl-1064-A1-R4_MC05-2g06420	MvSl-1064-A1-R4_MC05-2	Chr05	270950	271208	1.27569455537382	1.65104596813084	0.000455766352270411	0.0126418895304142	1.83628322784706	1.91849629408619	-0.391855519060318	0.772178639964729	2	2
MvSl-1064-A1-R4_MC05-2g06424	MvSl-1064-A1-R4_MC05-2	Chr05	273474	273683	0.429508567936141	1.79218649741014	0.000303367456502006	0.00890968409014225	1.13351850144745	0.97620540140423	-0.802797261834869	-0.390969040713263	2	2
MvSl-1064-A1-R4_MC05-2g06432	MvSl-1064-A1-R4_MC05-2	Chr05	278512	280923	7.6418116940094	1.61611492706405	3.47824946851807e-11	3.06461058564431e-09	7.93229170299795	8.48449778576621	6.46239954533627	6.76117277195782	2	2
MvSl-1064-A1-R4_MC05-2g06433	MvSl-1064-A1-R4_MC05-2	Chr05	278525	279935	0.546146537738896	1.66323213753334	0.00082442538740399	0.0206958406608929	0.854700643733273	1.38248357118582	-0.145872166716839	-0.687723460190498	2	2
MvSl-1064-A1-R4_MC05-2g06461	MvSl-1064-A1-R4_MC05-2	Chr05	301318	301943	2.9257457457321	-1.48366597979536	3.99843579272373e-05	0.00153563856706018	1.85836585152158	2.14410257465293	3.75635244743955	3.1135813508505	1	1
MvSl-1064-A1-R4_MC05-2g06483	MvSl-1064-A1-R4_MC05-3	Chr05	333219	334279	4.27223573907781	1.2914490424272	2.7717373243488e-06	0.000137622117866976	4.76258259165393	4.79576339934246	3.34490311157649	3.63098113605229	2	2
MvSl-1064-A1-R4_MC05-2g06485	MvSl-1064-A1-R4_MC05-3	Chr05	333921	340706	2.23947136077308	-1.37005060707767	0.000445413104330649	0.0123929646087292	1.74440899295122	0.97620540140423	2.84502027852808	2.64268988902361	1	1
MvSl-1064-A1-R4_MC05-3g06511	MvSl-1064-A1-R4_MC05-3	Chr05	342167	343614	3.33426200448676	1.32593976688954	4.91262656986291e-05	0.00185503256232597	4.07422774618168	3.59041691399171	2.45547876377761	2.62068644772091	2	2
MvSl-1064-A1-R4_MC05-3g06513	MvSl-1064-A1-R4_MC05-3	Chr05	343870	344235	5.63156793024497	1.22874717211446	6.65724257198097e-05	0.00245199340140955	6.42017153424122	5.73943251731827	5.27374905419609	4.37533317330039	2	2
MvSl-1064-A1-R4_MC05-3g06514	MvSl-1064-A1-R4_MC05-3	Chr05	344310	346697	8.7189460083432	1.1196644901169	7.25807799856882e-06	0.000336228592645041	9.26262088853485	9.07710832240101	8.06673498334397	8.04004660601001	2	2
MvSl-1064-A1-R4_MC05-3g06515	MvSl-1064-A1-R4_MC05-3	Chr05	346926	347628	9.82312124971934	1.15611860848721	0.000203153110515918	0.00638369581890404	10.2050279565046	10.3671611818517	8.92251666521797	9.31557024138475	2	2
MvSl-1064-A1-R4_MC05-3g06516	MvSl-1064-A1-R4_MC05-3	Chr05	347140	348920	5.16233179937	0.754574515821337	0.00146665511706124	0.03311766215334	5.62310224174927	5.34625683222114	4.84404105026638	4.62509093057465	2	2
MvSl-1064-A1-R4_MC05-3g06517	MvSl-1064-A1-R4_MC05-3	Chr05	347880	349314	8.12746186789776	1.03308223126335	5.27696408200201e-06	0.000251857183675845	8.45964164334349	8.6416488412644	7.43149699757156	7.60493485314833	2	2
MvSl-1064-A1-R4_MC05-3g06518	MvSl-1064-A1-R4_MC05-3	Chr05	348053	350042	7.95409513905396	1.07422392098298	2.28599172024662e-06	0.000115416896572227	8.55357136643912	8.21357610479181	7.4052085135779	7.22895704983074	2	2
MvSl-1064-A1-R4_MC05-3g06519	MvSl-1064-A1-R4_MC05-3	Chr05	349118	350314	7.95930883517499	0.965484332692197	0.000173704383249966	0.00559527344898727	8.27085531365843	8.44927597078907	7.70206777780929	7.01156593524378	2	2
MvSl-1064-A1-R4_MC05-3g06520	MvSl-1064-A1-R4_MC05-3	Chr05	349596	350425	8.67589942322614	1.35460303515566	7.93465602928443e-08	4.90423849663347e-06	9.10199385686344	9.29140220569503	7.9351185983519	7.75008721742029	2	2
MvSl-1064-A1-R4_MC05-3g06591	MvSl-1064-A1-R4_MC05-3	Chr05	398756	401241	6.19673443861713	-0.739294329168458	0.000123776567199272	0.00426199237325617	5.72426719945381	5.83417057188433	6.51921671130623	6.51800713159261	1	1
MvSl-1064-A1-R4_MC05-3g06642	MvSl-1064-A1-R4_MC05-3	Chr05	445241	446811	2.52381139758872	-3.3758657999511	2.18668445992208e-17	3.02334357558766e-15	0.0528156497021856	0.155886228401762	3.29023289003927	3.43055986341669	1	1
MvSl-1064-A1-R4_MC05-3g06643	MvSl-1064-A1-R4_MC05-3	Chr05	445600	447241	2.6792798940521	-2.22793745732361	4.3915218693692e-10	3.52380420000187e-08	1.13351850144745	1.25934687627408	3.49143882631805	3.25599212730164	1	1
MvSl-1064-A1-R4_MC05-3g06707	MvSl-1064-A1-R4_MC05-3	Chr05	592514	594655	7.15662746868097	1.03611612594965	7.31372963728522e-08	4.59639777974002e-06	7.51799495687179	7.64662777441081	6.59869876064161	6.49626850408972	2	2
MvSl-1064-A1-R4_MC05-3g06742	MvSl-1064-A1-R4_MC05-3	Chr05	677213	677974	5.60063769764756	-0.942904319529298	7.67200936702404e-06	0.000352783826785049	4.98963744809627	5.11497840663496	5.92573759806795	6.06047221503536	1	1
MvSl-1064-A1-R4_MC05-3g06747	MvSl-1064-A1-R4_MC05-3	Chr05	681630	682850	1.35526933994684	1.76145041451318	0.000123107694701423	0.00425526481646804	2.27431819966142	1.6262432928517	0.601978961378533	-0.0714771152099074	2	2
MvSl-1064-A1-R4_MC05-3g06760	MvSl-1064-A1-R4_MC05-3	Chr05	722958	723609	0.111957611869749	-2.40279674489556	0.000294665496312527	0.00871104873473909	-1.03947508218983	-1.67001070591217	1.32744916713848	-0.144964476912355	1	1
MvSl-1064-A1-R4_MC05-3g06834	MvSl-1064-A1-R4_MC06	Chr06	26608	26974	3.05236783243049	-1.5122645653187	3.42147602162049e-06	0.000167113070686431	2.13654028216152	2.09092158228067	3.72061983366985	3.48028371773251	1	1
MvSl-1064-A1-R4_MC06g06890	MvSl-1064-A1-R4_MC06	Chr06	127083	128657	3.56551467416518	-2.03521586670308	9.90666220537594e-09	6.90164133641191e-07	2.17223781485035	2.27702106623478	4.57346083593783	3.80204547032519	1	1
MvSl-1064-A1-R4_MC06g06896	MvSl-1064-A1-R4_MC06	Chr06	138764	138937	6.13604624745789	1.01744834187132	4.93074491148123e-07	2.68561239512011e-05	6.41831458400838	6.68372886894591	5.519318950301	5.56278942213762	2	2
MvSl-1064-A1-R4_MC06g06907	MvSl-1064-A1-R4_MC06	Chr06	162966	164459	0.882615217020401	-1.87905548044863	0.00217522716924424	0.0450432409446959	-1.21281443266468	0.287771432167773	2.02435883325672	0.602932805090848	1	1
MvSl-1064-A1-R4_MC06g06909	MvSl-1064-A1-R4_MC06	Chr06	164622	167040	4.48096944666364	-1.4232993326873	8.24705212046039e-08	5.04192227255629e-06	3.72951670276314	3.4636623450181	5.00122128803805	5.03588356652844	1	1
MvSl-1064-A1-R4_MC06g06943	MvSl-1064-A1-R4_MC06	Chr06	254802	255403	5.99032316680595	-0.806201723316921	0.000430683072383448	0.0120577843349223	5.34282144268388	5.69853926832639	6.11359181110544	6.52986210683207	1	1
MvSl-1064-A1-R4_MC06g06944	MvSl-1064-A1-R4_MC06	Chr06	255822	258195	2.05439571226785	1.98293514904502	3.32577625655015e-06	0.000163326509385881	3.07343956732666	2.29280679461106	1.02666224863648	0.55732623299715	2	2
MvSl-1064-A1-R4_MC06g06945	MvSl-1064-A1-R4_MC06	Chr06	258763	261661	10.0089572479003	2.95068310209103	7.09628481652355e-15	7.87337180816014e-13	11.0948726542182	10.5141703850858	8.16662405494316	7.53054961998723	2	2
MvSl-1064-A1-R4_MC06g06946	MvSl-1064-A1-R4_MC06	Chr06	263059	265288	7.02116458501433	2.60831687514982	4.01589701060891e-37	1.44363465737369e-34	7.91395835335569	7.6818968202526	5.29646534299525	5.09093656832339	2	2
MvSl-1064-A1-R4_MC06g06947	MvSl-1064-A1-R4_MC06	Chr06	265706	267372	6.32857679424118	2.99305417145089	7.83845853016499e-41	3.06279247002577e-38	7.32385238943504	6.97236535784205	4.28975349326896	4.04445459157137	2	2
MvSl-1064-A1-R4_MC06g07033	MvSl-1064-A1-R4_MC01-1	Chr01	8410	9148	3.57832381026278	3.8573047637345	4.66082909155489e-22	8.05516750880842e-20	4.83675397951127	4.02780398043236	0.771217275771598	0.647141728909476	2	2
MvSl-1064-A1-R4_MC06g07038	MvSl-1064-A1-R4_MC06	Chr06	496527	497205	7.19594697145748	0.806702423999993	0.000106047790777922	0.00370837157868164	7.41000664787395	7.66607554414704	6.56742941926977	6.88978379086435	2	2
MvSl-1064-A1-R4_MC06g07078	MvSl-1064-A1-R4_MC06	Chr06	623977	625970	1.47247710156479	-1.3869766745585	0.00122547771902498	0.0286061513269546	0.26606359993758	0.936561105234502	1.80792122092458	2.12250377172409	1	1
MvSl-1064-A1-R4_MC06g07102	MvSl-1064-A1-R4_MC06	Chr06	688329	694350	2.10212484970213	-2.37826561904535	1.21346313210622e-08	8.32472760934243e-07	0.810077139420225	0.155886228401762	3.02320574497984	2.57564646469358	1	1
MvSl-1064-A1-R4_MC06g07123	MvSl-1064-A1-R4_MC06	Chr06	741370	743356	3.53339818656618	-0.999670767824882	0.00108025203479192	0.0257512600442308	2.78148276545452	3.10087962163755	3.91833546998329	3.96372596506877	1	1
MvSl-1064-A1-R4_MC06g07136	MvSl-1064-A1-R4_MC06	Chr06	767550	772408	7.16682779107861	1.42924106219754	6.22300314939997e-13	6.14572849490742e-11	7.82844698145076	7.58425699979847	6.31272442143774	6.253355299643	2	2
MvSl-1064-A1-R4_MC06g07137	MvSl-1064-A1-R4_MC06	Chr06	774289	774737	9.01852047686715	4.95948345318284	8.63009066522457e-48	5.53990177202666e-45	10.1922482934675	9.71452332422358	4.80313724926037	5.20439083349034	2	2
MvSl-1064-A1-R4_MC06g07138	MvSl-1064-A1-R4_MC06	Chr06	775632	778789	10.1924214301712	-4.5590645666017	1.4115826866583e-35	4.87918984807621e-33	6.63047316190217	6.51650404226307	11.1638956335471	11.0999865396634	1	1
MvSl-1064-A1-R4_MC06g07164	MvSl-1064-A1-R4_MC06	Chr06	847396	848267	2.79338603145711	1.28662608498543	0.000103936765030357	0.00365936717554801	3.24249064893515	3.35507974651064	2.12150568404824	1.93908124902113	2	2
MvSl-1064-A1-R4_MC06g07191	MvSl-1064-A1-R4_MC06	Chr06	918292	919338	5.29026680684581	-1.25404225866645	4.43611014741934e-05	0.00168929330062956	4.64364523710426	4.41077839016659	6.19303659462977	5.20623893556163	1	1
MvSl-1064-A1-R4_MC06g07298	MvSl-1064-A1-R4_MC06	Chr06	1205777	1206470	6.93785591325961	0.788376554261277	2.53777671823311e-05	0.00103199092157289	7.20663131827325	7.34782565932662	6.42403268370816	6.55546016342731	2	2
MvSl-1064-A1-R4_MC06g07412	MvSl-1064-A1-R4_MC06	Chr06	1454899	1457427	1.91641749065328	1.99542541763673	3.39527750288185e-07	1.93122524799995e-05	2.45907197442498	2.72387347859354	0.601978961378533	0.731691921730665	2	2
MvSl-1064-A1-R4_MC06g07471	MvSl-1064-A1-R4_MC06	Chr06	1589579	1590278	3.0400316506707	-1.30107230788382	0.000170513077593976	0.00551223391488152	2.3541928940848	2.14410257465293	3.79613457199826	3.21985712248149	1	1
MvSl-1064-A1-R4_MC06g07527	MvSl-1064-A1-R4_MC06	Chr06	1730735	1731537	5.92712836339053	-0.867059534201866	0.00114170225744942	0.0269303889440891	5.03154101666847	5.74087176795442	6.0316006047488	6.51800713159261	1	1
MvSl-1064-A1-R4_MC07g07592	MvSl-1064-A1-R4_MC07	Chr07	161744	163781	3.24932292790582	-1.09836247315251	0.00165399818221438	0.0359045450810644	2.15449945657011	2.93977476509303	3.58525322332682	3.78235881545066	1	1
MvSl-1064-A1-R4_MC07g07597	MvSl-1064-A1-R4_MC07	Chr07	174550	177259	7.51633599175561	-0.702545523758089	0.0016770851717043	0.0362306837454484	6.89833391710621	7.3167976680308	7.67264854106587	7.96262160825997	1	1
MvSl-1064-A1-R4_MC07g07612	MvSl-1064-A1-R4_MC07	Chr07	211262	212074	7.05097211777983	-0.77966955711491	0.00130543549339679	0.0300819199465563	6.34591859492473	6.83154324142802	7.05580131591087	7.65822590591445	1	1
MvSl-1064-A1-R4_MC07g07835	MvSl-1064-A1-R4_MC07	Chr07	738016	738171	1.20773389027374	-1.35991940532539	0.00169651835126611	0.0365626149228502	0.508768805434386	0.287771432167773	1.86515003950201	1.50696875005453	1	1
MvSl-1064-A1-R4_MC07g07851	MvSl-1064-A1-R4_MC07	Chr07	766132	767244	1.90669096805194	-1.37528145382808	0.000941415694277501	0.023053141265591	1.27157191085154	0.853846590283238	2.71615590121149	2.02535527023083	1	1
MvSl-1064-A1-R4_MC07g07855	MvSl-1064-A1-R4_MC07	Chr07	775742	778073	6.66766037440156	0.842064106246777	7.43138501731974e-05	0.00268216293777721	7.24118111768861	6.77857272855343	6.12827697651471	6.2434899814092	2	2
MvSl-1064-A1-R4_MC07g07931	MvSl-1064-A1-R4_MC07	Chr07	979185	982106	5.17917735525798	0.873544763280195	0.000146501177464926	0.00485832502537745	5.65656833176193	5.43784153967817	4.68361479170534	4.67665650838358	2	2
MvSl-1064-A1-R4_MC07g07960	MvSl-1064-A1-R4_MC07	Chr07	1045062	1045364	3.15799662908399	-1.13081620503713	0.00242596892789701	0.0494380561338104	2.63567242386867	2.32386933933256	3.98869526128301	3.08172125273324	1	1
MvSl-1064-A1-R4_MC07g07964	MvSl-1064-A1-R4_MC07	Chr07	1055178	1056736	1.05129042271032	-1.51712613734273	0.00101297036043381	0.0243410818963067	0.198423704514574	0.0851283861099888	1.24360909802272	1.84731799081873	1	1
MvSl-1064-A1-R4_MC07g07981	MvSl-1064-A1-R4_MC07	Chr07	1090298	1093092	4.67042896477988	0.847307470857503	0.00125414056511556	0.0291459088347728	4.86429594349736	5.18432154397083	4.02262885505069	4.33873452381988	2	2
MvSl-1064-A1-R4_MC07g07982	MvSl-1064-A1-R4_MC07	Chr07	1093724	1096735	1.26598863228747	1.558496869375	0.000242216000600842	0.0074293351447091	1.72049622572945	1.95863323506542	0.303843832192028	0.411160471769407	2	2
MvSl-1064-A1-R4_MC07g08004	MvSl-1064-A1-R4_MC07	Chr07	1148539	1148866	5.49699930684661	-2.06536633432666	8.68277331917308e-11	7.43162703041986e-09	4.43539982989182	3.73030284169178	6.54571407580863	5.70158587796982	1	1
MvSl-1064-A1-R4_MC07g08014	MvSl-1064-A1-R4_MC07	Chr07	1183405	1186397	2.30998973023851	1.36168289623934	0.000131266036002399	0.00445165232284362	2.94518831808401	2.72387347859354	1.40668343048004	1.59987403452478	2	2
MvSl-1064-A1-R4_MC07g08026	MvSl-1064-A1-R4_MC07	Chr07	1211000	1211667	5.0412875622689	2.37520681188517	5.07241937760778e-22	8.60110055595493e-20	5.7657509507559	5.81106288826435	3.47314865433116	3.37249228488343	2	2
MvSl-1064-A1-R4_MC07g08057	MvSl-1064-A1-R4_MC07	Chr07	1279977	1281047	4.44688577999753	1.0769047373056	6.7404224762816e-05	0.00246244621115214	4.81150849136112	4.96048028265247	3.62996768002465	3.9811009191703	2	2
MvSl-1064-A1-R4_MC07g08078	MvSl-1064-A1-R4_MC07	Chr07	1327687	1330788	2.68893739054278	-1.09162111888025	0.00131228737653876	0.0301624722581938	1.88011555674978	2.19539269118676	3.21150957655426	3.02421484608471	1	1
MvSl-1064-A1-R4_MC07g08097	MvSl-1064-A1-R4_MC07	Chr07	1381205	1383317	4.42176550047978	1.42157842882336	6.77931526338171e-07	3.67022326939828e-05	5.15264491626782	4.75075404950858	3.71024582410277	3.37249228488343	2	2
MvSl-1064-A1-R4_MC07g08104	MvSl-1064-A1-R4_MC07	Chr07	1401890	1402952	7.28919140948808	0.821803574511158	0.00053998234153131	0.014705519101036	7.75971432958912	7.51486736598796	7.09868720705116	6.47726175288252	2	2
MvSl-1064-A1-R4_MC07g08138	MvSl-1064-A1-R4_MC07	Chr07	1475865	1477975	5.5574921713522	0.828829102658872	0.000185861789136587	0.00592319113110109	5.73773179117778	6.07000520973948	5.00758952297692	5.16121765812489	2	2
MvSl-1064-A1-R4_MC07g08153	MvSl-1064-A1-R4_MC07	Chr07	1515150	1515688	4.21511054205661	-2.00028833783752	9.82380472757645e-12	9.10170444193088e-10	3.11071264591892	2.65225702492011	4.90898211693148	4.86157065643799	1	1
MvSl-1064-A1-R4_MC07g08235	MvSl-1064-A1-R4_MC07	Chr07	1717635	1718075	4.88283555592888	3.9862276207648	1.31449393482628e-41	5.90667849614189e-39	5.57890122494079	5.98632289350929	1.78832910393286	1.90307327018694	2	2
MvSl-1064-A1-R4_MC07g08246	MvSl-1064-A1-R4_MC08	Chr08	17879	20903	5.97998183892095	-1.23116247622892	1.73730790266809e-09	1.29034596043621e-07	5.27261154761757	5.20114878455186	6.51921671130623	6.41150026946846	1	1
MvSl-1064-A1-R4_MC07g08249	MvSl-1064-A1-R4_MC08	Chr08	27681	28191	0.982454257558257	-1.46701719675626	0.00241298412014808	0.0492852006540246	0.508768805434386	-0.432765659100032	1.74832814161528	1.18585684617525	1	1
MvSl-1064-A1-R4_MC08g08318	MvSl-1064-A1-R4_MC08	Chr08	193199	196241	2.16027984026252	2.38638005775067	1.89984208367636e-09	1.39949842672127e-07	3.08284850417822	2.72387347859354	0.810597124098315	0.35895154151541	2	2
MvSl-1064-A1-R4_MC08g08369	MvSl-1064-A1-R4_MC08	Chr08	345347	347246	2.6975145067093	-2.29222301039841	2.33519988810125e-10	1.92536159581339e-08	1.20419589082066	1.12471114233565	3.56812142926303	3.22715689181369	1	1
MvSl-1064-A1-R4_MC08g08447	MvSl-1064-A1-R4_MC08	Chr08	526662	529635	3.69754532004531	-1.11752545644565	0.000578078454560597	0.0155544642848386	3.29200659764821	2.72387347859354	4.31735663484763	3.94613920396945	1	1
MvSl-1064-A1-R4_MC08g08472	MvSl-1064-A1-R4_MC08	Chr08	594809	596582	5.93779577597933	-0.802884195575311	0.000307551043037362	0.00900313102207417	5.64708554381172	5.29427213757306	6.4128806703414	6.1399722051625	1	1
MvSl-1064-A1-R4_MC08g08498	MvSl-1064-A1-R4_MC08	Chr08	658631	661719	9.01587456284533	-1.02135731595199	0.000613182538645074	0.0163340678593991	8.16879685151956	8.6281021154924	9.15230951573445	9.67605486811776	1	1
MvSl-1064-A1-R4_MC08g08565	MvSl-1064-A1-R4_MC08	Chr08	807213	810304	3.93545146318732	1.13739414812488	0.00091300163158112	0.0226037070606599	4.0262666484807	4.68946447755882	2.88246151702826	3.56913452045772	2	2
MvSl-1064-A1-R4_MC08g08570	MvSl-1064-A1-R4_MC08	Chr08	819810	826213	2.23878347925981	-1.1882257424999	0.00137057916580439	0.0314219259262348	1.72049622572945	1.32222856828495	2.84502027852808	2.52915492491704	1	1
MvSl-1064-A1-R4_MC08g08647	MvSl-1064-A1-R4_MC08	Chr08	1028030	1028565	6.30761771792403	2.54080388415065	5.60154039131623e-29	1.36056874315565e-26	6.811862953981	7.3051703647033	4.47579175840558	4.60841656290893	2	2
MvSl-1064-A1-R4_MC08g08648	MvSl-1064-A1-R4_MC08	Chr08	1030324	1031542	4.18738072043444	-1.89438373325598	2.58567304826193e-07	1.49918991514387e-05	2.25779854001582	3.421204863627	5.00334715790111	4.6470278061622	1	1
MvSl-1064-A1-R4_MC08g08652	MvSl-1064-A1-R4_MC08	Chr08	1036141	1038407	3.01880481070954	-1.06819931656292	0.000920971862251807	0.0226141369564399	2.33856782243545	2.44183443866874	3.33142854873113	3.55179673641272	1	1
MvSl-1064-A1-R4_MC08g08665	MvSl-1064-A1-R4_MC08	Chr08	1067389	1069948	5.77612064713388	1.73827289796743	4.7329414574899e-15	5.38417023777996e-13	6.28404367205452	6.50469170070483	4.54455611725995	4.7745674441683	2	2
MvSl-1064-A1-R4_MC08g08752	MvSl-1064-A1-R4_MC08	Chr08	1259737	1260345	0.434921863379649	-8.58118527903514	8.44533345184104e-06	0.000383324301675229	-3.3081956594574	-3.3081956594574	-3.3081956594574	2.29913557347423	1	1
MvSl-1064-A1-R4_MC08g08754	MvSl-1064-A1-R4_MC08	Chr08	1260819	1262294	0.270901800704889	-8.40072051568101	5.05263087404727e-14	5.21930961667389e-12	-3.3081956594574	-3.3081956594574	0.771217275771598	1.45817175509999	1	1
MvSl-1064-A1-R4_MC08g08762	MvSl-1064-A1-R4_MC08	Chr08	1274320	1277179	6.08652756025389	-1.02152177734231	9.85003410735019e-07	5.23800334454178e-05	5.54696452162154	5.42536438113356	6.65319503566625	6.34511578790219	1	1
MvSl-1064-A1-R4_MC08g08812	MvSl-1064-A1-R4_MC08	Chr08	1408350	1409481	0.0198843673718076	-4.81652799424601	1.57885231113873e-09	1.21274749745332e-07	-2.24391274280674	-3.3081956594574	1.15459453453402	0.46154584043087	1	1
MvSl-1064-A1-R4_MC09-2g08931	MvSl-1064-A1-R4_MC09-2	Chr09	60411	61145	5.537940023931	-1.87282349551852	8.62839743914723e-17	1.10776296836595e-14	4.42803598706127	4.20092558813315	6.08577302056783	6.28080001218838	1	1
MvSl-1064-A1-R4_MC09-2g08945	MvSl-1064-A1-R4_MC09-2	Chr09	99765	101701	0.728699533429963	2.78013436758034	7.96727295547443e-08	4.90423849663347e-06	1.72049622572945	1.32222856828495	-1.37960296844866	-0.687723460190498	2	2
MvSl-1064-A1-R4_MC09-2g09067	MvSl-1064-A1-R4_MC09-2	Chr09	368632	371293	4.41033295434605	-5.75476537647852	1.92828030928305e-40	7.22060630813615e-38	0.0528156497021856	-0.540533601493934	5.73806975123522	4.8848353276583	1	1
MvSl-1064-A1-R4_MC09-2g09142	MvSl-1064-A1-R4_MC09-2	Chr09	565695	567404	7.83081730803368	0.659802932980499	0.00188847763980526	0.039933525997482	8.18062153639939	8.06378546636397	7.35739540255745	7.56300276172884	2	2
MvSl-1064-A1-R4_MC09-2g09201	MvSl-1064-A1-R4_MC09-2	Chr09	721882	722714	6.94513629721004	0.58633432752328	0.002060777404882	0.0429703167927484	7.07668409630331	7.32976734095121	6.55081030308817	6.69163606418401	2	2
MvSl-1064-A1-R4_MC09-2g09215	MvSl-1064-A1-R4_MC09-2	Chr09	754503	756762	5.96023035721728	0.751320337578251	0.00229527825207483	0.046987848864229	5.96462005223791	6.5513716270223	5.34253244552177	5.709425664529	2	2
MvSl-1064-A1-R4_MC09-2g09232	MvSl-1064-A1-R4_MC09-2	Chr09	795717	796283	4.49610713686949	1.69013700389348	1.42865737374872e-08	9.65364196833067e-07	5.34086214527694	4.83132696469594	3.17425506278128	3.64194657829479	2	2
MvSl-1064-A1-R4_MC09-2g09340	MvSl-1064-A1-R4_MC09-2	Chr09	1074354	1075965	7.52064821270357	0.70287855055503	0.000803657088212379	0.0202309979041026	7.65242771969975	7.98763290601656	7.08520228627253	7.16815191901494	2	2
MvSl-1064-A1-R4_MC09-2g09380	MvSl-1064-A1-R4_MC09-2	Chr09	1174572	1177521	4.9929295299471	-1.27180823969509	2.47767489844853e-05	0.00101213019601623	4.37157544305896	4.05582803627769	5.84624841727118	5.01494836510451	1	1
MvSl-1064-A1-R4_MC09-2g09506	MvSl-1064-A1-R4_MC09-2	Chr09	1486130	1486630	3.48865579486971	-1.05541290130137	0.000916322691564394	0.0226141369564399	2.80441356821444	2.92971361769819	4.12380201338036	3.66900100168239	1	1
MvSl-1064-A1-R4_MC09-2g09507	MvSl-1064-A1-R4_MC09-2	Chr09	1487505	1489480	2.38925399070908	-1.16445500366915	0.0015879885911289	0.0348930402652212	1.85836585152158	1.52295278307089	3.04813232684525	2.59834221387232	1	1
MvSl-1064-A1-R4_MC09-2g09527	MvSl-1064-A1-R4_MC09-2	Chr09	1534392	1536782	6.48643033753846	-0.659455421785649	0.00113287551321075	0.0267925058874343	6.19790792161341	6.03640935883338	6.93125417797324	6.60673261971046	1	1
MvSl-1064-A1-R4_MC09-2g09531	MvSl-1064-A1-R4_MC09-2	Chr09	1538586	1538918	9.41637673937972	-0.92983997393718	0.00216940237212165	0.0450263720975918	9.0897956542501	8.62926826060516	9.98199556653534	9.60900868373785	1	1
MvSl-1064-A1-R4_MC09-2g09545	MvSl-1064-A1-R4_MC09-2	Chr09	1564375	1565653	5.59503253308488	-1.09585802707288	4.47617173885466e-07	2.4679359151587e-05	5.01689009974736	4.87130125151644	6.16387385890512	5.90302556919439	1	1
MvSl-1064-A1-R4_MC09-2g09566	MvSl-1064-A1-R4_MC10-1	Chr10	13356	13632	0.332858833824897	-3.40062045241446	1.24061216484152e-05	0.000543872269533207	-2.68006121971643	-1.24845636007034	1.76846725444001	-0.144964476912355	1	1
MvSl-1064-A1-R4_MC09-2g09580	MvSl-1064-A1-R4_MC01-1	Chr01	9448	11814	1.56007389795313	1.42728958224073	0.000361432707787427	0.0103445724359414	2.20707334662116	1.99768369260518	0.848930558572944	0.602932805090848	2	2
MvSl-1064-A1-R4_MC10-1g09620	MvSl-1064-A1-R4_MC10-1	Chr10	65171	67767	3.24171405267654	1.1328346992372	0.00033675845798453	0.00970015468559928	3.56469920435127	3.82562288030391	2.48011183848264	2.67507833881456	2	2
MvSl-1064-A1-R4_MC10-1g09718	MvSl-1064-A1-R4_MC10-1	Chr10	189544	190847	6.97795451200425	0.783208017187528	0.000678630131964804	0.017765595149676	7.01658396869753	7.56569803230763	6.31443769614658	6.72553528661508	2	2
MvSl-1064-A1-R4_MC10-1g09727	MvSl-1064-A1-R4_MC10-1	Chr10	198465	198924	5.18745087839883	-0.942934985132518	3.51624940129781e-05	0.00136209195558032	4.73599289992703	4.53875053459042	5.59033507909304	5.57141855615292	1	1
MvSl-1064-A1-R4_MC10-1g09729	MvSl-1064-A1-R4_MC10-1	Chr10	201208	202435	2.98509544879835	-0.994731881155677	0.00183040591262989	0.0389807060113859	2.38494434083392	2.42760561809529	3.40402809927023	3.37249228488343	1	1
MvSl-1064-A1-R4_MC10-1g09730	MvSl-1064-A1-R4_MC10-1	Chr10	201561	203436	4.52835414509088	-4.44203751773524	1.5731238409219e-43	7.85425775464726e-41	1.20419589082066	0.936561105234502	5.58892016942006	5.30612718909958	1	1
MvSl-1064-A1-R4_MC10-1g09732	MvSl-1064-A1-R4_MC10-1	Chr10	203892	205308	4.71483602037087	-1.14503426060413	2.98627127944845e-05	0.00118967750291638	3.90950179291804	4.14549498711888	5.42096463326282	4.87324988683943	1	1
MvSl-1064-A1-R4_MC10-1g09733	MvSl-1064-A1-R4_MC10-1	Chr10	205764	209375	3.32758787473494	2.37150947036027	1.05485034751581e-11	9.67340823788219e-10	3.92527870950805	4.21342038082302	2.00751213508661	1.40766632105589	2	2
MvSl-1064-A1-R4_MC10-1g09734	MvSl-1064-A1-R4_MC10-1	Chr10	206365	207854	6.91794760197632	0.784067717851859	0.000274964181641612	0.00826455886425809	6.95130480962389	7.50981102900104	6.48691573116503	6.46110026303612	2	2
MvSl-1064-A1-R4_MC10-1g09785	MvSl-1064-A1-R4_MC10-1	Chr10	266742	267496	1.31059741251438	2.60047715891059	8.03632282640601e-05	0.00287738777852234	2.81574372527682	0.623581293031329	-0.0723904710154005	-0.687723460190498	2	2
MvSl-1064-A1-R4_MC10-1g09790	MvSl-1064-A1-R4_MC10-1	Chr10	271160	272967	6.86354898966795	1.56673976998907	1.73091644972568e-12	1.69084197105268e-10	7.23749987632769	7.62496698307384	5.63077522364392	6.09080039772841	2	2
MvSl-1064-A1-R4_MC10-1g09794	MvSl-1064-A1-R4_MC10-1	Chr10	275006	278489	4.29865630339096	-0.944132707019059	0.000570623098665322	0.0154463547822447	3.61744649566632	3.87364720434637	4.76855858804246	4.60841656290893	1	1
MvSl-1064-A1-R4_MC10-1g09796	MvSl-1064-A1-R4_MC10-1	Chr10	279575	282339	4.61823706140485	-1.12310374530461	7.23294777418125e-06	0.000336228592645041	3.96652598226909	3.93528974155076	5.01814117631205	5.11867637159054	1	1
MvSl-1064-A1-R4_MC10-1g09813	MvSl-1064-A1-R4_MC10-1	Chr10	297923	298991	2.47981312816204	-1.19719742392075	0.000530616034189515	0.0144943656512498	1.69618041289352	1.83470869632687	2.95454926449155	2.92894491537341	1	1
MvSl-1064-A1-R4_MC10-1g09823	MvSl-1064-A1-R4_MC10-1	Chr10	311041	311226	1.63168235435717	-1.70779901205023	0.000108217855965973	0.0037695886494814	0.764029225739471	0.349452180730618	2.53991496643641	1.78932103525356	1	1
MvSl-1064-A1-R4_MC10-1g09833	MvSl-1064-A1-R4_MC10-1	Chr10	321690	323110	5.08968326773819	-1.51150179441092	1.68544845802438e-09	1.27286767161892e-07	3.93049957279612	4.33275443398024	5.73167276094168	5.56854790911903	1	1
MvSl-1064-A1-R4_MC10-1g09854	MvSl-1064-A1-R4_MC10-2	Chr10	358339	358600	0.898219841264732	-3.85696357729122	2.59681517415573e-10	2.12159799728523e-08	-3.3081956594574	-0.922632240585174	1.50598327239296	1.9211895963116	1	1
MvSl-1064-A1-R4_MC10-2g09871	MvSl-1064-A1-R4_MC10-2	Chr10	374195	374976	0.210799922136561	-1.89241034998684	0.00191330896873713	0.0402691046886196	-0.617633031314096	-1.24845636007034	1.30004029209767	-0.00155228635921554	1	1
MvSl-1064-A1-R4_MC10-2g09873	MvSl-1064-A1-R4_MC10-2	Chr10	375140	376647	5.90092331399983	-0.697686928363294	0.001524970473981	0.0338852177835402	5.43386947552454	5.5829254222768	6.38868920265828	5.99890003012657	1	1
MvSl-1064-A1-R4_MC10-2g09885	MvSl-1064-A1-R4_MC10-2	Chr10	387062	388327	3.47122862999115	3.35977871734824	3.66837172793813e-22	6.46424641548628e-20	4.47166557828268	4.20092558813315	1.02666224863648	1.0606968074137	2	2
MvSl-1064-A1-R4_MC10-2g09911	MvSl-1064-A1-R4_MC10-2	Chr10	425686	426090	0.546284226920483	-8.70246261058533	4.147854810998e-16	5.10640701184096e-14	-3.3081956594574	-3.3081956594574	1.12365921298723	1.70817658906238	1	1
MvSl-1064-A1-R4_MC10-2g09933	MvSl-1064-A1-R4_MC10-2	Chr10	449135	450357	3.08859638846253	3.01145051914407	7.07492341721848e-17	9.35034363978566e-15	3.75916220978387	4.07421281446263	0.771217275771598	1.15556999879439	2	2
MvSl-1064-A1-R4_MC10-2g09942	MvSl-1064-A1-R4_MC10-2	Chr10	458270	461248	6.38508183376425	-0.880061298214858	2.3152932134746e-05	0.000963312042106308	5.85905814674882	5.89877611330708	6.96273075099395	6.51949434184616	1	1
MvSl-1064-A1-R4_MC10-2g09962	MvSl-1064-A1-R4_MC10-2	Chr10	486361	488599	3.01646939098681	-1.07542848026129	0.000962766194880294	0.023448183721922	2.3541928940848	2.41323506437756	3.59091890931125	3.2842623065179	1	1
MvSl-1064-A1-R4_MC10-2g09972	MvSl-1064-A1-R4_MC10-2	Chr10	500718	500956	1.7865056423031	-1.51731205457819	0.000392020031749287	0.0111499339019298	1.20419589082066	0.408603609314394	2.55158376675169	2.05847031625716	1	1
MvSl-1064-A1-R4_MC10-2g09980	MvSl-1064-A1-R4_MC10-2	Chr10	507694	508405	3.49289306867191	-1.0990345623142	0.000324005528937291	0.00939302480180461	2.9138996453719	2.76971600398189	4.01421998953046	3.84538213981979	1	1
MvSl-1064-A1-R4_MC10-2g10026	MvSl-1064-A1-R4_MC10-2	Chr10	563596	565280	6.91068626452264	0.602689778750398	0.00111508999474144	0.0265114121236543	7.08840941862009	7.26771989443767	6.56671081595031	6.59055113660361	2	2
MvSl-1064-A1-R4_MC10-2g10037	MvSl-1064-A1-R4_MC10-2	Chr10	577103	578173	6.20783536222676	-0.772965646675891	0.00013380707170366	0.00448703042313727	5.89154554894947	5.63803327517988	6.63342839732641	6.44475567441326	1	1
MvSl-1064-A1-R4_MC10-2g10050	MvSl-1064-A1-R4_MC10-2	Chr10	589803	593363	7.32880353097386	-0.854183163266081	6.19762075982307e-05	0.00229209949664732	7.02270790545596	6.6295945791406	7.62615673204155	7.75703824810254	1	1
MvSl-1064-A1-R4_MC10-2g10098	MvSl-1064-A1-R4_MC10-2	Chr10	676390	679039	7.74890490137994	1.14622487424923	8.42969500278128e-05	0.0030062567059522	7.61481615639579	8.63179167932319	7.09968109385777	7.03046520437065	2	2
MvSl-1064-A1-R4_MC10-2g10108	MvSl-1064-A1-R4_MC10-2	Chr10	695051	697492	5.09512902290123	-0.908812031202221	0.000432330250201891	0.0120663104303242	4.60824645320998	4.53211581447732	5.7252472796588	5.17638139324833	1	1
MvSl-1064-A1-R4_MC10-2g10116	MvSl-1064-A1-R4_MC10-2	Chr10	714201	715295	5.77651247056756	-0.892743745634636	0.000243526200773436	0.00744411553180569	4.96440749624361	5.50883135063056	5.98932506465641	6.30083007097082	1	1
MvSl-1064-A1-R4_MC10-2g10125	MvSl-1064-A1-R4_MC11	Chr11	1	557	2.77766997841709	-1.12068248775919	0.00158436652527607	0.0348930402652212	2.27431819966142	1.93870434033805	3.45462362286359	2.93787051693158	1	1
MvSl-1064-A1-R4_MC10-2g10139	MvSl-1064-A1-R4_MC11	Chr11	20365	25661	0.569786243518154	-8.7279142191128	1.19949826393716e-14	1.28332034500039e-12	-3.3081956594574	-3.3081956594574	1.92019505722155	0.811560115277818	1	1
MvSl-1064-A1-R4_MC11g10175	MvSl-1064-A1-R4_MC11	Chr11	63055	63806	4.56913579595161	-0.804281933531347	0.00164491127449468	0.0357937472733262	4.18758682293534	4.03251262266865	4.84404105026638	4.97864611767026	1	1
MvSl-1064-A1-R4_MC11g10177	MvSl-1064-A1-R4_MC11	Chr11	65537	65707	0.71382341726187	-1.70054586736722	0.00140674891493951	0.0319253850973772	0.26606359993758	-1.24845636007034	1.4321564653673	1.09301940287374	1	1
MvSl-1064-A1-R4_MC11g10186	MvSl-1064-A1-R4_MC11	Chr11	78468	78656	0.614138283906893	-2.76907326036371	2.54513259281101e-07	1.48526666309043e-05	-1.63814373177874	-0.783714585151602	1.24360909802272	1.43314003667362	1	1
MvSl-1064-A1-R4_MC11g10198	MvSl-1064-A1-R4_MC11	Chr11	100461	104594	6.51508016426352	0.691339419754534	0.000738962168754884	0.0189203789475788	6.61190782205967	7.00147625249704	6.1096503894766	6.14864785737065	2	2
MvSl-1064-A1-R4_MC11g10201	MvSl-1064-A1-R4_MC11	Chr11	111768	112617	4.25959814775767	-1.33697199386172	1.08601341677176e-06	5.70760384592269e-05	3.39379422515833	3.49128868419753	4.68361479170534	4.85687236151955	1	1
MvSl-1064-A1-R4_MC11g10236	MvSl-1064-A1-R4_MC11	Chr11	197454	199123	2.56162499886913	1.29621130298899	0.0002120576528374	0.00659433261608897	3.23407020769822	2.88875234565408	1.88373271447369	1.70817658906238	2	2
MvSl-1064-A1-R4_MC11g10239	MvSl-1064-A1-R4_MC11	Chr11	203470	205831	5.16441996989194	-0.846112948141103	0.00220830852132931	0.0455185061495104	4.92832747837425	4.38155035368599	5.7733779834697	5.22276617631133	1	1
MvSl-1064-A1-R4_MC11g10255	MvSl-1064-A1-R4_MC11	Chr11	234233	235729	6.35028393020356	-1.51375337418984	1.70109155554318e-09	1.27397581747221e-07	5.28081064599658	5.51725446171182	6.49524786177445	7.24072632407132	1	1
MvSl-1064-A1-R4_MC11g10335	MvSl-1064-A1-R4_MC11	Chr11	420365	421083	7.14739101970721	-0.68320352435673	0.00099392291846088	0.0239474135876888	6.94809072405332	6.55710183417793	7.5456638839802	7.34421971549245	1	1
MvSl-1064-A1-R4_MC11g10358	MvSl-1064-A1-R4_MC11	Chr11	491321	493060	7.82017039866118	3.06746328056282	1.07016703394003e-41	5.06189007053636e-39	8.67265824396487	8.64299654392037	5.68475754773728	5.49486006149751	2	2
MvSl-1064-A1-R4_MC11g10362	MvSl-1064-A1-R4_MC11	Chr11	502116	503718	1.37697363141171	9.67081848554158	4.45713321029641e-24	8.34505336686121e-22	2.67352969095127	2.03570494067545	-3.3081956594574	-3.3081956594574	2	2
MvSl-1064-A1-R4_MC11g10369	MvSl-1064-A1-R4_MC11	Chr11	517406	518087	5.25803362630505	-0.997504865314444	0.000154970077201714	0.00508290541537155	4.96695043929761	4.30966424919829	5.75835156958332	5.57571384511239	1	1
MvSl-1064-A1-R4_MC11g10390	MvSl-1064-A1-R4_MC11	Chr11	588298	588865	1.56319646929072	-1.205121020735	0.0024391669684694	0.0495945555331098	0.897985224035565	0.810640201733406	2.10576205082015	1.9211895963116	1	1
MvSl-1064-A1-R4_MC11g10508	MvSl-1064-A1-R4_MC11	Chr11	873279	874178	2.2377887564296	-1.47198580963026	0.00152704052546276	0.0338852177835402	1.76793185831839	0.720140368266173	3.17425506278128	2.21352115543933	1	1
MvSl-1064-A1-R4_MC11g10517	MvSl-1064-A1-R4_MC11	Chr11	890477	894164	6.84122872180853	-0.691666745285868	0.000462028414706782	0.0127761518860611	6.63767331993957	6.24451686340359	7.17611039521051	7.1140530191755	1	1
MvSl-1064-A1-R4_MC11g10576	MvSl-1064-A1-R4_MC11	Chr11	1046508	1046713	3.06174161343513	-4.34589653628541	5.08006585850019e-23	9.13091037406824e-21	-0.025897922438951	-0.432765659100032	4.28626566814849	3.56337837912348	1	1
MvSl-1064-A1-R4_MC11g10594	MvSl-1064-A1-R4_MC11	Chr11	1082464	1084383	2.96889047541698	1.18170895710533	0.000621026906601813	0.0164152023812662	3.12899418014004	3.70102557053769	2.19774547636303	2.35351350926335	2	2
MvSl-1064-A1-R4_MC11g10626	MvSl-1064-A1-R4_MC11	Chr11	1152198	1154982	3.17864252933621	-1.15405395677326	0.000250920447697595	0.0076441425879942	2.48768845691412	2.49738657235597	3.72577899818783	3.53424805614468	1	1
MvSl-1064-A1-R4_MC11g10627	MvSl-1064-A1-R4_MC11	Chr11	1155543	1158481	2.69414737308698	-1.9653085785416	2.788067951406e-08	1.85602716142857e-06	1.33594126363296	1.49593182995579	3.49143882631805	3.18279374606218	1	1
MvSl-1064-A1-R4_MC11g10628	MvSl-1064-A1-R4_MC11	Chr11	1158617	1160243	0.41023900814797	-1.95817828338177	0.000130171609719088	0.00443360079812859	-0.745016519592112	-0.783714585151602	1.09204599108713	0.923638169858298	1	1
MvSl-1064-A1-R4_MC11g10629	MvSl-1064-A1-R4_MC11	Chr11	1160696	1164186	1.48247022000418	-1.55154132220106	0.000683976401667729	0.017765595149676	-0.025897922438951	0.936561105234502	1.74832814161528	2.25696335254144	1	1
MvSl-1064-A1-R4_MC11g10630	MvSl-1064-A1-R4_MC11	Chr11	1165720	1176607	2.39669697209013	-1.98961607465913	8.83750467545572e-06	0.000397113272591603	0.764029225739471	1.38248357118582	2.43041777855652	3.48028371773251	1	1
MvSl-1064-A1-R4_MC11g10654	MvSl-1064-A1-R4_MC11	Chr11	1241384	1243156	1.44577464683759	-1.56449552738628	0.00147893097333534	0.0332278816434118	0.897985224035565	-0.0677349405124364	2.37895073961795	1.45817175509999	1	1
MvSl-1064-A1-R4_MC11g10688	MvSl-1064-A1-R4_MC11	Chr11	1312456	1314118	0.670199207263757	1.58481232577013	0.000783478609891572	0.0197784333345381	1.4566560682348	1.01478937092582	-0.305116666944169	-0.144964476912355	2	2
MvSl-1064-A1-R4_MC11g10722	MvSl-1064-A1-R4_MC11	Chr11	1404174	1407908	2.2274157211129	-1.51493556548521	7.29610787332919e-05	0.00264395651038748	0.980843040783407	1.54947693784083	2.6416846276605	2.8926798369536	1	1
MvSl-1064-A1-R4_MC11g10730	MvSl-1064-A1-R4_MC12	Chr12	1	1541	0.468243692593544	-3.00553403600661	3.33451740817916e-07	1.90874572912778e-05	-1.40986129496229	-1.44389076844432	1.5531824699231	0.772178639964729	1	1
MvSl-1064-A1-R4_MC12g10761	MvSl-1064-A1-R4_MC12	Chr12	52794	53417	2.06383104064934	1.41429861972175	0.00163028715277389	0.0355616277717936	2.66102065574347	2.55087870341045	1.74832814161528	0.411160471769407	2	2
MvSl-1064-A1-R4_MC12g10779	MvSl-1064-A1-R4_MC12	Chr12	105690	108401	5.64916337468145	-1.34989183583827	1.69235452392413e-05	0.000724247147928863	5.03881105639326	4.56823487959072	6.60220958835737	5.54829183586612	1	1
MvSl-1064-A1-R4_MC12g10792	MvSl-1064-A1-R4_MC12	Chr12	144581	145511	8.78458485380362	-0.985507838556683	0.000127345181864128	0.00436813415806458	8.0829007244909	8.32548265284674	9.09328179491091	9.28922115543641	1	1
MvSl-1064-A1-R4_MC12g10849	MvSl-1064-A1-R4_MC12	Chr12	300094	300348	0.713383947260832	2.48929274697067	1.04610369966267e-06	5.53019644051086e-05	1.4566560682348	1.49593182995579	-0.391855519060318	-1.37884952097289	2	2
MvSl-1064-A1-R4_MC12g10870	MvSl-1064-A1-R4_MC12	Chr12	341753	343110	6.5535631250286	-0.95988919365207	2.02025518983511e-06	0.00010257645983643	6.13936746486153	5.83551838971709	7.03931988965803	6.86367500556219	1	1
MvSl-1064-A1-R4_MC12g10922	MvSl-1064-A1-R4_MC12	Chr12	464238	465376	2.06291572441672	-1.91777730130572	1.09500035775271e-06	5.72137686925788e-05	1.09683749156678	0.520093011650549	2.74693179677978	2.64268988902361	1	1
MvSl-1064-A1-R4_MC12g10990	MvSl-1064-A1-R4_MC12	Chr12	628973	632341	4.20074581493764	1.15878718535752	0.000586651703381867	0.0157380264426652	4.81715690088738	4.50187609843261	3.9138219332547	2.96432070557443	2	2
MvSl-1064-A1-R4_MC12g11020	MvSl-1064-A1-R4_MC12	Chr12	717932	718708	6.67804650865534	-0.751346982739143	0.000151553912992579	0.00498906599290954	6.09239361121679	6.39926766707868	7.03828352199906	6.97029174741745	1	1
MvSl-1064-A1-R4_MC12g11112	MvSl-1064-A1-R4_MC12	Chr12	949644	950592	10.1620144601466	-1.57661815949438	0.000268324856678236	0.00809206539250775	8.58825705890181	9.58087772127877	10.1522414013474	11.1635804072544	1	1
MvSl-1064-A1-R4_MC12g11115	MvSl-1064-A1-R4_MC12	Chr12	959575	960595	4.49622492380086	-0.771227106358664	0.00244525086701832	0.0496060260539359	4.04564283462696	4.07421281446263	4.80313724926037	4.85215871608322	1	1
MvSl-1064-A1-R4_MC12g11286	MvSl-1064-A1-R4_MC01-1	Chr01	14920	16821	4.00584100109378	3.97599061880417	3.83371891891516e-25	7.65636264984234e-23	4.89132194851826	4.95056299519932	1.48179168968456	0.304782079166515	2	2
MvSl-1064-A1-R4_MC13g11315	MvSl-1064-A1-R4_MC13	Chr13	95998	97135	3.28843530181505	-1.13051476605657	0.00057377193853183	0.0154849501849416	2.55684068008718	2.67652633783596	3.96707416881681	3.46183752109929	1	1
MvSl-1064-A1-R4_MC13g11325	MvSl-1064-A1-R4_MC13	Chr13	109343	111790	3.9596272900307	-1.02701125163637	0.000286510952735804	0.00849793376975799	3.26746104767574	3.44258978534378	4.44170863827431	4.31152179219066	1	1
MvSl-1064-A1-R4_MC13g11330	MvSl-1064-A1-R4_MC13	Chr13	133183	134053	5.62125412820628	0.754009576045811	0.000992545128337857	0.0239474135876888	5.7657509507559	6.11287543710264	5.36750362718129	5.00436572828078	2	2
MvSl-1064-A1-R4_MC13g11331	MvSl-1064-A1-R4_MC13	Chr13	134814	139758	7.05629303534433	1.65129807199497	1.06132235135957e-13	1.08387545132596e-11	7.37931319615573	7.89112268729647	5.88481177348687	6.12148379760907	2	2
MvSl-1064-A1-R4_MC13g11416	MvSl-1064-A1-R4_MC13	Chr13	312829	313365	1.77352198731038	-1.27430497557534	0.00143664040281541	0.0325216304788465	0.764029225739471	1.22684744908862	2.41772212260919	2.05847031625716	1	1
MvSl-1064-A1-R4_MC13g11418	MvSl-1064-A1-R4_MC13	Chr13	316706	317374	3.24546115678031	-1.32156525263128	3.21701453103383e-05	0.00126803989431584	2.41505396868382	2.46987787394747	3.87255178868547	3.61437509987673	1	1
MvSl-1064-A1-R4_MC13g11443	MvSl-1064-A1-R4_MC13	Chr13	387078	389384	7.18757681077754	-0.684613175642293	0.00137740411695178	0.0314365823275012	6.92211696213637	6.67772979555662	7.68130512821826	7.26752525394308	1	1
MvSl-1064-A1-R4_MC13g11551	MvSl-1064-A1-R4_MC13	Chr13	636437	638482	4.92419771309072	-2.71177211312811	3.91663787843351e-11	3.38450236668096e-09	2.06238081732161	3.58401611343853	5.42414189530791	5.95451044619257	1	1
MvSl-1064-A1-R4_MC13g11584	MvSl-1064-A1-R4_MC13	Chr13	719964	721644	4.51764254421317	-0.895282922163851	0.000838554553804344	0.0209918935237873	3.77085192029713	4.20092558813315	4.8907238869438	4.89632847324904	1	1
MvSl-1064-A1-R4_MC13g11616	MvSl-1064-A1-R4_MC13	Chr13	792377	793924	6.7723142741335	-0.559079934626535	0.00221473698361848	0.0455465475326757	6.51618731432584	6.413777323741	7.09520320130211	6.95003065960896	1	1
MvSl-1064-A1-R4_MC13g11645	MvSl-1064-A1-R4_MC13	Chr13	853973	856154	7.73807660585786	0.983540358040131	0.000224330419065558	0.00695192233152473	7.72970597831485	8.47133598025406	6.95725798375182	7.34589720167476	2	2
MvSl-1064-A1-R4_MC13g11692	MvSl-1064-A1-R4_MC13	Chr13	961955	965850	5.31836025840982	-0.757650839301334	0.000952573803064814	0.0232629912177812	4.80583788034846	4.97032986245194	5.76212287112056	5.52033848736593	1	1
MvSl-1064-A1-R4_MC13g11714	MvSl-1064-A1-R4_MC13	Chr13	1024015	1025846	4.87284579047743	-1.08211815226942	8.01059071065022e-05	0.00287738777852234	4.42433992249254	4.01358513759191	5.54289442471241	5.03588356652844	1	1
MvSl-1064-A1-R4_MC13g11715	MvSl-1064-A1-R4_MC13	Chr13	1031168	1034740	6.62644370996622	-3.4470467235387	3.85440484670242e-44	2.03761978572439e-41	3.91477995856919	4.18832163531865	7.73761876161654	7.21020050103629	1	1
MvSl-1064-A1-R4_MC13g11716	MvSl-1064-A1-R4_MC13	Chr13	1035021	1035998	1.83109842103236	-5.86259830711405	1.61836086312191e-23	2.96820593405646e-21	-2.68006121971643	-1.93827986729743	2.86386235509953	2.64268988902361	1	1
MvSl-1064-A1-R4_MC14g11747	MvSl-1064-A1-R4_MC14	Chr14	54991	60113	1.82142907633957	-1.20297588950909	0.00150171108822783	0.0336555549872906	1.09683749156678	1.12471114233565	2.33910856073873	2.21352115543933	1	1
MvSl-1064-A1-R4_MC14g11772	MvSl-1064-A1-R4_MC14	Chr14	118622	118777	3.34308557395426	-1.07570560111356	0.00127978050186989	0.0296427509543935	2.99587381680442	2.35427715127118	3.86321808164333	3.67968229530728	1	1
MvSl-1064-A1-R4_MC14g11775	MvSl-1064-A1-R4_MC14	Chr14	120826	121056	4.72445361476105	-0.868449486258731	0.000882203076278799	0.021950491193682	4.37157544305896	4.06504971064635	5.25781020379722	4.90318066724596	1	1
MvSl-1064-A1-R4_MC14g11804	MvSl-1064-A1-R4_MC14	Chr14	176561	177297	1.62556764789876	4.45795531587837	1.65551100363424e-14	1.75036204584246e-12	2.40007770334419	2.72387347859354	-0.688579039183502	-3.3081956594574	2	2
MvSl-1064-A1-R4_MC14g11805	MvSl-1064-A1-R4_MC14	Chr14	177415	178526	6.1175602303996	-0.618999547344102	0.00159610706334552	0.0349858882397224	5.84530280130638	5.70149896777657	6.39437026955389	6.39214724219882	1	1
MvSl-1064-A1-R4_MC14g11898	MvSl-1064-A1-R4_MC14	Chr14	411440	413482	1.80617563538643	7.85398490460858	1.81707698976672e-27	4.08251772675838e-25	2.5432728677157	3.03670578499365	-3.3081956594574	-2.75420850940716	2	2
MvSl-1064-A1-R4_MC14g11916	MvSl-1064-A1-R4_MC14	Chr14	442312	443079	4.98717046897171	-0.957656397146133	0.000114243461406813	0.00396411578248272	4.46448499253463	4.39623838821899	5.19409567542752	5.55410836430337	1	1
MvSl-1064-A1-R4_MC14g11951	MvSl-1064-A1-R4_MC14	Chr14	529127	530265	3.83786198310768	-0.980691146405888	0.000861737280148551	0.0215123137130417	3.42372161437724	3.09188485734475	4.25091565168419	4.23029855195777	1	1
MvSl-1064-A1-R4_MC14g11962	MvSl-1064-A1-R4_MC14	Chr14	552263	553716	4.08003051080975	-1.0044040556261	0.000681574109665857	0.017765595149676	3.69311876481333	3.26191684965865	4.62130762256083	4.34880840370075	1	1
MvSl-1064-A1-R4_MC14g11983	MvSl-1064-A1-R4_MC14	Chr14	595791	600758	5.08684336262406	-1.30605475228373	5.63631146729518e-08	3.59244901819729e-06	4.17883876177342	4.39623838821899	5.50138102844714	5.68046908175653	1	1
MvSl-1064-A1-R4_MC15g12018	MvSl-1064-A1-R4_MC15	Chr15	13959	14910	6.80941603671054	-0.610669195248291	0.00102768589624313	0.024628835065432	6.49343737590833	6.45030560720744	7.18737366996557	6.96865951532318	1	1
MvSl-1064-A1-R4_MC15g12029	MvSl-1064-A1-R4_MC15	Chr15	44970	45507	8.40525138853081	0.756831253234206	0.00113264823379235	0.0267925058874343	8.745559829355	8.72364122082199	7.92534162594381	8.02886414992276	2	2
MvSl-1064-A1-R4_MC15g12075	MvSl-1064-A1-R4_MC15	Chr15	158430	159464	1.04699010177011	4.30695906897487	1.08905309596758e-13	1.09969889589446e-11	2.27431819966142	1.6262432928517	-1.78652953182822	-1.78586353526428	2	2
MvSl-1064-A1-R4_MC15g12082	MvSl-1064-A1-R4_MC15	Chr15	173809	175626	1.71457727809878	1.79097403494466	9.14659559068209e-06	0.00040693294343297	2.11835472458697	2.55087870341045	0.601978961378533	0.647141728909476	2	2
MvSl-1064-A1-R4_MC15g12133	MvSl-1064-A1-R4_MC15	Chr15	314678	314866	2.01301902079883	-1.47917961364659	0.000399525554778424	0.0112909942163324	0.854700643733273	1.32222856828495	2.1370793653966	2.86486997494194	1	1
MvSl-1064-A1-R4_MC15g12145	MvSl-1064-A1-R4_MC15	Chr15	339399	340493	0.0918891319188521	-3.10207920896798	4.8772928719645e-07	2.67269701465518e-05	-1.63814373177874	-1.93827986729743	0.730732277132373	0.923638169858298	1	1
MvSl-1064-A1-R4_MC15g12148	MvSl-1064-A1-R4_MC15	Chr15	343988	344673	0.950913548261665	-4.9130073051129	2.83231564167569e-15	3.34921324628151e-13	-2.24391274280674	-2.2680958826343	1.76846725444001	1.88472655616446	1	1
MvSl-1064-A1-R4_MC16g12178	MvSl-1064-A1-R4_MC16	Chr16	15236	16963	1.90486831537493	4.62639740845801	4.36869445855419e-18	6.13460267172289e-16	2.82698559424845	2.88875234565408	-0.688579039183502	-2.75420850940716	2	2
MvSl-1064-A1-R4_MC16g12196	MvSl-1064-A1-R4_MC16	Chr16	52524	55457	3.87298434407025	-1.7490630385687	1.30172730218373e-08	8.86259338236757e-07	2.83814054043359	2.66444271369844	4.67830233839366	4.26971536448186	1	1
MvSl-1064-A1-R4_MC18g12264	MvSl-1064-A1-R4_MC18	Chr18	37524	41429	1.58878229221792	-1.41101734509283	0.000756046269937883	0.0192715037568885	0.451812085001419	0.97620540140423	2.28421407654691	1.88472655616446	1	1
