gene	logFC	FDR
1	MinSal-1389-A1-17072018_C001g00007	0.0936979114154614	0.691301215161927
2	MinSal-1389-A1-17072018_C001g00011	-0.186802024997066	0.488798508129315
3	MinSal-1389-A1-17072018_C001g00016	-0.202627849287678	0.484140347418095
4	MinSal-1389-A1-17072018_C001g00019	-0.505030233472075	0.0501638828572157
5	MinSal-1389-A1-17072018_C001g00021	0.471158246762144	0.0507615872231547
6	MinSal-1389-A1-17072018_C001g00045	-0.337343824276302	0.122470788435526
7	MinSal-1389-A1-17072018_C001g00058	0.264246341365485	0.252725115381229
8	MinSal-1389-A1-17072018_C001g00062	0.0188718715478353	0.946416121426508
9	MinSal-1389-A1-17072018_C001g00064	0.0441213348230864	0.884712540004912
10	MinSal-1389-A1-17072018_C001g00079	0.0113593545393964	0.967861769522236
11	MinSal-1389-A1-17072018_C001g00086	-0.242190336078353	0.400518818588213
12	MinSal-1389-A1-17072018_C001g00092	-0.0773919109255333	0.730920843820423
13	MinSal-1389-A1-17072018_C001g00098	0.119839252777371	0.618892611446304
14	MinSal-1389-A1-17072018_C001g00106	0.255831469706396	0.257118156107027
15	MinSal-1389-A1-17072018_C001g00107	-0.0657998528783836	0.77901616141768
16	MinSal-1389-A1-17072018_C001g00116	0.329916057471471	0.123298083232635
17	MinSal-1389-A1-17072018_C001g00119	0.00670484933996256	0.977630646891044
18	MinSal-1389-A1-17072018_C001g00141	0.562043001939873	0.127265093168861
19	MinSal-1389-A1-17072018_C001g00148	0.797243091180665	0.0925678628586719
20	MinSal-1389-A1-17072018_C001g00153	0.0560436393063123	0.809505656382673
21	MinSal-1389-A1-17072018_C001g00157	0.138460253914171	0.646936690261047
22	MinSal-1389-A1-17072018_C001g00158	-0.50818994154724	0.0519126763574753
23	MinSal-1389-A1-17072018_C001g00163	-0.394009765632314	0.0709550565420629
24	MinSal-1389-A1-17072018_C001g00167	0.238086040849117	0.269148013990241
25	MinSal-1389-A1-17072018_C001g00171	-0.154347382407514	0.565380883120286
26	MinSal-1389-A1-17072018_C001g00178	0.484904484184494	0.100395103929794
27	MinSal-1389-A1-17072018_C001g00193	0.201186080577278	0.40193673071995
28	MinSal-1389-A1-17072018_C001g00207	-0.0262327913330719	0.92836916190661
29	MinSal-1389-A1-17072018_C001g00215	0.37177634572451	0.120323552478673
30	MinSal-1389-A1-17072018_C001g00221	0.0817969912419489	0.705221326621238
31	MinSal-1389-A1-17072018_C001g00223	0.0459421381933776	0.854267036084423
32	MinSal-1389-A1-17072018_C001g00236	0.43043578708513	0.0653171368461213
33	MinSal-1389-A1-17072018_C001g00240	-0.590554057302181	0.0884373931495132
34	MinSal-1389-A1-17072018_C001g00241	-0.00828779793177417	0.975046084758141
35	MinSal-1389-A1-17072018_C001g00275	-0.281352964724862	0.197649097993631
36	MinSal-1389-A1-17072018_C001g00297	0.222964965963964	0.326670447442356
37	MinSal-1389-A1-17072018_C001g00302	0.0728106861461066	0.74370872448349
38	MinSal-1389-A1-17072018_C001g00310	-0.00317225544843127	0.990507950417833
39	MinSal-1389-A1-17072018_C001g00315	0.161188759889158	0.675456639730942
40	MinSal-1389-A1-17072018_C001g00318	-0.209164556706182	0.348484603766778
41	MinSal-1389-A1-17072018_C001g00326	-0.243368399984066	0.328906962229045
42	MinSal-1389-A1-17072018_C001g00328	-0.246013842067192	0.294885377937448
43	MinSal-1389-A1-17072018_C001g00330	-0.0685009453667464	0.782314641966121
44	MinSal-1389-A1-17072018_C001g00337	-0.416645752819095	0.0658496836153775
45	MinSal-1389-A1-17072018_C001g00339	0.227426043989283	0.30180947768371
46	MinSal-1389-A1-17072018_C001g00341	-0.0618210283747733	0.884491472634563
47	MinSal-1389-A1-17072018_C001g00347	0.0814402939097952	0.707254505453386
48	MinSal-1389-A1-17072018_C001g00349	-0.217544294643801	0.313483936684255
49	MinSal-1389-A1-17072018_C001g00350	-0.580137514935463	0.0836319120492543
50	MinSal-1389-A1-17072018_C001g00352	0.359632200184855	0.0852955570189317
51	MinSal-1389-A1-17072018_C001g00357	-0.327903749249905	0.32094531776446
52	MinSal-1389-A1-17072018_C001g00372	-0.358866608225539	0.156685967750364
53	MinSal-1389-A1-17072018_C001g00382	-0.0222562333200855	0.924476034001435
54	MinSal-1389-A1-17072018_C001g00386	0.213495809353278	0.37360701544
55	MinSal-1389-A1-17072018_C001g00392	-0.281119874019383	0.270035609808951
56	MinSal-1389-A1-17072018_C001g00394	-0.146567890073	0.525445287735146
57	MinSal-1389-A1-17072018_C001g00395	0.407522897688332	0.0536527605755071
58	MinSal-1389-A1-17072018_C001g00400	0.0145239606085481	0.950360032438006
59	MinSal-1389-A1-17072018_C001g00410	0.212701569130329	0.445147526895855
60	MinSal-1389-A1-17072018_C001g00412	0.490749365583188	0.107288646571528
61	MinSal-1389-A1-17072018_C001g00419	0.122343203383554	0.591795420524668
62	MinSal-1389-A1-17072018_C001g00426	-0.376939924820242	0.10762655701354
63	MinSal-1389-A1-17072018_C001g00433	0.0249977929618676	0.914392255160082
64	MinSal-1389-A1-17072018_C001g00458	-0.232048097400016	0.359714739332635
65	MinSal-1389-A1-17072018_C001g00462	-0.30355116576725	0.43264415909466
66	MinSal-1389-A1-17072018_C001g00464	-0.237598079391668	0.395317164478305
67	MinSal-1389-A1-17072018_C001g00465	-0.260212113400757	0.278923474723605
68	MinSal-1389-A1-17072018_C001g00488	0.147270810222156	0.490690518187326
69	MinSal-1389-A1-17072018_C001g00501	0.245600477777042	0.361991430703789
70	MinSal-1389-A1-17072018_C001g00506	-0.121143547508123	0.658312387585403
71	MinSal-1389-A1-17072018_C001g00514	-0.0606358833800534	0.801001497756475
72	MinSal-1389-A1-17072018_C001g00515	0.119136114586164	0.620637935945894
73	MinSal-1389-A1-17072018_C001g00517	-0.180427678588085	0.426382323181342
74	MinSal-1389-A1-17072018_C001g00519	0.320812596489161	0.139263227654385
75	MinSal-1389-A1-17072018_C001g00521	0.25313467259539	0.253416790198299
76	MinSal-1389-A1-17072018_C001g00522	-0.0458103837908781	0.852412011026147
77	MinSal-1389-A1-17072018_C001g00532	-0.397593833350684	0.0805063239983058
78	MinSal-1389-A1-17072018_C001g00533	0.424188463619648	0.0636071287365098
79	MinSal-1389-A1-17072018_C001g00537	-0.146328240980077	0.550560721729808
80	MinSal-1389-A1-17072018_C001g00543	0.185955039660033	0.388242071294586
81	MinSal-1389-A1-17072018_C001g00554	0.0052226423176286	0.981340888701962
82	MinSal-1389-A1-17072018_C001g00558	0.271287820367936	0.219879241590274
83	MinSal-1389-A1-17072018_C001g00561	0.0137522200996389	0.977630646891044
84	MinSal-1389-A1-17072018_C001g00564	-0.152730135587114	0.520995932672024
85	MinSal-1389-A1-17072018_C001g00584	0.180945162238345	0.416471071491691
86	MinSal-1389-A1-17072018_C001g00596	-0.310319062267115	0.150533450243388
87	MinSal-1389-A1-17072018_C001g00599	0.51292931581084	0.325438574351361
88	MinSal-1389-A1-17072018_C001g00611	0.604722387661114	0.0653480797241134
89	MinSal-1389-A1-17072018_C001g00613	0.392703661892003	0.0724492331710982
90	MinSal-1389-A1-17072018_C001g00615	-0.45326180650189	0.0607011326397668
91	MinSal-1389-A1-17072018_C001g00619	0.415887313517327	0.0518579066297313
92	MinSal-1389-A1-17072018_C001g00624	-0.412443624606922	0.0552081900223396
93	MinSal-1389-A1-17072018_C001g00627	-0.276604640039432	0.208041155476295
94	MinSal-1389-A1-17072018_C001g00631	-0.439415476392567	0.0816084211888343
95	MinSal-1389-A1-17072018_C001g00634	-0.50039783276286	0.0546212563643567
96	MinSal-1389-A1-17072018_C001g00636	0.223504764893945	0.387181627568191
97	MinSal-1389-A1-17072018_C001g00654	-0.214075853986327	0.339192766493489
98	MinSal-1389-A1-17072018_C001g00655	0.38467988121362	0.0794271185736129
99	MinSal-1389-A1-17072018_C001g00657	0.363563460852222	0.081908744681891
100	MinSal-1389-A1-17072018_C001g00660	0.133130936544037	0.575154049446131
101	MinSal-1389-A1-17072018_C001g00664	-0.238168911823196	0.321669228423143
102	MinSal-1389-A1-17072018_C001g00665	0.395797915628021	0.058048161318266
103	MinSal-1389-A1-17072018_C001g00671	-0.191081064911856	0.414179296138778
104	MinSal-1389-A1-17072018_C001g00677	-0.281916340624457	0.228641294867035
105	MinSal-1389-A1-17072018_C001g00682	0.158350846892534	0.767290965168121
106	MinSal-1389-A1-17072018_C001g00687	-0.311001589560132	0.167736029480672
107	MinSal-1389-A1-17072018_C001g00688	0.417188775819414	0.0636750702734708
108	MinSal-1389-A1-17072018_C001g00690	-0.197085844168421	0.592998309494889
109	MinSal-1389-A1-17072018_C001g00691	0.259746892494456	0.3439540426773
110	MinSal-1389-A1-17072018_C001g00692	-0.326957495327519	0.139435711845671
111	MinSal-1389-A1-17072018_C001g00697	-0.33256993755603	0.131872800242859
112	MinSal-1389-A1-17072018_C001g00700	-0.0313509114699257	0.917362197473343
113	MinSal-1389-A1-17072018_C001g00709	0.443463492210828	0.0668794028516973
114	MinSal-1389-A1-17072018_C001g00710	0.171507377396667	0.544030117332748
115	MinSal-1389-A1-17072018_C001g00722	-0.228729378927261	0.296922602833287
116	MinSal-1389-A1-17072018_C001g00736	0.346506668925576	0.145633665897245
117	MinSal-1389-A1-17072018_C001g00737	0.00885477689054037	0.974668972848057
118	MinSal-1389-A1-17072018_C001g00740	-0.0391543227610794	0.864527743729279
119	MinSal-1389-A1-17072018_C001g00744	0.0767325779732116	0.73328533771094
120	MinSal-1389-A1-17072018_C001g00765	0.101789267341585	0.670994425428295
121	MinSal-1389-A1-17072018_C001g00785	-0.169553859463339	0.444041347519165
122	MinSal-1389-A1-17072018_C001g00792	0.0597556748517035	0.845411990277297
123	MinSal-1389-A1-17072018_C001g00800	0.355008171461118	0.318812248938896
124	MinSal-1389-A1-17072018_C001g00814	0.0914191539081348	0.674611692808908
125	MinSal-1389-A1-17072018_C001g00816	-0.337431268568498	0.112492315649496
126	MinSal-1389-A1-17072018_C001g00820	-0.197158876984433	0.4478291484496
127	MinSal-1389-A1-17072018_C001g00824	-0.401373901433247	0.0961953642526702
128	MinSal-1389-A1-17072018_C001g00825	0.0998223102259433	0.665495346387936
129	MinSal-1389-A1-17072018_C001g00827	0.458144206966567	0.0600433219503994
130	MinSal-1389-A1-17072018_C001g00834	-0.276176632616497	0.21150879590681
131	MinSal-1389-A1-17072018_C001g00847	0.235919928517833	0.276347455110631
132	MinSal-1389-A1-17072018_C001g00848	-0.0914883342293184	0.686438524271109
133	MinSal-1389-A1-17072018_C001g00864	-0.10125919830082	0.711801643505996
134	MinSal-1389-A1-17072018_C001g00865	-0.0278434059536041	0.90560351694372
135	MinSal-1389-A1-17072018_C001g00866	0.204705937660647	0.411160872958494
136	MinSal-1389-A1-17072018_C001g00869	0.295362063958582	0.162162441758845
137	MinSal-1389-A1-17072018_C001g00870	0.348560792490905	0.155554179837891
138	MinSal-1389-A1-17072018_C001g00883	0.166980907306992	0.498171252571337
139	MinSal-1389-A1-17072018_C001g00889	0.178458410213078	0.483572337170539
140	MinSal-1389-A1-17072018_C001g00894	-0.340310911092121	0.117530600836252
141	MinSal-1389-A1-17072018_C001g00897	0.322372835098637	0.168269286271392
142	MinSal-1389-A1-17072018_C001g00898	-0.346738095075302	0.119249095794528
143	MinSal-1389-A1-17072018_C001g00936	0.37505957763832	0.0693505605816767
144	MinSal-1389-A1-17072018_C001g00945	-0.209159815088882	0.358240481744607
145	MinSal-1389-A1-17072018_C001g00951	-0.321730363696269	0.138635424822727
146	MinSal-1389-A1-17072018_C001g00962	0.179051594233322	0.422159633489203
147	MinSal-1389-A1-17072018_C001g00973	-0.391870038011193	0.0699572698356298
148	MinSal-1389-A1-17072018_C001g00974	-0.438642056610606	0.122429638219064
149	MinSal-1389-A1-17072018_C001g00991	0.359853517496509	0.125128057799662
150	MinSal-1389-A1-17072018_C001g00993	0.385108311109586	0.0878930013643463
151	MinSal-1389-A1-17072018_C001g01001	0.0676763747565542	0.832004346795402
152	MinSal-1389-A1-17072018_C001g01002	-0.520290037189352	0.35246312411261
153	MinSal-1389-A1-17072018_C001g01006	-0.0964814025221773	0.685678380393987
154	MinSal-1389-A1-17072018_C001g01014	0.245598207903686	0.475857897416134
155	MinSal-1389-A1-17072018_C001g01042	0.211801777208888	0.353181656754379
156	MinSal-1389-A1-17072018_C001g01044	0.361781410496808	0.158236789711733
157	MinSal-1389-A1-17072018_C001g01052	0.130585652707562	0.676177159392197
158	MinSal-1389-A1-17072018_C001g01074	-0.373058441685324	0.0814633545281262
159	MinSal-1389-A1-17072018_C001g01082	0.261087104790805	0.261051914890848
160	MinSal-1389-A1-17072018_C001g01085	0.33875268210231	0.394838683136859
161	MinSal-1389-A1-17072018_C001g01096	-0.370999635334058	0.115959681784837
162	MinSal-1389-A1-17072018_C001g01098	0.0598450720493201	0.803164752934369
163	MinSal-1389-A1-17072018_C001g01112	0.273897882952575	0.24632023611067
164	MinSal-1389-A1-17072018_C002g01131	0.339484972527779	0.228701273765865
165	MinSal-1389-A1-17072018_C002g01163	0.0685191263510086	0.768780414521374
166	MinSal-1389-A1-17072018_C002g01165	-0.233418206790123	0.303888133345853
167	MinSal-1389-A1-17072018_C002g01176	0.120047909331814	0.601277422528643
168	MinSal-1389-A1-17072018_C002g01199	0.20743415721668	0.317981509769448
169	MinSal-1389-A1-17072018_C002g01200	-0.140801962555526	0.540371162329436
170	MinSal-1389-A1-17072018_C002g01201	0.28954463408507	0.18691552748165
171	MinSal-1389-A1-17072018_C002g01214	0.0283160375316303	0.911957082919594
172	MinSal-1389-A1-17072018_C002g01238	-0.408573490709869	0.111253319637036
173	MinSal-1389-A1-17072018_C002g01251	-0.463465107161739	0.0819308394095227
174	MinSal-1389-A1-17072018_C002g01273	0.245065053199825	0.27325109492267
175	MinSal-1389-A1-17072018_C002g01277	0.313017560633751	0.271928779680837
176	MinSal-1389-A1-17072018_C002g01297	0.347879967280706	0.158587350569449
177	MinSal-1389-A1-17072018_C002g01337	-0.299479978110438	0.235241946768298
178	MinSal-1389-A1-17072018_C002g01344	-0.268536625247926	0.285387311760414
179	MinSal-1389-A1-17072018_C002g01348	0.335453774610702	0.164389370111807
180	MinSal-1389-A1-17072018_C002g01353	-0.376066745331171	0.0896638861787153
181	MinSal-1389-A1-17072018_C002g01362	0.11474036329987	0.628006729168805
182	MinSal-1389-A1-17072018_C002g01365	0.067441142457166	0.776507427427293
183	MinSal-1389-A1-17072018_C002g01388	0.766453703431584	0.0840618505778662
184	MinSal-1389-A1-17072018_C002g01389	-0.254221953372704	0.265487797645402
185	MinSal-1389-A1-17072018_C002g01394	-0.0493068930989396	0.835380657556243
186	MinSal-1389-A1-17072018_C002g01399	-0.434544376695912	0.124069767289417
187	MinSal-1389-A1-17072018_C002g01402	0.14276585949331	0.536005129292906
188	MinSal-1389-A1-17072018_C002g01404	0.332667760101209	0.11687424506602
189	MinSal-1389-A1-17072018_C002g01426	0.12625856614926	0.579981230652732
190	MinSal-1389-A1-17072018_C002g01428	0.0135070200062478	0.958528190029951
191	MinSal-1389-A1-17072018_C002g01432	-0.269232789387643	0.209642484185834
192	MinSal-1389-A1-17072018_C002g01437	-0.138804897152973	0.528592858776801
193	MinSal-1389-A1-17072018_C002g01460	-0.0526290367696908	0.826638363022746
194	MinSal-1389-A1-17072018_C002g01477	0.364146273395091	0.0823653430275419
195	MinSal-1389-A1-17072018_C002g01489	0.170116929963837	0.422905886325511
196	MinSal-1389-A1-17072018_C002g01492	0.326873357300975	0.136981035826942
197	MinSal-1389-A1-17072018_C002g01508	0.0876477703067831	0.686032807462193
198	MinSal-1389-A1-17072018_C002g01530	0.0806035732410767	0.716845742712458
199	MinSal-1389-A1-17072018_C002g01534	0.079740766449229	0.798908042018625
200	MinSal-1389-A1-17072018_C002g01535	-0.454699740903196	0.0547979293238108
201	MinSal-1389-A1-17072018_C002g01543	0.299450264613847	0.195225632564088
202	MinSal-1389-A1-17072018_C002g01547	-0.0121112774085725	0.958528190029951
203	MinSal-1389-A1-17072018_C002g01557	-0.0299648230060966	0.90862662050673
204	MinSal-1389-A1-17072018_C002g01586	0.216713471692883	0.353792419169849
205	MinSal-1389-A1-17072018_C002g01593	0.267129253185872	0.211604108938773
206	MinSal-1389-A1-17072018_C002g01635	0.271035447922201	0.196316021014655
207	MinSal-1389-A1-17072018_C002g01639	0.00909878660547064	0.96832085804681
208	MinSal-1389-A1-17072018_C002g01647	-0.38185255947731	0.0844239845365928
209	MinSal-1389-A1-17072018_C002g01648	0.256745605863956	0.418233406585311
210	MinSal-1389-A1-17072018_C002g01651	0.112468498785725	0.704003203407139
211	MinSal-1389-A1-17072018_C002g01655	-0.569302075581694	0.170489946934534
212	MinSal-1389-A1-17072018_C002g01661	0.240742735977826	0.32275937909814
213	MinSal-1389-A1-17072018_C002g01672	0.356333707057167	0.538559032666471
214	MinSal-1389-A1-17072018_C002g01677	-0.314734662094482	0.219324531899175
215	MinSal-1389-A1-17072018_C002g01679	0.045399138950049	0.853462865144883
216	MinSal-1389-A1-17072018_C002g01689	0.0643899302287314	0.792031888490706
217	MinSal-1389-A1-17072018_C002g01692	0.624142299035581	0.0661011295925559
218	MinSal-1389-A1-17072018_C002g01708	-0.249681746427836	0.310106347531209
219	MinSal-1389-A1-17072018_C002g01727	-0.191773767588183	0.423903467660296
220	MinSal-1389-A1-17072018_C002g01749	0.060805789791294	0.811403193328229
221	MinSal-1389-A1-17072018_C002g01750	0.70444901094425	0.0695443702719377
222	MinSal-1389-A1-17072018_C002g01756	0.356847883131492	0.0908079680611107
223	MinSal-1389-A1-17072018_C002g01760	0.832012953614198	0.0545882541061373
224	MinSal-1389-A1-17072018_C002g01763	-0.390331731271772	0.0877559004550893
225	MinSal-1389-A1-17072018_C002g01767	-0.397905577398098	0.107170059734054
226	MinSal-1389-A1-17072018_C002g01768	0.322523270103181	0.30313921602
227	MinSal-1389-A1-17072018_C002g01781	0.195013360749841	0.597303380458462
228	MinSal-1389-A1-17072018_C002g01807	-0.410879706177925	0.0844243362447239
229	MinSal-1389-A1-17072018_C002g01811	-0.459008350887785	0.0906628275604843
230	MinSal-1389-A1-17072018_C002g01818	-0.193553249019102	0.381753819177325
231	MinSal-1389-A1-17072018_C002g01846	0.24718178991447	0.284889271676714
232	MinSal-1389-A1-17072018_C002g01853	0.658239772449983	0.05737867983182
233	MinSal-1389-A1-17072018_C002g01861	0.500226149805184	0.194540749350913
234	MinSal-1389-A1-17072018_C002g01885	0.170697195767718	0.526847521576648
235	MinSal-1389-A1-17072018_C002g01886	0.355600422885588	0.167736029480672
236	MinSal-1389-A1-17072018_C002g01890	0.0737483570800986	0.750298648169933
237	MinSal-1389-A1-17072018_C002g01893	-0.452634670660583	0.0878537097057776
238	MinSal-1389-A1-17072018_C002g01896	0.267753955163051	0.256349910392639
239	MinSal-1389-A1-17072018_C003g01977	0.0948946612832826	0.726220838821371
240	MinSal-1389-A1-17072018_C003g01997	0.00902293929872926	0.974750464881
241	MinSal-1389-A1-17072018_C003g02005	0.43094961330234	0.0703653087515312
242	MinSal-1389-A1-17072018_C003g02018	-0.214669297412983	0.480331792610904
243	MinSal-1389-A1-17072018_C003g02024	-0.314723505867073	0.15395498260957
244	MinSal-1389-A1-17072018_C003g02028	-0.349859381490489	0.175243123494678
245	MinSal-1389-A1-17072018_C003g02035	0.258891636980247	0.235771981407247
246	MinSal-1389-A1-17072018_C003g02037	0.069775438166663	0.833185388046499
247	MinSal-1389-A1-17072018_C003g02038	0.21527439308698	0.498925067656921
248	MinSal-1389-A1-17072018_C003g02041	-0.276112417902739	0.331707654948154
249	MinSal-1389-A1-17072018_C003g02052	0.392351620771233	0.134534041794829
250	MinSal-1389-A1-17072018_C003g02056	-0.17150879145926	0.685837139138503
251	MinSal-1389-A1-17072018_C003g02057	-0.364089644095748	0.129169469797664
252	MinSal-1389-A1-17072018_C003g02064	-0.410992217210818	0.097831171732183
253	MinSal-1389-A1-17072018_C003g02068	-0.18795993759439	0.443990380961745
254	MinSal-1389-A1-17072018_C003g02072	0.0383942529599813	0.863002134035366
255	MinSal-1389-A1-17072018_C003g02073	0.244173863985613	0.313299903601805
256	MinSal-1389-A1-17072018_C003g02080	0.418640306783252	0.119930421218616
257	MinSal-1389-A1-17072018_C003g02109	-0.210018472622405	0.328970414652043
258	MinSal-1389-A1-17072018_C003g02110	-0.342805766307128	0.19159673737127
259	MinSal-1389-A1-17072018_C003g02114	0.366053561821648	0.119623192457971
260	MinSal-1389-A1-17072018_C003g02116	-0.347565208713559	0.12327024942326
261	MinSal-1389-A1-17072018_C003g02122	0.0861610571874585	0.726137140861628
262	MinSal-1389-A1-17072018_C003g02123	-0.267497196110434	0.268632914303008
263	MinSal-1389-A1-17072018_C003g02124	0.334016404697135	0.224003053977025
264	MinSal-1389-A1-17072018_C003g02131	0.330359190635944	0.192728723336894
265	MinSal-1389-A1-17072018_C003g02161	0.160159363557934	0.506637262027601
266	MinSal-1389-A1-17072018_C003g02164	-0.207005084321209	0.416992877505778
267	MinSal-1389-A1-17072018_C003g02170	-0.328922369680574	0.124337594169506
268	MinSal-1389-A1-17072018_C003g02175	-0.0260769406475762	0.920096580427776
269	MinSal-1389-A1-17072018_C003g02186	0.133072219384885	0.583634195228743
270	MinSal-1389-A1-17072018_C003g02190	-0.0687028330830171	0.763906943903816
271	MinSal-1389-A1-17072018_C003g02198	0.330911621791081	0.139416821207482
272	MinSal-1389-A1-17072018_C003g02234	-0.424909965929685	0.0962373464984025
273	MinSal-1389-A1-17072018_C003g02236	-0.018098280142154	0.946826281513842
274	MinSal-1389-A1-17072018_C003g02241	0.0884409570918292	0.786179874965595
275	MinSal-1389-A1-17072018_C003g02244	-0.364510503532924	0.17053321389461
276	MinSal-1389-A1-17072018_C003g02250	-0.107517162441808	0.628709296991932
277	MinSal-1389-A1-17072018_C003g02256	-0.133160331199721	0.5618445929593
278	MinSal-1389-A1-17072018_C003g02260	-0.348199326407786	0.122925612008506
279	MinSal-1389-A1-17072018_C003g02267	-0.0379310030638263	0.887348143437077
280	MinSal-1389-A1-17072018_C003g02268	-0.0670624024468687	0.778223823305615
281	MinSal-1389-A1-17072018_C003g02301	0.242693694597074	0.358240481744607
282	MinSal-1389-A1-17072018_C003g02302	-0.0143892979939102	0.972918678866999
283	MinSal-1389-A1-17072018_C003g02309	-0.0532053841990319	0.810719864794709
284	MinSal-1389-A1-17072018_C003g02310	0.027987557530432	0.911743113839045
285	MinSal-1389-A1-17072018_C003g02313	-0.183838512557154	0.584204187231362
286	MinSal-1389-A1-17072018_C003g02314	0.52971303366144	0.231016750289641
287	MinSal-1389-A1-17072018_C003g02316	0.380257426027937	0.0710489143445925
288	MinSal-1389-A1-17072018_C003g02323	0.235667404037351	0.362426552442374
289	MinSal-1389-A1-17072018_C003g02335	-0.739213927773084	0.0612610817360456
290	MinSal-1389-A1-17072018_C003g02340	0.399569146691046	0.0775887499631806
291	MinSal-1389-A1-17072018_C003g02347	0.203662753284246	0.343702544266475
292	MinSal-1389-A1-17072018_C003g02374	0.30403374597287	0.156499054989911
293	MinSal-1389-A1-17072018_C003g02378	-0.172040436631415	0.422852937071983
294	MinSal-1389-A1-17072018_C003g02382	0.158895058933765	0.504798085632124
295	MinSal-1389-A1-17072018_C003g02407	0.116775235812736	0.733543182249526
296	MinSal-1389-A1-17072018_C003g02410	0.0769533042056397	0.739033687505949
297	MinSal-1389-A1-17072018_C003g02414	0.417092717412894	0.064116539675354
298	MinSal-1389-A1-17072018_C003g02422	-0.130988355633089	0.631033389396924
299	MinSal-1389-A1-17072018_C003g02427	-0.0895267145664868	0.703769246308106
300	MinSal-1389-A1-17072018_C003g02436	0.236039321534875	0.399171676517811
301	MinSal-1389-A1-17072018_C003g02440	-0.367137048470213	0.126202649818626
302	MinSal-1389-A1-17072018_C003g02453	-0.817833117363511	0.282788989064427
303	MinSal-1389-A1-17072018_C003g02466	-0.0387414193246663	0.874624269913895
304	MinSal-1389-A1-17072018_C003g02469	0.107091282408387	0.729603170646731
305	MinSal-1389-A1-17072018_C003g02477	-0.482689116566746	0.0550737948434367
306	MinSal-1389-A1-17072018_C003g02483	0.208320463360516	0.430990922390836
307	MinSal-1389-A1-17072018_C003g02491	0.264534041750816	0.224649355858556
308	MinSal-1389-A1-17072018_C003g02493	-0.0820243564116908	0.725877511832926
309	MinSal-1389-A1-17072018_C003g02507	-0.373880882989678	0.131366139138264
310	MinSal-1389-A1-17072018_C003g02510	-0.136276864871994	0.587233287681768
311	MinSal-1389-A1-17072018_C003g02513	-0.0536211638052123	0.851988242984839
312	MinSal-1389-A1-17072018_C003g02544	-0.206143960874406	0.474147190158998
313	MinSal-1389-A1-17072018_C003g02551	0.432394511119701	0.0507444502905902
314	MinSal-1389-A1-17072018_C003g02552	-0.411667062843431	0.061940518641482
315	MinSal-1389-A1-17072018_C003g02562	-0.547240982435932	0.0662681695819423
316	MinSal-1389-A1-17072018_C003g02565	-0.400923214525963	0.0658771681748987
317	MinSal-1389-A1-17072018_C003g02571	0.198009869086052	0.375994187888741
318	MinSal-1389-A1-17072018_C003g02575	0.456064988342274	0.0699825637271361
319	MinSal-1389-A1-17072018_C003g02588	0.0951372939597263	0.693707533101031
320	MinSal-1389-A1-17072018_C003g02596	-0.318417681334372	0.183271817917207
321	MinSal-1389-A1-17072018_C003g02597	0.299170573624107	0.225998491165481
322	MinSal-1389-A1-17072018_C003g02605	-0.321374659765298	0.152760527244005
323	MinSal-1389-A1-17072018_C003g02650	0.0857336326169789	0.69750587746047
324	MinSal-1389-A1-17072018_C003g02656	-0.391822164271062	0.0757623786237218
325	MinSal-1389-A1-17072018_C003g02659	0.290210370451775	0.167470085800173
326	MinSal-1389-A1-17072018_C003g02667	-0.0937697452640982	0.689396309460399
327	MinSal-1389-A1-17072018_C003g02672	0.325805492450342	0.131444943488725
328	MinSal-1389-A1-17072018_C003g02687	-0.385199276900076	0.104060241017455
329	MinSal-1389-A1-17072018_C003g02718	0.073404525230748	0.751848659753122
330	MinSal-1389-A1-17072018_C003g02725	-0.214538176657865	0.316636997013496
331	MinSal-1389-A1-17072018_C003g02756	0.366925934927318	0.0862561657112734
332	MinSal-1389-A1-17072018_C003g02764	0.276261322409116	0.25032113273942
333	MinSal-1389-A1-17072018_C003g02765	-0.429157911384983	0.0690557971587916
334	MinSal-1389-A1-17072018_C003g02777	0.126574383243933	0.620745280116843
335	MinSal-1389-A1-17072018_C003g02779	-0.176053812527856	0.457637373359136
336	MinSal-1389-A1-17072018_C004g02823	-0.0896130486465118	0.720930123515751
337	MinSal-1389-A1-17072018_C004g02825	0.299203073273376	0.190191834635658
338	MinSal-1389-A1-17072018_C004g02826	-0.426120692262833	0.0519126763574753
339	MinSal-1389-A1-17072018_C004g02828	0.170580922857943	0.46254962233797
340	MinSal-1389-A1-17072018_C004g02829	0.206916803631266	0.386829615875059
341	MinSal-1389-A1-17072018_C004g02836	0.387297796312943	0.0639694899124797
342	MinSal-1389-A1-17072018_C004g02837	0.00360321163294905	0.989100086296195
343	MinSal-1389-A1-17072018_C004g02841	0.524295676575032	0.0623517907372085
344	MinSal-1389-A1-17072018_C004g02846	-0.548042048301939	0.0562195707803271
345	MinSal-1389-A1-17072018_C004g02852	-0.216991145376347	0.380714838913554
346	MinSal-1389-A1-17072018_C004g02853	-0.0836452859593346	0.715179716330147
347	MinSal-1389-A1-17072018_C004g02859	0.0184636947794632	0.94009415073997
348	MinSal-1389-A1-17072018_C004g02865	0.0119277375275883	0.958528190029951
349	MinSal-1389-A1-17072018_C004g02886	-0.397061524217279	0.094555808101219
350	MinSal-1389-A1-17072018_C004g02889	-0.178442903450455	0.594057216291658
351	MinSal-1389-A1-17072018_C004g02897	-0.968464685950038	0.0703815452847652
352	MinSal-1389-A1-17072018_C004g02899	-0.178109408518931	0.498151097676767
353	MinSal-1389-A1-17072018_C004g02916	0.45507156947775	0.0816148155486739
354	MinSal-1389-A1-17072018_C004g02921	-0.415143255893321	0.356426589766337
355	MinSal-1389-A1-17072018_C004g02924	0.3697886922287	0.130458404421319
356	MinSal-1389-A1-17072018_C004g02934	-0.330729999366016	0.162451160811844
357	MinSal-1389-A1-17072018_C004g02940	-0.0317018661509904	0.893742379627568
358	MinSal-1389-A1-17072018_C004g02960	0.404604655604461	0.163353889149581
359	MinSal-1389-A1-17072018_C004g02964	-0.093243037479991	0.701034566381582
360	MinSal-1389-A1-17072018_C004g02973	0.330156185786069	0.292036167285412
361	MinSal-1389-A1-17072018_C004g02976	0.144501945484931	0.608277572971834
362	MinSal-1389-A1-17072018_C004g02977	0.0799933986436925	0.733496992046289
363	MinSal-1389-A1-17072018_C004g02980	-0.0322113902727285	0.910438307769268
364	MinSal-1389-A1-17072018_C004g02987	0.243045006710902	0.271847353545781
365	MinSal-1389-A1-17072018_C004g02990	-0.260925586984825	0.31628248844176
366	MinSal-1389-A1-17072018_C004g03002	-0.270913390320993	0.29102713012188
367	MinSal-1389-A1-17072018_C004g03028	0.38320048182878	0.0888631712849475
368	MinSal-1389-A1-17072018_C004g03031	0.174206208567334	0.486786650783591
369	MinSal-1389-A1-17072018_C004g03042	-0.422837859543015	0.172287960153339
370	MinSal-1389-A1-17072018_C004g03056	0.0914408344517515	0.70330166594197
371	MinSal-1389-A1-17072018_C004g03078	-0.0125498155143199	0.958923768176262
372	MinSal-1389-A1-17072018_C004g03079	-0.304936820024566	0.190647033917916
373	MinSal-1389-A1-17072018_C004g03080	-0.235717955435183	0.350481946342848
374	MinSal-1389-A1-17072018_C004g03085	-0.00324887254596784	0.990363732553393
375	MinSal-1389-A1-17072018_C004g03091	-0.80215473110105	0.0772140003565371
376	MinSal-1389-A1-17072018_C004g03092	-0.201021171895506	0.406591589557641
377	MinSal-1389-A1-17072018_C004g03094	0.362347582016879	0.122429638219064
378	MinSal-1389-A1-17072018_C004g03105	-0.152481243228297	0.514742187330563
379	MinSal-1389-A1-17072018_C004g03114	0.436350430418608	0.0695857841664276
380	MinSal-1389-A1-17072018_C004g03125	-0.0106510899342179	0.96832085804681
381	MinSal-1389-A1-17072018_C004g03133	-0.185923140345848	0.440641124986331
382	MinSal-1389-A1-17072018_C004g03134	0.111508771110542	0.609513974217691
383	MinSal-1389-A1-17072018_C004g03138	0.0722652098429957	0.746313424712814
384	MinSal-1389-A1-17072018_C004g03142	-0.289596509803791	0.188659820053253
385	MinSal-1389-A1-17072018_C004g03143	0.131294094529001	0.550560721729808
386	MinSal-1389-A1-17072018_C004g03154	-0.0838852903640345	0.711495493925659
387	MinSal-1389-A1-17072018_C004g03161	0.0247388540579118	0.948857486497464
388	MinSal-1389-A1-17072018_C004g03169	-0.408877245613717	0.0682505283385999
389	MinSal-1389-A1-17072018_C004g03175	-0.158974125846146	0.478312859420726
390	MinSal-1389-A1-17072018_C004g03191	-0.364122149772846	0.119101368729385
391	MinSal-1389-A1-17072018_C004g03199	0.25817350402077	0.303542361652079
392	MinSal-1389-A1-17072018_C004g03201	0.389712840306829	0.0883536466448868
393	MinSal-1389-A1-17072018_C004g03204	-0.377811610966735	0.218751168382402
394	MinSal-1389-A1-17072018_C004g03205	-0.0296258865424901	0.905756687483478
395	MinSal-1389-A1-17072018_C004g03208	0.123305888342241	0.594953876601824
396	MinSal-1389-A1-17072018_C004g03212	0.368279939971147	0.282788989064427
397	MinSal-1389-A1-17072018_C004g03216	0.244838559095777	0.259882764098132
398	MinSal-1389-A1-17072018_C004g03238	0.0463241005186871	0.849140698783789
399	MinSal-1389-A1-17072018_C004g03246	-0.344918720221805	0.224527665875261
400	MinSal-1389-A1-17072018_C004g03286	-0.295187791617399	0.17221901542856
401	MinSal-1389-A1-17072018_C004g03298	-0.290945230475615	0.236346308653969
402	MinSal-1389-A1-17072018_C004g03300	-0.177777982522155	0.466063719628603
403	MinSal-1389-A1-17072018_C004g03329	-0.0351768091397219	0.892379899810005
404	MinSal-1389-A1-17072018_C004g03359	-0.205598329666857	0.345554275961596
405	MinSal-1389-A1-17072018_C004g03399	-0.200243892440033	0.495205752035136
406	MinSal-1389-A1-17072018_C004g03404	0.306297180078369	0.368968972975436
407	MinSal-1389-A1-17072018_C004g03412	-0.243921909738715	0.288579927771577
408	MinSal-1389-A1-17072018_C004g03428	-0.471797552154089	0.0786131616535459
409	MinSal-1389-A1-17072018_C004g03446	-0.213608497335687	0.351685450660398
410	MinSal-1389-A1-17072018_C004g03451	0.4190103373527	0.0588243137955179
411	MinSal-1389-A1-17072018_C004g03461	0.209551645784862	0.364245897202371
412	MinSal-1389-A1-17072018_C004g03464	-0.626549087210303	0.0606273945193611
413	MinSal-1389-A1-17072018_C004g03465	0.122062489704272	0.597983817745931
414	MinSal-1389-A1-17072018_C004g03487	0.126079692910368	0.588574248834581
415	MinSal-1389-A1-17072018_C005g03514	-0.0444181794585871	0.842736496351557
416	MinSal-1389-A1-17072018_C005g03531	-0.282800682487452	0.198789577014544
417	MinSal-1389-A1-17072018_C005g03534	0.423357382890902	0.111313802051763
418	MinSal-1389-A1-17072018_C005g03543	0.182632540373592	0.411016014870259
419	MinSal-1389-A1-17072018_C005g03561	0.103047576173998	0.637968406392995
420	MinSal-1389-A1-17072018_C005g03581	-0.0664219820480146	0.786135967998705
421	MinSal-1389-A1-17072018_C005g03583	-0.342166712281134	0.135402864016028
422	MinSal-1389-A1-17072018_C005g03592	-0.0110863613759951	0.964480910184461
423	MinSal-1389-A1-17072018_C005g03622	0.298957652236791	0.256553499272499
424	MinSal-1389-A1-17072018_C005g03629	0.374633144543163	0.164917507268713
425	MinSal-1389-A1-17072018_C005g03646	0.0245003022461347	0.917935235042683
426	MinSal-1389-A1-17072018_C005g03662	0.54294252369028	0.0745385189725916
427	MinSal-1389-A1-17072018_C005g03664	0.446463633462717	0.0609571284631396
428	MinSal-1389-A1-17072018_C005g03677	-0.198914296550395	0.379745972283263
429	MinSal-1389-A1-17072018_C005g03678	0.227205670524324	0.273200580410025
430	MinSal-1389-A1-17072018_C005g03681	-0.149587312084827	0.728084850724344
431	MinSal-1389-A1-17072018_C005g03685	-0.399259775216276	0.0628129972403233
432	MinSal-1389-A1-17072018_C005g03691	-0.156238861966293	0.521163528674465
433	MinSal-1389-A1-17072018_C005g03694	-0.0683561393168227	0.775143765988545
434	MinSal-1389-A1-17072018_C005g03714	0.343412368542492	0.129200231112215
435	MinSal-1389-A1-17072018_C005g03719	-0.02067702353015	0.930259985546847
436	MinSal-1389-A1-17072018_C005g03726	-0.414070744004567	0.0775887499631806
437	MinSal-1389-A1-17072018_C005g03739	0.341039382661311	0.381978202731832
438	MinSal-1389-A1-17072018_C005g03748	0.142613121558555	0.630928439745892
439	MinSal-1389-A1-17072018_C005g03752	-0.439495261396145	0.153812762783165
440	MinSal-1389-A1-17072018_C005g03754	-0.252255768121505	0.26603916462105
441	MinSal-1389-A1-17072018_C005g03761	-0.175435673688614	0.420496536334979
442	MinSal-1389-A1-17072018_C005g03783	0.00104188799871763	0.996847736370985
443	MinSal-1389-A1-17072018_C005g03788	-0.298495017937302	0.175909948745666
444	MinSal-1389-A1-17072018_C005g03812	-0.00511107281955111	0.983626707035012
445	MinSal-1389-A1-17072018_C005g03820	0.129881366691675	0.661820382519301
446	MinSal-1389-A1-17072018_C005g03828	-0.306241326134161	0.172256114740095
447	MinSal-1389-A1-17072018_C005g03832	0.0734964875986901	0.737094079222965
448	MinSal-1389-A1-17072018_C005g03836	0.185048799598255	0.455164262947016
449	MinSal-1389-A1-17072018_C005g03839	0.326857484514376	0.30313921602
450	MinSal-1389-A1-17072018_C005g03865	0.0825441352388284	0.722395869972682
451	MinSal-1389-A1-17072018_C005g03867	-0.0114192830114991	0.963007136321476
452	MinSal-1389-A1-17072018_C005g03875	0.222475667427228	0.30313921602
453	MinSal-1389-A1-17072018_C005g03886	-0.38342544339584	0.0806733098426144
454	MinSal-1389-A1-17072018_C005g03890	-0.255907225622347	0.454938389366144
455	MinSal-1389-A1-17072018_C005g03899	0.0757972094733114	0.749613862698595
456	MinSal-1389-A1-17072018_C005g03900	-0.822771551366857	0.0804328475764445
457	MinSal-1389-A1-17072018_C005g03906	-0.250976761220922	0.304218897243787
458	MinSal-1389-A1-17072018_C005g03908	0.402542943140722	0.139324138626321
459	MinSal-1389-A1-17072018_C005g03909	-0.0153835349736818	0.944488547000192
460	MinSal-1389-A1-17072018_C005g03917	-0.285004937855557	0.189957477708281
461	MinSal-1389-A1-17072018_C005g03926	-0.303077666665819	0.196698587370142
462	MinSal-1389-A1-17072018_C005g03927	0.122546745635564	0.655028915231315
463	MinSal-1389-A1-17072018_C005g03929	0.212747413663373	0.499397878601765
464	MinSal-1389-A1-17072018_C005g03932	-0.388664603666935	0.0657844969931243
465	MinSal-1389-A1-17072018_C005g03936	-0.230272649042551	0.31535175339011
466	MinSal-1389-A1-17072018_C005g03938	-0.0286747176504407	0.903933413073499
467	MinSal-1389-A1-17072018_C005g03945	0.287188936473136	0.184461437668469
468	MinSal-1389-A1-17072018_C005g03946	0.381210269393534	0.134952999210243
469	MinSal-1389-A1-17072018_C005g03948	0.268524986780906	0.239366433036674
470	MinSal-1389-A1-17072018_C005g03953	0.0958980220066736	0.682759175185884
471	MinSal-1389-A1-17072018_C005g03961	-0.302309134481305	0.192819703585215
472	MinSal-1389-A1-17072018_C005g03973	-0.0344528315113365	0.901679952477593
473	MinSal-1389-A1-17072018_C005g03976	-0.017964336725469	0.948857486497464
474	MinSal-1389-A1-17072018_C005g03995	-0.19514571038707	0.388737157179505
475	MinSal-1389-A1-17072018_C005g03996	-0.138146214746922	0.538822093261875
476	MinSal-1389-A1-17072018_C005g03998	0.290643902453001	0.177442930974906
477	MinSal-1389-A1-17072018_C005g04007	-0.0253693600888132	0.920096580427776
478	MinSal-1389-A1-17072018_C005g04011	0.424224094320398	0.101968907160904
479	MinSal-1389-A1-17072018_C005g04014	0.448282947143224	0.145783691389777
480	MinSal-1389-A1-17072018_C005g04027	-0.16485317141971	0.462044789044561
481	MinSal-1389-A1-17072018_C005g04028	0.191494216174068	0.414995862350178
482	MinSal-1389-A1-17072018_C005g04036	0.0736749284653119	0.788060106438693
483	MinSal-1389-A1-17072018_C005g04043	-0.399411237093302	0.256126166851242
484	MinSal-1389-A1-17072018_C005g04047	-0.0308861859566707	0.895465202747859
485	MinSal-1389-A1-17072018_C005g04049	0.00508324581583093	0.983372507532684
486	MinSal-1389-A1-17072018_C005g04059	-0.390901310498295	0.0724308329671439
487	MinSal-1389-A1-17072018_C005g04084	-0.0180172663894618	0.948857486497464
488	MinSal-1389-A1-17072018_C005g04096	-0.110839632233481	0.610231542781372
489	MinSal-1389-A1-17072018_C005g04097	0.267911377698267	0.418150676609342
490	MinSal-1389-A1-17072018_C005g04119	-0.30974227804763	0.158173676371993
491	MinSal-1389-A1-17072018_C005g04127	-0.291286901554415	0.191933755714352
492	MinSal-1389-A1-17072018_C005g04138	0.324048112294204	0.287781500050072
493	MinSal-1389-A1-17072018_C006g04156	-0.0896080109723455	0.691301215161927
494	MinSal-1389-A1-17072018_C006g04164	0.125022042688392	0.680825530533143
495	MinSal-1389-A1-17072018_C006g04165	-0.257445226602788	0.248865157103426
496	MinSal-1389-A1-17072018_C006g04174	0.28045740615804	0.265752923008721
497	MinSal-1389-A1-17072018_C006g04176	0.393562271692798	0.131391763346312
498	MinSal-1389-A1-17072018_C006g04178	0.615380301783166	0.30961654067421
499	MinSal-1389-A1-17072018_C006g04181	0.433410399159327	0.054973712816109
500	MinSal-1389-A1-17072018_C006g04188	0.00751398248771389	0.981340888701962
501	MinSal-1389-A1-17072018_C006g04201	-0.316267884638062	0.139899372070107
502	MinSal-1389-A1-17072018_C006g04207	-0.0403724463158619	0.868506377202219
503	MinSal-1389-A1-17072018_C006g04212	-0.263249797833743	0.233941347603693
504	MinSal-1389-A1-17072018_C006g04218	0.115842278279447	0.645872954609549
505	MinSal-1389-A1-17072018_C006g04228	0.049625916282039	0.826758702915304
506	MinSal-1389-A1-17072018_C006g04244	0.0704008032830407	0.749015875651391
507	MinSal-1389-A1-17072018_C006g04249	0.273082760760807	0.238852411443585
508	MinSal-1389-A1-17072018_C006g04263	0.27280566488629	0.201813170018481
509	MinSal-1389-A1-17072018_C006g04269	0.137186510881224	0.673851073931629
510	MinSal-1389-A1-17072018_C006g04278	-0.38238014121918	0.106375519628169
511	MinSal-1389-A1-17072018_C006g04279	-0.107662302101431	0.689103524963546
512	MinSal-1389-A1-17072018_C006g04281	0.247483469082126	0.261875221443562
513	MinSal-1389-A1-17072018_C006g04288	-0.709896068177638	0.0777362592731848
514	MinSal-1389-A1-17072018_C006g04292	-0.123378716867162	0.630928439745892
515	MinSal-1389-A1-17072018_C006g04300	-0.282596567608488	0.270240310454377
516	MinSal-1389-A1-17072018_C006g04307	-0.276794214056675	0.188875856440566
517	MinSal-1389-A1-17072018_C006g04310	0.16014202079914	0.478601298065843
518	MinSal-1389-A1-17072018_C006g04312	0.269868549878523	0.464915784703413
519	MinSal-1389-A1-17072018_C006g04317	0.442704639278907	0.0942917946256588
520	MinSal-1389-A1-17072018_C006g04343	0.0392403442469943	0.873212893525684
521	MinSal-1389-A1-17072018_C006g04346	-0.11165700340172	0.612879747536271
522	MinSal-1389-A1-17072018_C006g04368	-0.385136551824196	0.082814235191068
523	MinSal-1389-A1-17072018_C006g04371	-0.347193687394326	0.116936569120052
524	MinSal-1389-A1-17072018_C006g04373	-0.259931198063952	0.219166464631004
525	MinSal-1389-A1-17072018_C006g04383	-0.194056508541004	0.423814029437518
526	MinSal-1389-A1-17072018_C006g04386	0.188242763619957	0.380841274818039
527	MinSal-1389-A1-17072018_C006g04387	-0.238775432014727	0.283620639297536
528	MinSal-1389-A1-17072018_C006g04388	0.453443510228162	0.0642638777666663
529	MinSal-1389-A1-17072018_C006g04390	0.140055467585035	0.56320748644874
530	MinSal-1389-A1-17072018_C006g04405	-0.0637205504226045	0.838225045064311
531	MinSal-1389-A1-17072018_C006g04408	-0.255250591239667	0.592603107389951
532	MinSal-1389-A1-17072018_C006g04409	-0.303933947487482	0.172766575390444
533	MinSal-1389-A1-17072018_C006g04412	-0.413613163120588	0.0582293224951575
534	MinSal-1389-A1-17072018_C006g04414	0.294513907875892	0.216261033785199
535	MinSal-1389-A1-17072018_C006g04423	0.144954773752265	0.629890579427642
536	MinSal-1389-A1-17072018_C006g04429	-0.213822941115527	0.46268063452911
537	MinSal-1389-A1-17072018_C006g04430	0.327484200785403	0.123387949160976
538	MinSal-1389-A1-17072018_C006g04446	-0.0293323548794882	0.910178729515723
539	MinSal-1389-A1-17072018_C006g04458	-0.490035269133102	0.115713461186503
540	MinSal-1389-A1-17072018_C006g04467	0.262871913702697	0.258072917733403
541	MinSal-1389-A1-17072018_C006g04507	-0.114277152707613	0.620637935945894
542	MinSal-1389-A1-17072018_C006g04509	-0.621005312926334	0.293142025664528
543	MinSal-1389-A1-17072018_C006g04510	0.081120173470967	0.822685248338021
544	MinSal-1389-A1-17072018_C006g04515	0.209580329124467	0.458956066862196
545	MinSal-1389-A1-17072018_C006g04520	-0.35813735372199	0.197490885413174
546	MinSal-1389-A1-17072018_C006g04521	0.438581489490715	0.0627170458377151
547	MinSal-1389-A1-17072018_C006g04524	-0.320529269413739	0.132535006980244
548	MinSal-1389-A1-17072018_C006g04553	0.200082706995177	0.360355163025066
549	MinSal-1389-A1-17072018_C006g04559	0.267388421490944	0.448617666562067
550	MinSal-1389-A1-17072018_C006g04567	0.406064181451073	0.174605298165447
551	MinSal-1389-A1-17072018_C006g04580	0.13432461864968	0.683734265102996
552	MinSal-1389-A1-17072018_C006g04589	-0.308866342436959	0.18866374862633
553	MinSal-1389-A1-17072018_C006g04602	0.256445447626066	0.318864902177867
554	MinSal-1389-A1-17072018_C006g04604	0.390496999147894	0.0656565946879687
555	MinSal-1389-A1-17072018_C006g04610	0.275409364215226	0.292949817912693
556	MinSal-1389-A1-17072018_C006g04611	0.117185174591749	0.729603170646731
557	MinSal-1389-A1-17072018_C006g04613	0.0254498109935564	0.933966439848127
558	MinSal-1389-A1-17072018_C006g04633	0.254544703876915	0.234107960131553
559	MinSal-1389-A1-17072018_C006g04634	-0.269681308019904	0.377782805502977
560	MinSal-1389-A1-17072018_C006g04636	-0.381284436727726	0.0915007691793327
561	MinSal-1389-A1-17072018_C006g04640	-0.447098647392705	0.107288646571528
562	MinSal-1389-A1-17072018_C006g04644	-0.377166441441667	0.0894602820768555
563	MinSal-1389-A1-17072018_C006g04650	0.0278944972965367	0.918851637614709
564	MinSal-1389-A1-17072018_C006g04651	0.0447785561278219	0.869084471742894
565	MinSal-1389-A1-17072018_C006g04659	0.366087649342701	0.0838681637055195
566	MinSal-1389-A1-17072018_C006g04668	-0.0284328914817492	0.919606204335164
567	MinSal-1389-A1-17072018_C006g04672	0.387514301363253	0.0713814176287541
568	MinSal-1389-A1-17072018_C006g04677	0.443199655240967	0.0622014047345169
569	MinSal-1389-A1-17072018_C006g04682	0.287994141434939	0.17459828248674
570	MinSal-1389-A1-17072018_C006g04702	-0.329597183131064	0.146675256644886
571	MinSal-1389-A1-17072018_C006g04715	0.557962763807599	0.100866184755903
572	MinSal-1389-A1-17072018_C006g04716	0.212891176473144	0.397865483082372
573	MinSal-1389-A1-17072018_C006g04717	0.206753960470204	0.355099120535794
574	MinSal-1389-A1-17072018_C006g04718	-0.327417654171142	0.140285065174544
575	MinSal-1389-A1-17072018_C006g04719	0.106129566071693	0.6909883592075
576	MinSal-1389-A1-17072018_C006g04725	0.367443981952281	0.0789875311850892
577	MinSal-1389-A1-17072018_C006g04733	0.168796096686953	0.57223167012752
578	MinSal-1389-A1-17072018_C006g04745	-0.558190884024147	0.0612590423399653
579	MinSal-1389-A1-17072018_C008g04764	-0.222139407438246	0.297433656363206
580	MinSal-1389-A1-17072018_C008g04769	0.356235012804986	0.109092616440859
581	MinSal-1389-A1-17072018_C008g04778	-0.282074101803225	0.222052866617987
582	MinSal-1389-A1-17072018_C008g04809	0.159937791356983	0.474109026981745
583	MinSal-1389-A1-17072018_C008g04823	-0.137654261633392	0.682233068063041
584	MinSal-1389-A1-17072018_C008g04835	-0.0463774413511888	0.839877496888102
585	MinSal-1389-A1-17072018_C008g04848	0.214531439361216	0.358154417949718
586	MinSal-1389-A1-17072018_C008g04851	-0.0726515341786737	0.762066522950941
587	MinSal-1389-A1-17072018_C008g04857	0.241873022656332	0.33543739973329
588	MinSal-1389-A1-17072018_C008g04873	-0.511798649818643	0.205430063784905
589	MinSal-1389-A1-17072018_C008g04875	0.0115074346301473	0.963546998153177
590	MinSal-1389-A1-17072018_C008g04890	0.115238950013564	0.626161357205895
591	MinSal-1389-A1-17072018_C008g04891	0.273072720579839	0.509396397615318
592	MinSal-1389-A1-17072018_C008g04892	0.460875214981132	0.0644758068336604
593	MinSal-1389-A1-17072018_C008g04893	-0.585180634280214	0.0788963286158318
594	MinSal-1389-A1-17072018_C008g04895	-0.330659878336262	0.159635967642126
595	MinSal-1389-A1-17072018_C008g04904	-0.28424550790671	0.282951112216098
596	MinSal-1389-A1-17072018_C008g04908	0.471411785298693	0.0608483503255803
597	MinSal-1389-A1-17072018_C008g04912	-0.0283662600639016	0.905756687483478
598	MinSal-1389-A1-17072018_C008g04915	0.0300931503781197	0.894964995458145
599	MinSal-1389-A1-17072018_C008g04917	0.333371357673391	0.141011026489967
600	MinSal-1389-A1-17072018_C008g04918	-0.311811025959885	0.173860776726221
601	MinSal-1389-A1-17072018_C008g04925	0.429200187964977	0.076272032489875
602	MinSal-1389-A1-17072018_C008g04943	0.279355321487024	0.264605317104871
603	MinSal-1389-A1-17072018_C008g04951	0.0970487595902088	0.816827988773593
604	MinSal-1389-A1-17072018_C008g04955	-0.175668866131078	0.442381833883611
605	MinSal-1389-A1-17072018_C008g04964	0.355041392229324	0.335587618335874
606	MinSal-1389-A1-17072018_C008g04983	0.242910036892509	0.2938605311912
607	MinSal-1389-A1-17072018_C008g05004	0.184704071918383	0.386623988766167
608	MinSal-1389-A1-17072018_C008g05028	-0.168643930623013	0.439974967834948
609	MinSal-1389-A1-17072018_C008g05031	-0.235717327152266	0.377534426431222
610	MinSal-1389-A1-17072018_C008g05032	0.190356152583978	0.38425963181279
611	MinSal-1389-A1-17072018_C008g05037	0.274139779062513	0.219858055873205
612	MinSal-1389-A1-17072018_C008g05056	-0.0137291906726612	0.958923768176262
613	MinSal-1389-A1-17072018_C008g05071	-0.465474732325742	0.0781879245687555
614	MinSal-1389-A1-17072018_C008g05074	0.166768719095985	0.462347270570945
615	MinSal-1389-A1-17072018_C008g05103	-0.0438418362669973	0.859771542678458
616	MinSal-1389-A1-17072018_C008g05113	0.234175440390233	0.339626997864552
617	MinSal-1389-A1-17072018_C008g05118	-0.316903287556405	0.371666472489184
618	MinSal-1389-A1-17072018_C008g05119	0.00499160446175963	0.984285052876768
619	MinSal-1389-A1-17072018_C008g05120	-0.102588667189959	0.672418319490948
620	MinSal-1389-A1-17072018_C008g05132	0.0405072824727247	0.878697795257659
621	MinSal-1389-A1-17072018_C008g05157	-0.398294765763969	0.105657371607187
622	MinSal-1389-A1-17072018_C008g05162	-0.0862080632664306	0.831790302765447
623	MinSal-1389-A1-17072018_C008g05178	-0.249560996441865	0.545219705119593
624	MinSal-1389-A1-17072018_C008g05182	0.430294443052504	0.0560162760973767
625	MinSal-1389-A1-17072018_C008g05196	-0.0216927506646163	0.931992872590759
626	MinSal-1389-A1-17072018_C008g05212	-0.0856487824347909	0.706023025252014
627	MinSal-1389-A1-17072018_C008g05273	0.374178239056979	0.100859510489458
628	MinSal-1389-A1-17072018_C008g05276	-0.0589652320696744	0.826814912758365
629	MinSal-1389-A1-17072018_C008g05289	-0.298565961413114	0.171389620232184
630	MinSal-1389-A1-17072018_C008g05309	0.406348050076746	0.0718594587609588
631	MinSal-1389-A1-17072018_C009g05867	-0.167248111845493	0.474198239657046
632	MinSal-1389-A1-17072018_C009g05881	0.289402377215188	0.181285083046797
633	MinSal-1389-A1-17072018_C009g05882	0.0255453465709663	0.919606204335164
634	MinSal-1389-A1-17072018_C009g05883	0.283271934003446	0.202598127445805
635	MinSal-1389-A1-17072018_C009g05887	0.022099146330738	0.933217957368278
636	MinSal-1389-A1-17072018_C009g05899	0.181161378241901	0.42126876244127
637	MinSal-1389-A1-17072018_C009g05901	0.380784042943005	0.155811665213092
638	MinSal-1389-A1-17072018_C009g05914	0.174597212452293	0.414971431168745
639	MinSal-1389-A1-17072018_C009g05919	-0.132871757417311	0.580078007750236
640	MinSal-1389-A1-17072018_C009g05922	0.0337575363167994	0.875855278784175
641	MinSal-1389-A1-17072018_C009g05924	0.0670683597249835	0.767000052753652
642	MinSal-1389-A1-17072018_C009g05926	-0.191329585194231	0.507000782599629
643	MinSal-1389-A1-17072018_C009g05929	-0.0733668235738525	0.781445653896076
644	MinSal-1389-A1-17072018_C009g05933	-0.213879760563913	0.323698540117373
645	MinSal-1389-A1-17072018_C009g05937	0.226160006362583	0.454276733431712
646	MinSal-1389-A1-17072018_C009g05939	-0.0328568923138208	0.891406474048684
647	MinSal-1389-A1-17072018_C009g05955	0.295012449869539	0.205430063784905
648	MinSal-1389-A1-17072018_C009g05957	0.213460534735693	0.346809831674675
649	MinSal-1389-A1-17072018_C009g05959	0.246399159527317	0.272805032942059
650	MinSal-1389-A1-17072018_C009g05975	-0.0315794241780318	0.898409289819336
651	MinSal-1389-A1-17072018_C009g05979	-0.208727922818082	0.42551421453596
652	MinSal-1389-A1-17072018_C009g05986	-0.30203774423876	0.159267074237567
653	MinSal-1389-A1-17072018_C009g05997	-0.243467513200084	0.472085017327313
654	MinSal-1389-A1-17072018_C009g06019	0.332157013799975	0.131810726852209
655	MinSal-1389-A1-17072018_C009g06030	-0.0942896588671463	0.724383978529709
656	MinSal-1389-A1-17072018_C009g06032	0.530857476982704	0.148635558645781
657	MinSal-1389-A1-17072018_C009g06037	0.130638313706629	0.553901316648583
658	MinSal-1389-A1-17072018_C009g06053	-0.44212567666632	0.214564176996009
659	MinSal-1389-A1-17072018_C009g06059	0.0690175001986489	0.774505888693886
660	MinSal-1389-A1-17072018_C009g06061	0.203732457352509	0.442343392981981
661	MinSal-1389-A1-17072018_C009g06062	1.05274491803647	0.0635889851574624
662	MinSal-1389-A1-17072018_C009g06063	-0.276665038637761	0.485376504835562
663	MinSal-1389-A1-17072018_C009g06073	-0.385282889661203	0.081618588411007
664	MinSal-1389-A1-17072018_C009g06074	-0.0210563926153976	0.960322098723871
665	MinSal-1389-A1-17072018_C009g06075	0.441958731383145	0.0983440851307991
666	MinSal-1389-A1-17072018_C009g06080	0.10700092603246	0.681194547674881
667	MinSal-1389-A1-17072018_C009g06087	0.400109080090847	0.119249095794528
668	MinSal-1389-A1-17072018_C009g06119	0.0163395034770674	0.948857486497464
669	MinSal-1389-A1-17072018_C009g06129	-0.0370446125890391	0.869294011681494
670	MinSal-1389-A1-17072018_C009g06130	0.226026788445606	0.316494493652925
671	MinSal-1389-A1-17072018_C009g06131	-0.328225022458111	0.249747689544251
672	MinSal-1389-A1-17072018_C009g06135	0.0114687004606152	0.964898811298393
673	MinSal-1389-A1-17072018_C009g06136	0.00331622546602117	0.990662989037191
674	MinSal-1389-A1-17072018_C009g06156	-0.0514582851176474	0.831029116084088
675	MinSal-1389-A1-17072018_C009g06161	-0.19769205420877	0.36768534335406
676	MinSal-1389-A1-17072018_C009g06162	0.257559120584667	0.287781500050072
677	MinSal-1389-A1-17072018_C009g06167	0.129556462624059	0.569214265349963
678	MinSal-1389-A1-17072018_C009g06169	-0.00244006281823728	0.991114434605882
679	MinSal-1389-A1-17072018_C009g06170	0.45355644504285	0.0546186663561911
680	MinSal-1389-A1-17072018_C009g06174	0.37484370428968	0.0821640587940033
681	MinSal-1389-A1-17072018_C009g06189	-0.030660459562503	0.89331502866426
682	MinSal-1389-A1-17072018_C009g06216	0.260252210864133	0.247727336196287
683	MinSal-1389-A1-17072018_C009g06232	0.302831473015875	0.144949419958682
684	MinSal-1389-A1-17072018_C009g06235	0.103086657585948	0.646565164494457
685	MinSal-1389-A1-17072018_C009g06239	0.349949082706123	0.387985739919286
686	MinSal-1389-A1-17072018_C009g06243	0.107080541411504	0.638778030409599
687	MinSal-1389-A1-17072018_C009g06264	-0.214620061079255	0.347785980433353
688	MinSal-1389-A1-17072018_C009g06270	0.200146834589918	0.389477972395197
689	MinSal-1389-A1-17072018_C009g06273	0.0119483218841534	0.967218136613504
690	MinSal-1389-A1-17072018_C009g06275	-0.420342448997507	0.0921603253815031
691	MinSal-1389-A1-17072018_C009g06277	0.0435442000858451	0.863323341842363
692	MinSal-1389-A1-17072018_C009g06289	-0.262361664103188	0.328897581096757
693	MinSal-1389-A1-17072018_C009g06292	0.32779968252914	0.145996538253082
694	MinSal-1389-A1-17072018_C009g06296	0.0297831132733257	0.908798419989465
695	MinSal-1389-A1-17072018_C009g06308	-0.23875589296724	0.347730971243886
696	MinSal-1389-A1-17072018_C009g06312	-0.00187587231272812	0.992986063538345
697	MinSal-1389-A1-17072018_C009g06323	-0.409542791295685	0.0983491171225483
698	MinSal-1389-A1-17072018_C009g06327	0.151576180484364	0.506180212205506
699	MinSal-1389-A1-17072018_C009g06328	-0.00346192806958272	0.987834739160897
700	MinSal-1389-A1-17072018_C009g06351	-0.21487308759103	0.369715877252329
701	MinSal-1389-A1-17072018_C009g06352	-0.231354999516734	0.295108595816748
702	MinSal-1389-A1-17072018_C009g06355	0.153359109395465	0.64402948139584
703	MinSal-1389-A1-17072018_C009g06369	0.377837435721852	0.0713669586372895
704	MinSal-1389-A1-17072018_C009g06370	0.390738819568393	0.0626235343263382
705	MinSal-1389-A1-17072018_C009g06376	-0.152617498509098	0.629272395547221
706	MinSal-1389-A1-17072018_C009g06387	-0.219424317592376	0.313051376637443
707	MinSal-1389-A1-17072018_C009g06388	-0.125627567494746	0.635273693773216
708	MinSal-1389-A1-17072018_C009g06399	0.158426609901394	0.515291475649453
709	MinSal-1389-A1-17072018_C010g05358	-0.254195448225304	0.629276283700953
710	MinSal-1389-A1-17072018_C010g05369	0.0373795606678089	0.874624269913895
711	MinSal-1389-A1-17072018_C010g05376	-0.371926275582747	0.161132649352138
712	MinSal-1389-A1-17072018_C010g05379	0.126992177607423	0.572694356684339
713	MinSal-1389-A1-17072018_C010g05381	-0.25038336648578	0.356765290327487
714	MinSal-1389-A1-17072018_C010g05408	-0.15547948399402	0.583516363822217
715	MinSal-1389-A1-17072018_C010g05412	-0.332622544519635	0.141252659154185
716	MinSal-1389-A1-17072018_C010g05413	-0.0789640007587916	0.722384711804561
717	MinSal-1389-A1-17072018_C010g05415	0.222633697561078	0.397865483082372
718	MinSal-1389-A1-17072018_C010g05424	-0.299521172783965	0.173236642410936
719	MinSal-1389-A1-17072018_C010g05428	-0.447944574723898	0.10385699600572
720	MinSal-1389-A1-17072018_C010g05431	0.0625548236759528	0.79114082969001
721	MinSal-1389-A1-17072018_C010g05440	0.182029275823143	0.463127457255999
722	MinSal-1389-A1-17072018_C010g05450	0.197886459266859	0.361253004928588
723	MinSal-1389-A1-17072018_C010g05459	-0.137427372647621	0.563643525284811
724	MinSal-1389-A1-17072018_C010g05470	-0.231973459321829	0.306509867351647
725	MinSal-1389-A1-17072018_C010g05472	-0.120639357776869	0.591777741329899
726	MinSal-1389-A1-17072018_C010g05479	0.038304974480144	0.879589387557792
727	MinSal-1389-A1-17072018_C010g05486	0.324946522951631	0.183271817917207
728	MinSal-1389-A1-17072018_C010g05502	-0.035684015365756	0.872526653573825
729	MinSal-1389-A1-17072018_C010g05512	0.353432098393869	0.137625009681597
730	MinSal-1389-A1-17072018_C010g05519	-0.209468714512452	0.426381352921346
731	MinSal-1389-A1-17072018_C010g05525	-0.0948255317007793	0.668947822496514
732	MinSal-1389-A1-17072018_C010g05528	-0.151196903693781	0.538776969306596
733	MinSal-1389-A1-17072018_C010g05542	-0.333222705795396	0.138277642506135
734	MinSal-1389-A1-17072018_C010g05548	0.421054262091509	0.21016205091584
735	MinSal-1389-A1-17072018_C010g05558	-0.320733111032439	0.165997938021423
736	MinSal-1389-A1-17072018_C010g05559	0.3984795356099	0.0616610515232617
737	MinSal-1389-A1-17072018_C010g05562	0.250209114727107	0.253463277718014
738	MinSal-1389-A1-17072018_C010g05567	-0.436655520511883	0.0505341184184412
739	MinSal-1389-A1-17072018_C010g05574	-0.209508280589987	0.347679584549716
740	MinSal-1389-A1-17072018_C010g05593	-0.263490154541738	0.2375581003952
741	MinSal-1389-A1-17072018_C010g05597	0.289808426929571	0.231521667885744
742	MinSal-1389-A1-17072018_C010g05605	0.550883250505594	0.0501044273097421
743	MinSal-1389-A1-17072018_C010g05606	-0.557627249784706	0.0795321343075662
744	MinSal-1389-A1-17072018_C010g05614	-0.126866008964668	0.583516363822217
745	MinSal-1389-A1-17072018_C010g05616	-0.379329352080808	0.0849273862060512
746	MinSal-1389-A1-17072018_C010g05627	0.243685346538044	0.268233519011671
747	MinSal-1389-A1-17072018_C010g05634	-0.192356897266025	0.485376504835562
748	MinSal-1389-A1-17072018_C010g05646	0.344703513301913	0.109094550654891
749	MinSal-1389-A1-17072018_C010g05648	0.316214127802635	0.237369539222671
750	MinSal-1389-A1-17072018_C010g05654	0.421691913569741	0.121032859727494
751	MinSal-1389-A1-17072018_C010g05674	-0.395394204390944	0.0891662647594528
752	MinSal-1389-A1-17072018_C010g05675	-0.149589432686659	0.583516363822217
753	MinSal-1389-A1-17072018_C010g05695	0.315921853427733	0.2076094010361
754	MinSal-1389-A1-17072018_C010g05697	-0.280210578266602	0.304246670852703
755	MinSal-1389-A1-17072018_C010g05702	0.172249197626846	0.438249498629626
756	MinSal-1389-A1-17072018_C010g05719	-0.0715879509788103	0.753859425066469
757	MinSal-1389-A1-17072018_C010g05735	0.276956423534533	0.191933755714352
758	MinSal-1389-A1-17072018_C010g05744	0.195993849497576	0.408887604497307
759	MinSal-1389-A1-17072018_C010g05746	-0.215628946676069	0.305848504204893
760	MinSal-1389-A1-17072018_C010g05754	0.298704873492784	0.339903896294511
761	MinSal-1389-A1-17072018_C010g05767	0.084715084436222	0.785869877912871
762	MinSal-1389-A1-17072018_C010g05771	0.120040819529661	0.657268560496702
763	MinSal-1389-A1-17072018_C010g05772	-0.113119593905292	0.739033687505949
764	MinSal-1389-A1-17072018_C010g05785	-0.258308200873871	0.236136556344857
765	MinSal-1389-A1-17072018_C010g05822	0.176531479127129	0.471276164230832
766	MinSal-1389-A1-17072018_C010g05833	-0.231454420147264	0.276882385320062
767	MinSal-1389-A1-17072018_C010g05840	0.408554793720285	0.0572464384460193
768	MinSal-1389-A1-17072018_C011g06423	0.268735908519013	0.226390822225902
769	MinSal-1389-A1-17072018_C011g06436	-0.158650790326485	0.552830808667068
770	MinSal-1389-A1-17072018_C011g06438	-0.231522347867232	0.311076101816891
771	MinSal-1389-A1-17072018_C011g06443	0.283387873962827	0.215404377668441
772	MinSal-1389-A1-17072018_C011g06449	-0.0206130025743068	0.932790495550715
773	MinSal-1389-A1-17072018_C011g06450	0.0559072968103144	0.83139024237949
774	MinSal-1389-A1-17072018_C011g06454	-0.145073539767358	0.571073342016996
775	MinSal-1389-A1-17072018_C011g06473	-0.269409511752967	0.212611336447266
776	MinSal-1389-A1-17072018_C011g06478	0.0304576236574237	0.916709661554541
777	MinSal-1389-A1-17072018_C011g06480	0.111518448902702	0.616570921635474
778	MinSal-1389-A1-17072018_C011g06486	0.136684927140182	0.555127286107722
779	MinSal-1389-A1-17072018_C011g06510	0.369600335182232	0.138314299083635
780	MinSal-1389-A1-17072018_C011g06513	-0.163989843460046	0.456131031377088
781	MinSal-1389-A1-17072018_C011g06521	0.291023415924754	0.196758740583311
782	MinSal-1389-A1-17072018_C011g06542	0.0841620180498609	0.835559177911814
783	MinSal-1389-A1-17072018_C011g06543	-0.184746175888173	0.409086758425122
784	MinSal-1389-A1-17072018_C011g06548	0.00358025449296135	0.988302409927555
785	MinSal-1389-A1-17072018_C011g06565	0.101441241582506	0.67047845274232
786	MinSal-1389-A1-17072018_C011g06577	0.0308633135207103	0.897457173430315
787	MinSal-1389-A1-17072018_C011g06582	0.419668993141514	0.054973712816109
788	MinSal-1389-A1-17072018_C011g06587	0.232503596301081	0.335587618335874
789	MinSal-1389-A1-17072018_C011g06590	0.278707534798833	0.276882385320062
790	MinSal-1389-A1-17072018_C011g06593	0.271699870475469	0.274603409814793
791	MinSal-1389-A1-17072018_C011g06611	0.165250770862283	0.455595553367836
792	MinSal-1389-A1-17072018_C011g06612	0.290986919956763	0.305101256030375
793	MinSal-1389-A1-17072018_C011g06615	-0.929779620684312	0.0626267657915966
794	MinSal-1389-A1-17072018_C011g06634	-0.160834672923785	0.506180212205506
795	MinSal-1389-A1-17072018_C011g06640	0.392563036114177	0.0996122576993504
796	MinSal-1389-A1-17072018_C011g06652	-0.430054066808827	0.0543341644558296
797	MinSal-1389-A1-17072018_C011g06656	-0.15961731839382	0.482381611075543
798	MinSal-1389-A1-17072018_C011g06659	-0.0502195391384437	0.842634048265505
799	MinSal-1389-A1-17072018_C011g06669	1.04903914129066	0.0534886216655249
800	MinSal-1389-A1-17072018_C011g06671	-0.519664588305819	0.0771759710709929
801	MinSal-1389-A1-17072018_C011g06678	0.19886280626485	0.424409407624517
802	MinSal-1389-A1-17072018_C011g06686	-0.0782692878909048	0.725078039057002
803	MinSal-1389-A1-17072018_C011g06690	0.271076596311866	0.286383726372407
804	MinSal-1389-A1-17072018_C011g06711	-0.248685530688799	0.226868679954982
805	MinSal-1389-A1-17072018_C011g06730	-0.230771343599468	0.389477972395197
806	MinSal-1389-A1-17072018_C011g06741	-0.281358325893561	0.185355072019249
807	MinSal-1389-A1-17072018_C011g06755	-0.0703233607967356	0.798513584681274
808	MinSal-1389-A1-17072018_C011g06761	0.170106598802854	0.453154666623188
809	MinSal-1389-A1-17072018_C011g06763	0.496702241443439	0.0588243137955179
810	MinSal-1389-A1-17072018_C011g06775	0.0846842438924304	0.718016264907217
811	MinSal-1389-A1-17072018_C011g06782	0.132055588834304	0.57223167012752
812	MinSal-1389-A1-17072018_C011g06803	-0.618054380241293	0.0543527828120768
813	MinSal-1389-A1-17072018_C011g06808	-0.0994363093286302	0.670994425428295
814	MinSal-1389-A1-17072018_C011g06818	0.232836390714185	0.375994187888741
815	MinSal-1389-A1-17072018_C011g06833	0.28399816563031	0.23503654070952
816	MinSal-1389-A1-17072018_C011g06838	-0.157825188148207	0.554745814634861
817	MinSal-1389-A1-17072018_C011g06860	0.217544886066048	0.321159579262198
818	MinSal-1389-A1-17072018_C011g06861	0.343418121779539	0.102385282346056
819	MinSal-1389-A1-17072018_C011g06866	0.0896790705770398	0.675089404422617
820	MinSal-1389-A1-17072018_C011g06869	0.141818136704969	0.545170846867388
821	MinSal-1389-A1-17072018_C011g06873	-0.18280100740544	0.444593813674969
822	MinSal-1389-A1-17072018_C011g06905	0.0498472625992958	0.843540200848442
823	MinSal-1389-A1-17072018_C011g06909	-0.0574841863288528	0.810719864794709
824	MinSal-1389-A1-17072018_C011g06912	-0.38427476380055	0.109962281317036
825	MinSal-1389-A1-17072018_C011g06916	-0.307868257947883	0.271006113410324
826	MinSal-1389-A1-17072018_C012g07265	-0.0162902918722964	0.949016857952801
827	MinSal-1389-A1-17072018_C012g07267	0.341095898186164	0.145067478170321
828	MinSal-1389-A1-17072018_C012g07268	0.275313126660733	0.205052308871599
829	MinSal-1389-A1-17072018_C012g07278	-0.247850210708962	0.236346308653969
830	MinSal-1389-A1-17072018_C012g07310	-0.0213950718859181	0.926606898750041
831	MinSal-1389-A1-17072018_C012g07312	0.444624162654116	0.206706752605649
832	MinSal-1389-A1-17072018_C012g07328	0.495490659417666	0.0503379840589511
833	MinSal-1389-A1-17072018_C012g07333	-0.17329481570971	0.508293773210242
834	MinSal-1389-A1-17072018_C012g07336	-0.278701498721246	0.225001189266737
835	MinSal-1389-A1-17072018_C012g07339	0.163529500592881	0.487530755013637
836	MinSal-1389-A1-17072018_C012g07346	-0.342303495408006	0.130458404421319
837	MinSal-1389-A1-17072018_C012g07356	-0.560912276296489	0.190204530753155
838	MinSal-1389-A1-17072018_C012g07359	0.0115223950799744	0.961647912318226
839	MinSal-1389-A1-17072018_C012g07390	0.387337250499234	0.201930812334765
840	MinSal-1389-A1-17072018_C012g07394	0.0544378504205595	0.806132164565932
841	MinSal-1389-A1-17072018_C012g07404	-0.198210490069388	0.355099120535794
842	MinSal-1389-A1-17072018_C012g07412	0.354370020127064	0.12795853920634
843	MinSal-1389-A1-17072018_C012g07418	0.290914838790384	0.247002253178992
844	MinSal-1389-A1-17072018_C012g07432	0.324776562315805	0.18209887548276
845	MinSal-1389-A1-17072018_C012g07449	0.710015674046858	0.0694868014825192
846	MinSal-1389-A1-17072018_C012g07450	-0.542662177137312	0.0957604741195934
847	MinSal-1389-A1-17072018_C012g07457	-0.363506523009891	0.103826337156767
848	MinSal-1389-A1-17072018_C012g07461	0.0934927137808965	0.725241326036336
849	MinSal-1389-A1-17072018_C012g07482	-0.0700739312165842	0.801001497756475
850	MinSal-1389-A1-17072018_C012g07496	-0.38278836290368	0.0894602820768555
851	MinSal-1389-A1-17072018_C012g07509	-0.117962165473467	0.592400638777334
852	MinSal-1389-A1-17072018_C012g07549	-0.368999232334277	0.0810765650451844
853	MinSal-1389-A1-17072018_C012g07557	0.100060046021173	0.778137658857028
854	MinSal-1389-A1-17072018_C012g07559	-0.10623384851584	0.644832244911094
855	MinSal-1389-A1-17072018_C012g07572	-0.411333613401292	0.060082361683622
856	MinSal-1389-A1-17072018_C012g07581	-0.389183891618337	0.103928306230247
857	MinSal-1389-A1-17072018_C012g07591	0.130131410587806	0.561807270961344
858	MinSal-1389-A1-17072018_C012g07596	-0.175343067118996	0.449401986006374
859	MinSal-1389-A1-17072018_C012g07597	0.0501237208819018	0.832511107289585
860	MinSal-1389-A1-17072018_C012g07606	0.189192775171726	0.619668548019267
861	MinSal-1389-A1-17072018_C012g07639	0.127148962954663	0.62564263515075
862	MinSal-1389-A1-17072018_C013g08342	-0.430595994186184	0.096467472093311
863	MinSal-1389-A1-17072018_C013g08345	-0.022465529269127	0.921999766841315
864	MinSal-1389-A1-17072018_C013g08356	0.353010355192099	0.0871661610750502
865	MinSal-1389-A1-17072018_C013g08360	-0.0540122271732298	0.826856276487711
866	MinSal-1389-A1-17072018_C013g08366	-0.391233682893061	0.0708919745108129
867	MinSal-1389-A1-17072018_C013g08377	0.139511610989138	0.584593994852278
868	MinSal-1389-A1-17072018_C013g08390	-0.474476829647279	0.0844825118638906
869	MinSal-1389-A1-17072018_C013g08408	-0.226337728932579	0.335834417544793
870	MinSal-1389-A1-17072018_C013g08435	-0.115188143523514	0.613380465606707
871	MinSal-1389-A1-17072018_C013g08436	-0.343564684041548	0.113162352618539
872	MinSal-1389-A1-17072018_C013g08438	0.919635068874925	0.0724178544338132
873	MinSal-1389-A1-17072018_C013g08485	0.346488023115106	0.102162234512325
874	MinSal-1389-A1-17072018_C013g08491	0.203708366106967	0.375446045651904
875	MinSal-1389-A1-17072018_C013g08493	-0.357304379873597	0.0939093909207062
876	MinSal-1389-A1-17072018_C013g08503	0.0190867837326372	0.933800190181773
877	MinSal-1389-A1-17072018_C013g08504	-0.140707004005608	0.582878688410866
878	MinSal-1389-A1-17072018_C013g08508	0.493457818333332	0.0690557971587916
879	MinSal-1389-A1-17072018_C013g08542	-0.472053607397139	0.075313703580441
880	MinSal-1389-A1-17072018_C013g08545	-0.106070966083239	0.636222401200354
881	MinSal-1389-A1-17072018_C013g08554	0.0810451238785388	0.718355087812018
882	MinSal-1389-A1-17072018_C013g08555	0.123940156214814	0.609099339975222
883	MinSal-1389-A1-17072018_C013g08556	-0.364365459880105	0.108260342237532
884	MinSal-1389-A1-17072018_C013g08568	-0.42273069920537	0.258029371757891
885	MinSal-1389-A1-17072018_C013g08574	-0.0263137135561858	0.909917825054571
886	MinSal-1389-A1-17072018_C013g08583	-0.507023276234625	0.094555808101219
887	MinSal-1389-A1-17072018_C013g08586	-0.113575175114298	0.611068837074526
888	MinSal-1389-A1-17072018_C013g08601	-0.405652324845937	0.0588830490063994
889	MinSal-1389-A1-17072018_C013g08607	-0.103103448961517	0.662203422469025
890	MinSal-1389-A1-17072018_C013g08609	-0.503010616893261	0.0574982832162328
891	MinSal-1389-A1-17072018_C013g08610	0.438558381453461	0.0657844969931243
892	MinSal-1389-A1-17072018_C013g08613	-0.0533177206767134	0.810725946914409
893	MinSal-1389-A1-17072018_C013g08614	0.0719634067261477	0.768950005221821
894	MinSal-1389-A1-17072018_C013g08641	0.153003777730054	0.485323983245972
895	MinSal-1389-A1-17072018_C013g08647	0.0453131348158397	0.858974972804546
896	MinSal-1389-A1-17072018_C013g08662	-0.359741380566866	0.187524429094877
897	MinSal-1389-A1-17072018_C013g08664	0.268029176497821	0.218253539454572
898	MinSal-1389-A1-17072018_C013g08672	0.0481334503679217	0.845176338069897
899	MinSal-1389-A1-17072018_C013g08674	-0.233169308684949	0.277238022631896
900	MinSal-1389-A1-17072018_C013g08677	0.0397868302487351	0.872792351540377
901	MinSal-1389-A1-17072018_C014g06925	0.270743829647808	0.2299342130238
902	MinSal-1389-A1-17072018_C014g06940	0.303121536863645	0.193346858700742
903	MinSal-1389-A1-17072018_C014g06941	0.1320318624601	0.553961675440893
904	MinSal-1389-A1-17072018_C014g06943	-0.144869281795873	0.657008521185653
905	MinSal-1389-A1-17072018_C014g06961	-0.0475911213211902	0.850655807632225
906	MinSal-1389-A1-17072018_C014g06963	-0.319157142500826	0.195143011529233
907	MinSal-1389-A1-17072018_C014g06966	-0.372793591759036	0.114453912896997
908	MinSal-1389-A1-17072018_C014g06975	0.297826738169817	0.194253855885285
909	MinSal-1389-A1-17072018_C014g06984	0.222134415898716	0.455465120824608
910	MinSal-1389-A1-17072018_C014g06996	-0.185575317852613	0.531885586755649
911	MinSal-1389-A1-17072018_C014g06997	0.154198193196078	0.557261936133703
912	MinSal-1389-A1-17072018_C014g07016	0.200579605469249	0.365780303720872
913	MinSal-1389-A1-17072018_C014g07020	-0.4223677960883	0.0762272619568435
914	MinSal-1389-A1-17072018_C014g07030	-0.32475326994946	0.200453578842819
915	MinSal-1389-A1-17072018_C014g07040	0.424446248738071	0.154956576168777
916	MinSal-1389-A1-17072018_C014g07042	0.165777546411339	0.474021844269584
917	MinSal-1389-A1-17072018_C014g07043	0.324314119420612	0.474147190158998
918	MinSal-1389-A1-17072018_C014g07052	0.100990910411058	0.773744974991887
919	MinSal-1389-A1-17072018_C014g07105	-0.0427646782048162	0.851412720309459
920	MinSal-1389-A1-17072018_C014g07116	-0.0881176169015153	0.763034015840598
921	MinSal-1389-A1-17072018_C014g07120	0.00834619017522967	0.973078368733427
922	MinSal-1389-A1-17072018_C014g07121	-0.407277708522557	0.107405361007953
923	MinSal-1389-A1-17072018_C014g07122	-0.343227370606972	0.113162352618539
924	MinSal-1389-A1-17072018_C014g07146	0.162807050374854	0.562197184018583
925	MinSal-1389-A1-17072018_C014g07156	0.173256447936518	0.423994828349843
926	MinSal-1389-A1-17072018_C014g07166	-0.35738838978221	0.101940491849713
927	MinSal-1389-A1-17072018_C014g07173	0.184857034647588	0.375920408736772
928	MinSal-1389-A1-17072018_C014g07174	0.246853535627406	0.252102467399205
929	MinSal-1389-A1-17072018_C014g07179	-0.319812785188233	0.14939878098232
930	MinSal-1389-A1-17072018_C014g07188	0.337642766650073	0.236346308653969
931	MinSal-1389-A1-17072018_C014g07207	0.0473782359234036	0.839877496888102
932	MinSal-1389-A1-17072018_C014g07223	-0.134895933395412	0.56003813412208
933	MinSal-1389-A1-17072018_C014g07233	0.195392869630097	0.451713582247024
934	MinSal-1389-A1-17072018_C014g07234	-0.558346990976887	0.0515367924454211
935	MinSal-1389-A1-17072018_C014g07235	-0.128261795853557	0.585013066043837
936	MinSal-1389-A1-17072018_C015g08729	0.0841958585265021	0.713139025578482
937	MinSal-1389-A1-17072018_C015g08732	0.0745798395451644	0.75204240779494
938	MinSal-1389-A1-17072018_C015g08741	0.391098176340095	0.0728803887396661
939	MinSal-1389-A1-17072018_C015g08744	-0.26838275280822	0.400590456102267
940	MinSal-1389-A1-17072018_C015g08747	-0.135048323236276	0.669218637535142
941	MinSal-1389-A1-17072018_C015g08778	-0.146248229462357	0.555181027464813
942	MinSal-1389-A1-17072018_C015g08787	-0.5603616747093	0.224649355858556
943	MinSal-1389-A1-17072018_C016g07689	-0.324381980286632	0.125519025073285
944	MinSal-1389-A1-17072018_C016g07701	0.0761442992007506	0.798727118243891
