MvSl-1064-A1-R4_A1g00014	52.44	61.33	MvSl-1064-A2-R4_A2g00014	52.44	61.33	27672	29826	3.986166643	-1.647743756	1.647743756	4.11E-07	1.40E-05	2.493258973	3.300788254	4.693735746	4.474975314	bPAR	bPAR	0	0	Down
MvSl-1064-A1-R4_A1g00015	53.59	57.65	MvSl-1064-A2-R4_A2g00015	53.59	57.65	31145	31816	4.728011616	-2.421298156	2.421298156	1.59E-15	1.42E-13	2.609544687	3.426239624	5.587874592	5.369976294	bPAR	bPAR	0	0	Down
MvSl-1064-A1-R4_A1g00016	57.74	57.14	MvSl-1064-A2-R4_A2g00016	57.74	57.14	31867	32715	1.823444182	-2.671972801	2.671972801	1.24E-09	5.82E-08	-0.483640272	0.457320064	2.683885317	2.5530178	bPAR	bPAR	0	0	Down
MvSl-1064-A1-R4_A1g00029	50.29	57.89	MvSl-1064-A2-R4_A2g00029	50.29	57.89	59218	59891	6.297648826	4.988993955	4.988993955	1.54E-87	1.88E-84	7.418271616	7.059641211	2.207478765	2.365830005	bPAR	bPAR	0	0	Up
MvSl-1064-A1-R4_A1g00030	52.3	56.1	MvSl-1064-A2-R4_A2g00030	52.3	56.1	60303	60627	7.934547299	2.637888472	2.637888472	2.29E-30	4.36E-28	8.812093292	8.61919494	6.147697071	6.014483292	bPAR	bPAR	0	0	Up
MvSl-1064-A1-R4_A1g00081	53.48	62.09	MvSl-1064-A2-R4_A2g00081	53.39	62.09	186136	186867	5.666856495	-2.764413249	2.764413249	2.80E-28	4.52E-26	3.896655408	3.506191765	6.231726911	6.674746223	Black	OldStrata	0.09	0	Down
MvSl-1064-A1-R4_A1g00106	51.43	54.75	MvSl-1064-A2-R4_A2g00116	51.73	55.19	192447	192848	2.222659039	1.297354832	1.297354832	0.002461132	0.037571822	3.144754949	2.086543214	1.51836347	1.363278739	Black	OldStrata	-0.3	-0.44	Up
MvSl-1064-A1-R4_A1g00118	59.16	63.2	MvSl-1064-A2-R4_A2g01692	58.69	62.82	3139638	3144611	5.107026535	1.366976139	1.366976139	3.32E-09	1.45E-07	5.649590813	5.612257647	4.312758806	4.222475197	Black	OldStrata	0.47	0.38	Up
MvSl-1064-A1-R4_A1g00168	58.01	61.68	MvSl-1064-A2-R4_A2g00313	58.69	63.09	718774	719371	3.593941903	-1.420237846	1.420237846	8.84E-05	0.002041729	3.081721694	2.266854998	3.793595981	4.41679926	Black	OldStrata	-0.68	-1.41	Down
MvSl-1064-A1-R4_A1g00252	53.47	60.2	MvSl-1064-A2-R4_A2g01311	53.84	58.41	2519820	2520678	1.456748042	-3.1475067	3.1475067	5.20E-12	3.32E-10	-0.688158539	-0.585987386	2.394101906	2.220362169	Black	OldStrata	-0.37	1.79	Down
MvSl-1064-A1-R4_A1g00283	52.73	60.21	MvSl-1064-A2-R4_A2g01455	53.08	59.52	2725136	2725813	4.281422989	4.449535004	4.449535004	7.83E-39	2.16E-36	5.294040345	5.112382777	0.404087788	1.165494325	Black	OldStrata	-0.35	0.69	Up
MvSl-1064-A1-R4_A1g00383	56.03	63.8	MvSl-1064-A2-R4_A2g00388	54.26	56.98	893809	894012	2.973716818	1.958261326	1.958261326	1.19E-06	3.77E-05	3.887470093	3.307670096	1.120141884	2.114537831	Black	OldStrata	1.77	6.82	Up
MvSl-1064-A1-R4_A1g00481	50.27	54.64	MvSl-1064-A2-R4_A2g00295	51.81	57.71	641110	646152	3.113213048	1.429781111	1.429781111	1.96E-05	0.000511192	3.700822991	3.587610434	1.954027479	2.46962929	Black	OldStrata	-1.54	-3.07	Up
MvSl-1064-A1-R4_A1g00594	55.2	57.69	MvSl-1064-A2-R4_A2g00575	54.2	55.84	1098507	1099824	5.062947197	-1.835910271	1.835910271	7.11E-13	5.02E-11	4.101193311	3.61560977	5.788490022	5.622485418	Black	OldStrata	1	1.85	Down
MvSl-1064-A1-R4_A1g00635	51.78	53.9	MvSl-1064-A2-R4_A2g00615	51.99	54.69	1119790	1125248	4.330083151	-1.412656761	1.412656761	5.32E-05	0.001272819	3.919366053	2.803275682	4.699649704	5.025272808	Black	OldStrata	-0.21	-0.79	Down
MvSl-1064-A1-R4_A1g00642	55.24	58.57	MvSl-1064-A2-R4_A2g00977	57.47	59.77	1645733	1648754	6.20721473	5.102816982	5.102816982	1.06E-97	2.26E-94	7.238954872	7.082392035	2.068140537	2.114537831	Black	OldStrata	-2.23	-1.2	Up
MvSl-1064-A1-R4_A1g00745	55.35	65.45	MvSl-1064-A2-R4_A2g00577	58.31	68.14	1111101	1112366	5.847982363	1.868153555	1.868153555	2.87E-17	2.95E-15	6.606064743	6.377222655	4.504006589	4.749937641	Black	OldStrata	-2.96	-2.69	Up
MvSl-1064-A1-R4_A1g00763	53.53	61.17	MvSl-1064-A2-R4_A2g00660	55.41	63.81	1144687	1148015	0.613957131	-4.029433889	4.029433889	3.44E-10	1.77E-08	-1.379573498	-2.757536787	1.010226695	1.91884176	Black	OldStrata	-1.88	-2.64	Down
MvSl-1064-A1-R4_A1g00923	61.86	62.5	MvSl-1064-A2-R4_A2g01579	62.5	65.38	3070504	3073816	4.056643808	1.125181115	1.125181115	9.40E-05	0.002148465	4.551423418	4.460180654	3.131676377	3.607125973	Black	OldStrata	-0.64	-2.88	Up
MvSl-1064-A1-R4_A1g00929	58.45	64.93	MvSl-1064-A2-R4_A2g01687	57.82	64.45	3137879	3139458	1.317853258	1.834083721	1.834083721	0.000130504	0.002875464	2.312899599	1.377457876	-0.072197335	0.388749813	Black	OldStrata	0.63	0.48	Up
MvSl-1064-A1-R4_A1g00977	52.22	58.89	MvSl-1064-A2-R4_A2g01566	53.2	60.6	3035765	3037588	5.585095293	-3.065033979	3.065033979	1.93E-41	5.89E-39	3.372499016	3.368172614	6.35862651	6.486066692	Black	OldStrata	-0.98	-1.71	Down
MvSl-1064-A1-R4_A1g01007	56.07	62.42	MvSl-1064-A2-R4_A2g00894	54.9	63.84	1400757	1402594	5.551066322	3.100208392	3.100208392	7.75E-33	1.66E-30	6.550408546	6.204549133	3.032075479	3.526894011	Black	OldStrata	1.17	-1.42	Up
MvSl-1064-A1-R4_A1g01021	53.71	55.47	MvSl-1064-A2-R4_A2g00954	52.35	53.11	1578575	1582088	0.474419236	4.38716508	4.38716508	9.01E-11	5.00E-09	1.644116926	0.882984303	-1.942237596	-2.683265469	Black	OldStrata	1.36	2.36	Up
MvSl-1064-A1-R4_A1g01049	61.35	71.28	MvSl-1064-A2-R4_A2g00858	60.59	64.64	1304949	1306659	5.68079335	0.997497083	0.997497083	2.45E-06	7.38E-05	6.151558982	6.03244923	4.950883604	5.231290704	Centro	Centro	0.76	6.64	Up
MvSl-1064-A1-R4_A1g01164	55.86	59.22	MvSl-1064-A2-R4_A2g01564	55.75	59.25	3033187	3035601	4.608905741	-0.782988706	0.782988706	0.001693951	0.027375404	4.05681556	4.272441398	5.004422425	4.890160511	Black	OldStrata	0.11	-0.03	Down
MvSl-1064-A1-R4_A1g01220	56.68	54.88	MvSl-1064-A2-R4_A2g01388	55.86	54.3	2575916	2576612	7.468211439	3.396664551	3.396664551	9.23E-53	4.64E-50	8.302720479	8.368936168	4.992427797	4.892830517	Black	OldStrata	0.82	0.58	Up
MvSl-1064-A1-R4_A1g01253	52.64	61.75	MvSl-1064-A2-R4_A2g00196	51.57	62.35	525538	526703	6.667842774	-0.854931713	0.854931713	4.91E-05	0.001193109	5.95783539	6.370665454	7.131438766	6.927422143	Black	OldStrata	1.07	-0.6	Down
MvSl-1064-A1-R4_A1g01288	55.1	56.83	MvSl-1064-A2-R4_A2g00799	55.23	56.09	1186986	1189109	5.740145903	1.137327982	1.137327982	1.02E-06	3.26E-05	6.014835218	6.359946026	5.247855824	4.849505868	Black	OldStrata	-0.13	0.74	Up
MvSl-1064-A1-R4_A1g01290	54.13	57.86	MvSl-1064-A2-R4_A2g00797	54.22	58.22	1185421	1186806	5.58068721	1.448121849	1.448121849	1.49E-11	9.04E-10	6.188489281	6.064290424	4.765972884	4.594603927	Black	OldStrata	-0.09	-0.36	Up
MvSl-1064-A1-R4_A1g01302	53.1	61.56	MvSl-1064-A2-R4_A2g01497	52.07	58.06	2775123	2776609	6.148703738	6.307186831	6.307186831	4.82E-106	2.06E-102	6.951716635	7.283842363	0.619046564	1.129723972	Black	OldStrata	1.03	3.5	Up
MvSl-1064-A1-R4_A1g01375	54.56	56.52	MvSl-1064-A2-R4_A2g00417	55.06	55.84	901642	902941	4.90234178	0.846875736	0.846875736	0.000520405	0.010111233	5.246336701	5.277465751	4.579713548	4.235155183	Black	OldStrata	-0.5	0.68	Up
MvSl-1064-A1-R4_A1g01376	53.82	58.86	MvSl-1064-A2-R4_A2g00418	54.41	56.24	903456	904193	5.367418152	0.760387737	0.760387737	0.001064882	0.018655082	5.83181894	5.546872142	4.774403219	5.084863863	Black	OldStrata	-0.59	2.62	Up
MvSl-1064-A1-R4_A1g01383	53.31	57	MvSl-1064-A2-R4_A2g00527	52.59	57.04	914330	919259	5.723893005	1.918429351	1.918429351	1.22E-17	1.27E-15	6.540920131	6.204549133	4.483585726	4.453433268	Black	OldStrata	0.72	-0.04	Up
MvSl-1064-A1-R4_A1g01418	54.14	53.04	MvSl-1064-A2-R4_A2g00702	54.23	53.73	1151741	1153580	3.681246951	3.351221404	3.351221404	4.10E-19	4.50E-17	4.636124231	4.419462633	0.619046564	1.667639135	Black	OldStrata	-0.09	-0.69	Up
MvSl-1064-A1-R4_A1g01459	52.43	59.38	MvSl-1064-A2-R4_A2g01772	52.43	59.38	3256296	3256583	0.60440484	5.483609744	5.483609744	2.93E-14	2.35E-12	1.554104671	1.403388459	-2.271875237	-3.311053328	bPAR	bPAR	0	0	Up
MvSl-1064-A1-R4_A1g01493	56.44	61.91	MvSl-1064-A2-R4_A2g01806	56.44	61.91	3342886	3345193	0.143937876	-2.930023968	2.930023968	1.67E-06	5.15E-05	-0.926535427	-2.757536787	0.715598022	1.165494325	bPAR	bPAR	0	0	Down
MvSl-1064-A1-R4_A1g01494	57.83	69.86	MvSl-1064-A2-R4_A2g01807	57.83	69.86	3345781	3348549	7.318336786	-0.924508323	0.924508323	0.000134886	0.002956775	6.995657804	6.535823429	7.431556554	7.939793523	bPAR	bPAR	0	0	Down
MvSl-1064-A1-R4_MC01-1g01699	55.3	62.99	MvSl-1064-A2-R4_MC01g01980	55.3	62.99	14920	16821	5.539113531	-1.319583218	1.319583218	4.78E-10	2.37E-08	4.759566915	4.71436641	6.118195214	5.986008145	Auto	Auto	0	0	Down
MvSl-1064-A1-R4_MC01-1g01722	52.24	55.56	MvSl-1064-A2-R4_MC01g02003	52.24	55.56	38506	38703	1.262542711	1.577594889	1.577594889	0.000191006	0.004012616	1.866098393	1.74502952	0.344942075	0.262306339	Auto	Auto	0	0	Up
MvSl-1064-A1-R4_MC01-1g01740	54.64	53.61	MvSl-1064-A2-R4_MC01g02021	54.64	53.61	53416	54394	3.564506832	0.895446108	0.895446108	0.00247035	0.037578335	3.998285752	3.873886934	3.122900599	2.971985664	Auto	Auto	0	0	Up
MvSl-1064-A1-R4_MC01-1g01777	57.2	57.58	MvSl-1064-A2-R4_MC01g02058	57.2	57.58	97489	102257	0.893480165	1.696559261	1.696559261	0.000204772	0.004269755	1.407591257	1.50268715	-0.243174442	-0.029636685	Auto	Auto	0	0	Up
MvSl-1064-A1-R4_MC01-1g01783	50.63	53.9	MvSl-1064-A2-R4_MC01g02064	50.63	53.9	107424	108928	1.670533368	3.179057277	3.179057277	5.64E-11	3.21E-09	2.620673914	2.308619354	-1.252678073	-0.029636685	Auto	Auto	0	0	Up
MvSl-1064-A1-R4_MC01-1g01827	54.12	58.06	MvSl-1064-A2-R4_MC01g02108	54.12	58.06	155329	157048	4.688492935	1.988514603	1.988514603	1.14E-11	6.98E-10	5.641417899	5.006395177	3.208344888	3.533753084	Auto	Auto	0	0	Up
MvSl-1064-A1-R4_MC01-1g01829	53.18	57.58	MvSl-1064-A2-R4_MC01g02110	53.18	57.58	157897	159517	5.48430587	0.721753446	0.721753446	0.001137043	0.019695642	5.943503484	5.638423125	5.049113643	5.108027748	Auto	Auto	0	0	Up
MvSl-1064-A1-R4_MC01-1g01917	58.72	68.55	MvSl-1064-A2-R4_MC01g02198	58.72	68.55	269901	270905	7.597360685	0.686271398	0.686271398	0.000717916	0.013342313	7.973004835	7.822536666	7.205004607	7.222560382	Auto	Auto	0	0	Up
MvSl-1064-A1-R4_MC01-1g01975	55.82	60.36	MvSl-1064-A2-R4_MC01g02256	55.82	60.36	350124	350737	8.750352246	1.831454124	1.831454124	5.51E-13	3.96E-11	9.41153946	9.373746113	7.565101503	7.55855206	Auto	Auto	0	0	Up
MvSl-1064-A1-R4_MC01-1g01978	55.84	58.44	MvSl-1064-A2-R4_MC01g02259	55.84	58.44	352636	356043	5.931386702	2.105009706	2.105009706	5.56E-16	5.28E-14	6.919972667	6.259708951	4.335726313	4.69592413	Auto	Auto	0	0	Up
MvSl-1064-A1-R4_MC01-1g01992	59.91	69.53	MvSl-1064-A2-R4_MC01g02273	59.91	69.53	366735	370125	7.968613353	0.782766935	0.782766935	0.000393148	0.007744282	8.263984452	8.349268315	7.643511104	7.395381236	Auto	Auto	0	0	Up
MvSl-1064-A1-R4_MC01-1g02004	57.67	63.89	MvSl-1064-A2-R4_MC01g02285	57.67	63.89	379579	380191	2.199764694	4.168341743	4.168341743	5.70E-19	6.09E-17	3.241650607	2.906612081	-1.252678073	-0.504289504	Auto	Auto	0	0	Up
MvSl-1064-A1-R4_MC01-1g02005	59.47	70	MvSl-1064-A2-R4_MC01g02286	59.47	70	379911	381720	5.257499538	-1.562530536	1.562530536	7.14E-12	4.42E-10	4.2838058	4.275954699	5.727565659	5.940278434	Auto	Auto	0	0	Down
MvSl-1064-A1-R4_MC01-1g02007	58.81	66.99	MvSl-1064-A2-R4_MC01g02288	58.81	66.99	382362	382675	5.125552216	0.729014747	0.729014747	0.002590107	0.038779025	5.35861402	5.521937747	4.90299064	4.499707782	Auto	Auto	0	0	Up
MvSl-1064-A1-R4_MC01-1g02008	59.72	66.35	MvSl-1064-A2-R4_MC01g02289	59.72	66.35	383122	384434	8.284435452	-1.070633349	1.070633349	0.001409225	0.023393131	8.088980224	7.023522137	8.399011342	8.986970675	Auto	Auto	0	0	Down
MvSl-1064-A1-R4_MC01-1g02009	59.51	71.61	MvSl-1064-A2-R4_MC01g02290	59.51	71.61	384760	385725	8.653767833	-0.88374669	0.88374669	0.001742734	0.028004957	8.418843169	7.80804965	8.85420971	9.184997472	Auto	Auto	0	0	Down
MvSl-1064-A1-R4_MC01-1g02022	53.41	51.14	MvSl-1064-A2-R4_MC01g02303	53.41	51.14	406833	408842	3.375173819	1.684384058	1.684384058	4.05E-07	1.39E-05	4.019462882	3.924011133	2.585112866	1.960162301	Auto	Auto	0	0	Up
MvSl-1064-A1-R4_MC01-1g02046	59.43	66.04	MvSl-1064-A2-R4_MC01g02327	59.43	66.04	429728	431119	3.614389019	1.06833939	1.06833939	0.000527174	0.010196408	4.219378178	3.845794212	2.831232093	3.125165782	Auto	Auto	0	0	Up
MvSl-1064-A1-R4_MC01-1g02082	53.71	56.43	MvSl-1064-A2-R4_MC01g02363	53.71	56.43	484788	486625	7.161669708	-1.782062892	1.782062892	3.01E-14	2.38E-12	6.01061104	6.01573593	8.072014024	7.44852375	Auto	Auto	0	0	Down
MvSl-1064-A1-R4_MC01-1g02180	54.7	55.49	MvSl-1064-A2-R4_MC01g02462	54.86	55.71	653570	656228	4.206258925	-1.019676864	1.019676864	0.000391311	0.007743791	3.398596286	3.802602029	4.810375916	4.420504806	Auto	Auto	-0.16	-0.22	Down
MvSl-1064-A1-R4_MC01-1g02186	53.02	59.39	MvSl-1064-A2-R4_MC01g02468	53.02	59.39	669160	669324	5.036096767	0.865460841	0.865460841	0.000341472	0.006836635	5.575742628	5.205598012	4.510749811	4.568121645	Auto	Auto	0	0	Up
MvSl-1064-A1-R4_MC01-1g02207	60.36	72.97	MvSl-1064-A2-R4_MC01g02489	60.36	72.97	720371	720718	0.755689079	8.932894877	8.932894877	1.10E-08	4.57E-07	2.564148852	-1.215597698	-3.311053328	-3.311053328	Auto	Auto	0	0	Up
MvSl-1064-A1-R4_MC01-1g02258	59.76	67.88	MvSl-1064-A2-R4_MC01g02540	59.76	67.88	848559	849912	5.204663309	0.709559331	0.709559331	0.00184199	0.02932434	5.532202995	5.496564815	4.945916459	4.652469373	Auto	Auto	0	0	Up
MvSl-1064-A1-R4_MC01-1g02267	51.84	52.94	MvSl-1064-A2-R4_MC01g02549	51.84	52.94	862521	862738	3.806879058	-0.991272367	0.991272367	0.001068189	0.018674741	3.298197579	3.170947863	4.452402015	3.94221645	Auto	Auto	0	0	Down
MvSl-1064-A1-R4_MC01-1g02327	53.97	60	MvSl-1064-A2-R4_MC01g02609	53.97	60	1003116	1003975	5.069752489	1.302089393	1.302089393	8.42E-07	2.73E-05	5.356951224	5.765075106	4.500623122	4.012646479	Auto	Auto	0	0	Up
MvSl-1064-A1-R4_MC01-1g02347	53.67	52.54	MvSl-1064-A2-R4_MC01g02629	53.67	52.54	1042881	1043799	3.191037745	-3.643653614	3.643653614	6.54E-21	7.77E-19	0.55716287	0.506001378	4.36206763	3.743544657	Auto	Auto	0	0	Down
MvSl-1064-A1-R4_MC01-1g02352	52.59	54.56	MvSl-1064-A2-R4_MC01g02634	52.59	54.56	1050803	1050955	2.774253713	1.313881112	1.313881112	0.001196837	0.020504532	3.695569789	2.670767618	1.808377949	2.132723103	Auto	Auto	0	0	Up
MvSl-1064-A1-R4_MC01-1g02353	63.37	65.12	MvSl-1064-A2-R4_MC01g02635	63.37	65.12	1051049	1051717	2.58975147	1.002100063	1.002100063	0.003361098	0.048619332	3.09774007	2.879155457	1.913891853	2.096120404	Auto	Auto	0	0	Up
MvSl-1064-A1-R4_MC01-1g02359	52.19	53.55	MvSl-1064-A2-R4_MC01g02641	52.19	53.55	1072505	1073440	5.292900413	-1.095470345	1.095470345	5.27E-05	0.001266383	4.226680541	4.972152642	5.817334016	5.657448678	Auto	Auto	0	0	Down
MvSl-1064-A1-R4_MC01-1g02382	53.3	57.6	MvSl-1064-A2-R4_MC01g02664	53.3	57.6	1117355	1118182	2.805406753	1.015600349	1.015600349	0.002070079	0.032531448	3.298197579	3.124934353	2.240307638	2.185942725	Auto	Auto	0	0	Up
MvSl-1064-A1-R4_MC01-1g02398	56.02	57.07	MvSl-1064-A2-R4_MC01g02680	56.02	57.07	1148765	1149067	2.976696741	1.47762747	1.47762747	5.30E-06	0.000148119	3.461845944	3.576256754	2.04973754	2.077464816	Auto	Auto	0	0	Up
MvSl-1064-A1-R4_MC01-1g02419	59.3	64.13	MvSl-1064-A2-R4_MC01g02701	59.3	64.13	1199211	1200619	0.855704401	1.58694583	1.58694583	0.000780451	0.014317751	1.622134869	1.120367994	0.08064689	-0.295355899	Auto	Auto	0	0	Up
MvSl-1064-A1-R4_MC01-1g02422	60.78	56.86	MvSl-1064-A2-R4_MC01g02704	60.78	56.86	1205423	1215381	2.357142209	1.306802239	1.306802239	0.001077461	0.018761564	3.190285926	2.401610136	1.37790071	1.740598858	Auto	Auto	0	0	Up
MvSl-1064-A1-R4_MC01-1g02440	52.92	56.35	MvSl-1064-A2-R4_MC01g02722	52.92	56.35	1271215	1271952	2.230307934	1.361133819	1.361133819	0.000772005	0.014193273	2.807581682	2.660052231	0.849294503	1.810045809	Auto	Auto	0	0	Up
MvSl-1064-A1-R4_MC01-1g02511	56.01	62.34	MvSl-1064-A2-R4_MC01g02793	56.01	62.34	1440178	1441399	2.29057499	1.269494285	1.269494285	0.001285721	0.021731449	3.081721694	2.37564728	1.348089211	1.692371284	Auto	Auto	0	0	Up
MvSl-1064-A1-R4_MC01-1g02647	61.97	69.01	MvSl-1064-A2-R4_MC01g02929	61.97	69.01	1766685	1770043	6.440773738	0.684436817	0.684436817	0.002940914	0.043273453	6.982237947	6.453668877	5.852264695	6.238829857	Auto	Auto	0	0	Up
MvSl-1064-A1-R4_MC01-1g02686	54.11	53.9	MvSl-1064-A2-R4_MC01g02968	54.11	53.9	1852201	1852996	3.75305615	1.067948881	1.067948881	0.000179706	0.003812171	4.113063117	4.251180007	3.122900599	3.125165782	Auto	Auto	0	0	Up
MvSl-1064-A1-R4_MC01-1g02724	56.41	64.84	MvSl-1064-A2-R4_MC01g03006	56.41	64.84	1942767	1945079	0.911793129	-1.496333291	1.496333291	0.000789035	0.014444245	-0.145252181	0.244290534	1.49134371	1.452852467	Auto	Auto	0	0	Down
MvSl-1064-A1-R4_MC01-1g02725	57.43	63.85	MvSl-1064-A2-R4_MC01g03007	57.43	63.85	1946927	1950270	4.293292332	1.206746158	1.206746158	8.34E-06	0.000228581	4.891767269	4.634512433	3.452036416	3.676947153	Auto	Auto	0	0	Up
MvSl-1064-A1-R4_MC01-1g02736	53.62	55.07	MvSl-1064-A2-R4_MC01g03018	53.62	55.07	1975065	1975229	4.435738294	1.788231827	1.788231827	1.80E-10	9.66E-09	5.084948595	5.039843768	2.994081538	3.526894011	Auto	Auto	0	0	Up
MvSl-1064-A1-R4_MC01-1g02744	50.51	54.55	MvSl-1064-A2-R4_MC01g03026	50.51	54.55	1992894	1995725	4.188561465	0.989211157	0.989211157	0.000522361	0.010126231	4.772098398	4.393821927	3.430860999	3.772828948	Auto	Auto	0	0	Up
MvSl-1064-A1-R4_MC01-1g02787	51.59	53.68	MvSl-1064-A2-R4_MC01g03069	51.59	53.68	2125745	2127140	2.61570149	2.286433325	2.286433325	3.74E-10	1.89E-08	3.455644311	3.178476098	1.047803276	1.129723972	Auto	Auto	0	0	Up
MvSl-1064-A1-R4_MC01-1g02828	52.94	59.48	MvSl-1064-A2-R4_MC01g03110	52.94	59.48	2213276	2215089	0.262128092	-3.857269963	3.857269963	2.67E-10	1.41E-08	-2.043678548	-2.046230976	1.010226695	1.300315986	Auto	Auto	0	0	Down
MvSl-1064-A1-R4_MC01-1g02832	55.05	61.97	MvSl-1064-A2-R4_MC01g03114	55.05	61.97	2224752	2226292	9.013904198	5.803490373	5.803490373	4.04E-65	3.14E-62	10.13576806	9.82303096	4.358333902	4.002793118	Auto	Auto	0	0	Up
MvSl-1064-A1-R4_MC01-1g02833	56.04	68.13	MvSl-1064-A2-R4_MC01g03115	56.04	68.13	2227350	2228536	7.051994066	9.426932841	9.426932841	1.46E-179	1.24E-175	8.148823871	7.939857526	-0.92694101	-1.216424298	Auto	Auto	0	0	Up
MvSl-1064-A1-R4_MC01-1g02837	56.08	51.76	MvSl-1064-A2-R4_MC01g03119	56.08	51.76	2239253	2239736	3.730794518	-1.876848734	1.876848734	1.75E-09	7.93E-08	2.326557468	2.702444378	4.204624864	4.547935962	Auto	Auto	0	0	Down
MvSl-1064-A1-R4_MC01-1g02838	51.62	59.28	MvSl-1064-A2-R4_MC01g03120	51.62	59.28	2240124	2240829	6.602323489	-0.8850548	0.8850548	0.000322432	0.006501119	5.650948475	6.432574622	7.004609411	6.951313348	Auto	Auto	0	0	Down
MvSl-1064-A1-R4_MC01-1g02839	57.64	67.67	MvSl-1064-A2-R4_MC01g03121	57.64	67.67	2241972	2244590	4.726355299	-1.671422591	1.671422591	2.22E-09	9.82E-08	3.901226228	3.394269121	5.11254942	5.526029806	Auto	Auto	0	0	Down
MvSl-1064-A1-R4_MC01-1g02843	52.67	63.33	MvSl-1064-A2-R4_MC01g03125	52.67	63.33	2250647	2251923	3.389900229	1.678077454	1.678077454	8.43E-07	2.73E-05	4.273265692	3.626659103	2.349660208	2.302980956	Auto	Auto	0	0	Up
MvSl-1064-A1-R4_MC01-1g02848	54.57	51.33	MvSl-1064-A2-R4_MC01g03130	54.57	51.33	2268999	2270752	5.816341118	-0.704662556	0.704662556	0.000953111	0.016904871	5.331776523	5.508560623	6.252997086	5.987257952	Auto	Auto	0	0	Down
MvSl-1064-A1-R4_MC01-1g02849	49.83	52.8	MvSl-1064-A2-R4_MC01g03131	49.83	52.8	2271169	2273596	5.393877774	-0.916923323	0.916923323	0.000105321	0.002381983	4.835563292	4.896571138	5.991348637	5.534603684	Auto	Auto	0	0	Down
MvSl-1064-A1-R4_MC01-1g02852	52.86	56.3	MvSl-1064-A2-R4_MC01g03134	52.86	56.3	2277804	2277986	4.592848345	-1.693855885	1.693855885	2.80E-11	1.64E-09	3.449415905	3.587610434	5.239760957	5.170975265	Auto	Auto	0	0	Down
MvSl-1064-A1-R4_MC01-1g02853	55.27	57.06	MvSl-1064-A2-R4_MC01g03135	55.27	57.06	2278915	2279088	5.747408158	0.836664946	0.836664946	5.17E-05	0.001247389	6.061524025	6.146236745	5.330217568	5.205749366	Auto	Auto	0	0	Up
MvSl-1064-A1-R4_MC01-1g02857	56.83	62.3	MvSl-1064-A2-R4_MC01g03139	56.83	62.3	2286759	2287328	0.844164726	-5.478516142	5.478516142	5.14E-17	5.24E-15	-2.75614321	-2.358483091	1.830107123	1.810045809	Auto	Auto	0	0	Down
MvSl-1064-A1-R4_MC01-1g02861	51.25	57.76	MvSl-1064-A2-R4_MC01g03143	51.25	57.76	2306805	2311302	5.213690471	-1.842429842	1.842429842	1.66E-15	1.46E-13	4.06498644	3.981087503	5.756222898	5.956959635	Auto	Auto	0	0	Down
MvSl-1064-A1-R4_MC01-1g02870	52.16	60.58	MvSl-1064-A2-R4_MC01g03152	52.16	60.58	2328123	2333632	2.896040511	2.909305747	2.909305747	1.23E-14	1.01E-12	3.882855412	3.47596301	0.715598022	0.977053557	Auto	Auto	0	0	Up
MvSl-1064-A1-R4_MC01-1g02871	57.55	69.04	MvSl-1064-A2-R4_MC01g03153	57.55	69.04	2337505	2339194	2.232606078	2.407514665	2.407514665	4.86E-08	1.87E-06	3.263116288	2.559854427	0.151396553	0.977053557	Auto	Auto	0	0	Up
MvSl-1064-A1-R4_MC01-1g02873	53.85	61.54	MvSl-1064-A2-R4_MC01g03155	53.85	61.54	2340468	2340984	2.803284586	0.998863033	0.998863033	0.002344537	0.036059607	3.144754949	3.265877848	2.207478765	2.237268772	Auto	Auto	0	0	Up
MvSl-1064-A1-R4_MC01-1g02885	59.68	68.4	MvSl-1064-A2-R4_MC01g03167	59.68	68.4	2382803	2384819	1.080464856	4.060510593	4.060510593	1.90E-13	1.40E-11	2.025318506	1.823951484	-1.674086286	-1.641674788	Auto	Auto	0	0	Up
MvSl-1064-A1-R4_MC01-1g02899	57.96	69.6	MvSl-1064-A2-R4_MC01g03180	57.96	69.6	2407407	2407795	2.452834537	-1.512868526	1.512868526	2.63E-05	0.000665917	1.749267358	1.296746649	2.984424626	3.060140989	Auto	Auto	0	0	Down
MvSl-1064-A1-R4_MC01-2g02957	55.3	64.56	MvSl-1064-A2-R4_MC01g03239	55.3	64.56	2530520	2530747	3.101767908	2.559863191	2.559863191	2.59E-13	1.88E-11	3.878225923	3.83630708	1.084425927	1.564239262	Auto	Auto	0	0	Up
MvSl-1064-A1-R4_MC01-2g02960	54.68	64.19	MvSl-1064-A2-R4_MC01g03242	54.68	64.19	2533966	2535470	8.98160372	2.87796983	2.87796983	4.34E-24	5.63E-22	9.949103137	9.627457448	6.905751604	6.934566353	Auto	Auto	0	0	Up
MvSl-1064-A1-R4_MC01-2g02966	57.41	64.44	MvSl-1064-A2-R4_MC01g03248	57.41	64.44	2548787	2549811	1.036846779	2.759774207	2.759774207	3.28E-08	1.29E-06	2.008470668	1.50268715	-0.661372867	-0.888402933	Auto	Auto	0	0	Up
MvSl-1064-A1-R4_MC01-2g02969	57.09	64.37	MvSl-1064-A2-R4_MC01g03251	57.09	64.37	2551682	2553176	1.811111339	3.836313458	3.836313458	1.20E-15	1.08E-13	2.836507544	2.476807781	-0.788054896	-1.04311097	Auto	Auto	0	0	Up
MvSl-1064-A1-R4_MC01-2g02970	57.94	61.26	MvSl-1064-A2-R4_MC01g03252	57.94	61.26	2553249	2553440	5.447410202	1.648002224	1.648002224	9.61E-14	7.40E-12	5.978529197	6.108310825	4.462871657	4.336699768	Auto	Auto	0	0	Up
MvSl-1064-A1-R4_MC01-2g02971	59.11	67.97	MvSl-1064-A2-R4_MC01g03253	59.11	67.97	2553752	2554384	2.638559373	-1.624207692	1.624207692	1.22E-05	0.000328081	1.956713479	1.240316199	3.166255211	3.304311598	Auto	Auto	0	0	Down
MvSl-1064-A1-R4_MC01-2g02987	57.04	66.17	MvSl-1064-A2-R4_MC01g03269	57.03	65.58	2588368	2590196	6.565279869	1.270185749	1.270185749	7.13E-09	3.02E-07	7.298207247	6.783619254	5.856241271	5.730912628	Auto	Auto	0.01	0.59	Up
MvSl-1064-A1-R4_MC01-2g03006	56.99	64.52	MvSl-1064-A2-R4_MC01g03288	56.99	64.52	2639620	2640860	3.482810008	7.968465271	7.968465271	3.83E-49	1.72E-46	4.602838231	4.296856705	-2.699854245	-2.24728276	Auto	Auto	0	0	Up
MvSl-1064-A1-R4_MC01-2g03070	52.87	53.02	MvSl-1064-A2-R4_MC01g03352	52.87	53.02	2811814	2812791	4.877546555	1.345462198	1.345462198	2.19E-08	8.80E-07	5.44097168	5.347593129	4.149520409	3.952490848	Auto	Auto	0	0	Up
MvSl-1064-A1-R4_MC01-2g03096	50.33	53	MvSl-1064-A2-R4_MC01g03377	50.33	53	2862188	2867899	4.182573109	4.964591213	4.964591213	1.12E-46	4.57E-44	5.155516628	5.094587083	0.08064689	0.448044861	Auto	Auto	0	0	Up
MvSl-1064-A1-R4_MC01-2g03166	54.43	56.88	MvSl-1064-A2-R4_MC01g03446	54.43	56.88	1	793	6.29110169	3.777867735	3.777867735	5.88E-30	1.01E-27	6.6262219	7.589702986	3.702290233	3.069611614	Auto	Auto	0	0	Up
MvSl-1064-A1-R4_MC02g03274	55.23	58.72	MvSl-1064-A2-R4_MC02g03554	55.23	58.72	268343	269781	2.961982537	1.646340887	1.646340887	1.16E-06	3.67E-05	3.706057135	3.368172614	2.031096758	1.810045809	Auto	Auto	0	0	Up
MvSl-1064-A1-R4_MC02g03288	59.17	67.88	MvSl-1064-A2-R4_MC02g03568	59.17	67.88	293276	295296	6.215671858	0.990964441	0.990964441	2.45E-07	8.75E-06	6.657628645	6.594683758	5.673000739	5.599786642	Auto	Auto	0	0	Up
MvSl-1064-A1-R4_MC02g03297	52.6	56.8	MvSl-1064-A2-R4_MC02g03577	52.6	56.8	314523	318088	7.583946633	1.458376395	1.458376395	1.84E-09	8.30E-08	8.367328313	7.859301726	6.480422885	6.851907312	Auto	Auto	0	0	Up
MvSl-1064-A1-R4_MC02g03352	57.84	69.25	MvSl-1064-A2-R4_MC02g03632	57.84	69.25	449144	458208	7.143913879	1.094837538	1.094837538	1.22E-08	5.00E-07	7.560871065	7.616969716	6.559785474	6.427424735	Auto	Auto	0	0	Up
MvSl-1064-A1-R4_MC02g03359	55.59	62.45	MvSl-1064-A2-R4_MC02g03639	55.59	62.45	500634	501370	7.215314702	1.252069275	1.252069275	1.35E-08	5.51E-07	7.853975667	7.547448248	6.252997086	6.63702315	Auto	Auto	0	0	Up
MvSl-1064-A1-R4_MC02g03360	50.88	57.83	MvSl-1064-A2-R4_MC02g03640	50.88	57.83	501565	509249	3.032534274	-1.932556102	1.932556102	2.68E-08	1.07E-06	2.058435178	1.47849584	3.782493815	3.613614841	Auto	Auto	0	0	Down
MvSl-1064-A1-R4_MC02g03362	56.77	68.3	MvSl-1064-A2-R4_MC02g03642	56.77	68.3	509780	510497	5.133122763	2.042368447	2.042368447	1.52E-09	7.01E-08	6.202445266	5.284459477	3.365403496	4.103042393	Auto	Auto	0	0	Up
MvSl-1064-A1-R4_MC02g03366	50.55	56.04	MvSl-1064-A2-R4_MC02g03646	50.55	56.04	510570	514733	0.531627403	2.548127895	2.548127895	1.26E-05	0.000335816	1.708122203	0.506001378	-1.080635737	-1.04311097	Auto	Auto	0	0	Up
MvSl-1064-A1-R4_MC02g03373	53.48	67.16	MvSl-1064-A2-R4_MC02g03653	53.48	67.16	524827	527169	2.527234753	1.105863354	1.105863354	0.00141538	0.023405559	2.955555039	2.968715681	1.718032715	2.020005433	Auto	Auto	0	0	Up
MvSl-1064-A1-R4_MC02g03374	59.8	69.55	MvSl-1064-A2-R4_MC02g03654	59.8	69.55	527610	533747	7.451486722	0.689665321	0.689665321	0.001100728	0.01912626	7.899805773	7.594283379	6.975656774	7.150759796	Auto	Auto	0	0	Up
MvSl-1064-A1-R4_MC02g03384	52.99	54.19	MvSl-1064-A2-R4_MC02g03664	52.99	54.19	549572	549877	7.47162282	2.468218596	2.468218596	2.51E-28	4.13E-26	8.386200395	8.057055749	5.849607542	5.674617612	Auto	Auto	0	0	Up
MvSl-1064-A1-R4_MC02g03392	49.98	52.28	MvSl-1064-A2-R4_MC02g03672	49.98	52.28	576424	584158	3.078369971	-1.90387515	1.90387515	2.23E-08	8.90E-07	2.106727046	1.572918467	3.731448875	3.749449262	Auto	Auto	0	0	Down
MvSl-1064-A1-R4_MC02g03394	59.13	68.53	MvSl-1064-A2-R4_MC02g03674	59.13	68.53	592447	594811	4.007145182	1.829171379	1.829171379	5.12E-10	2.52E-08	4.796839465	4.466344206	2.935145994	2.706594324	Auto	Auto	0	0	Up
MvSl-1064-A1-R4_MC02g03432	59.73	67.29	MvSl-1064-A2-R4_MC02g03708	59.87	67.46	707663	711864	0.808276004	-3.710587015	3.710587015	4.84E-11	2.78E-09	-1.062331232	-2.358483091	1.51836347	1.876302765	Auto	Auto	-0.14	-0.17	Down
MvSl-1064-A1-R4_MC02g03433	59.99	67.81	MvSl-1064-A2-R4_MC02g03710	59.99	67.81	712271	712823	3.963411421	-6.158073001	6.158073001	2.40E-46	9.32E-44	-0.926535427	-0.930066676	5.22548472	4.604410784	Auto	Auto	0	0	Down
MvSl-1064-A1-R4_MC02g03442	59.77	67.29	MvSl-1064-A2-R4_MC02g03719	59.92	67.46	714322	716738	2.287461291	-5.153117119	5.153117119	4.71E-19	5.09E-17	-1.062331232	-2.046230976	3.702290233	2.606047357	Auto	Auto	-0.15	-0.17	Down
MvSl-1064-A1-R4_MC02g03451	61.57	69.44	MvSl-1064-A2-R4_MC02g03729	61.57	69.44	723169	723507	0.554277049	-2.668968539	2.668968539	2.35E-07	8.44E-06	-0.802429189	-1.382795818	1.154994962	1.509620584	Auto	Auto	0	0	Down
MvSl-1064-A1-R4_MC02g03455	57.14	58.65	MvSl-1064-A2-R4_MC02g03733	57.14	58.65	724443	725309	1.733229493	2.515322922	2.515322922	5.57E-07	1.87E-05	2.575632427	2.335805348	0.668129848	-1.04311097	Auto	Auto	0	0	Up
MvSl-1064-A1-R4_MC02g03469	58.79	69.95	MvSl-1064-A2-R4_MC02g03747	58.79	69.95	757207	758019	1.825162889	2.571153308	2.571153308	3.01E-09	1.32E-07	2.787970465	2.294831804	0.218838248	-0.029636685	Auto	Auto	0	0	Up
MvSl-1064-A1-R4_MC02g03482	52.91	55.24	MvSl-1064-A2-R4_MC02g03760	52.91	55.24	767990	769723	4.751700726	1.174197786	1.174197786	1.05E-06	3.36E-05	5.219136851	5.2184361	4.03256459	4.065668924	Auto	Auto	0	0	Up
MvSl-1064-A1-R4_MC02g03493	57.65	64.68	MvSl-1064-A2-R4_MC02g03771	57.65	64.68	787392	787596	5.502808549	0.873272705	0.873272705	4.76E-05	0.001162701	5.830621317	5.913431249	5.085703463	4.911383465	Auto	Auto	0	0	Up
MvSl-1064-A1-R4_MC02g03495	52.94	54.41	MvSl-1064-A2-R4_MC02g03773	52.94	54.41	787700	788051	4.307325271	1.675742645	1.675742645	8.26E-10	3.99E-08	4.943649554	4.87124544	3.07820266	3.389963926	Auto	Auto	0	0	Up
MvSl-1064-A1-R4_MC02g03508	57.14	63.64	MvSl-1064-A2-R4_MC02g03786	57.14	63.64	829013	830241	1.940432268	-2.300600211	2.300600211	5.95E-08	2.27E-06	0.68989019	0.185727546	2.935145994	2.365830005	Auto	Auto	0	0	Down
MvSl-1064-A1-R4_MC02g03522	58.7	68.59	MvSl-1064-A2-R4_MC02g03800	59.13	68.8	843831	845750	4.194829587	-4.51041666	4.51041666	9.27E-36	2.20E-33	0.887114917	0.506001378	4.807640407	5.405935096	Auto	Auto	-0.43	-0.21	Down
MvSl-1064-A1-R4_MC02g03579	53.33	60.56	MvSl-1064-A2-R4_MC02g03857	53.33	60.56	974889	975798	6.679898125	5.13562295	5.13562295	6.40E-82	6.08E-79	7.845403359	7.393834789	2.334536787	2.694402553	Auto	Auto	0	0	Up
MvSl-1064-A1-R4_MC02g03584	59.28	67.73	MvSl-1064-A2-R4_MC02g03862	59.25	67.3	986958	989474	2.920795607	1.425187622	1.425187622	2.41E-05	0.000619738	3.263116288	3.61560977	1.954027479	2.132723103	Auto	Auto	0.03	0.43	Up
MvSl-1064-A1-R4_MC02g03606	60.2	69.3	MvSl-1064-A2-R4_MC02g03884	60.2	69.3	1060724	1063651	8.120431057	1.354539397	1.354539397	1.69E-09	7.67E-08	8.629773038	8.657745797	7.229738049	7.347523635	Auto	Auto	0	0	Up
MvSl-1064-A1-R4_MC02g03663	57.54	67.49	MvSl-1064-A2-R4_MC02g03941	57.54	67.49	1191973	1193730	1.351177029	3.428231195	3.428231195	5.01E-08	1.92E-06	2.392972146	1.898779072	-0.155154508	-3.311053328	Auto	Auto	0	0	Up
MvSl-1064-A1-R4_MC02g03676	50.24	56.52	MvSl-1064-A2-R4_MC02g03954	50.24	56.52	1223395	1223826	0.906972995	2.189753815	2.189753815	3.96E-06	0.000113628	1.458100474	1.661539042	-0.336915477	-0.621320598	Auto	Auto	0	0	Up
MvSl-1064-A1-R4_MC02g03772	53.27	55.39	MvSl-1064-A2-R4_MC02g04050	53.27	55.39	1436112	1442398	2.779796718	1.342986243	1.342986243	0.000139778	0.003040611	3.443160492	3.10926451	2.173885434	1.716686586	Auto	Auto	0	0	Up
MvSl-1064-A1-R4_MC02g03808	55.93	64.41	MvSl-1064-A2-R4_MC02g04086	55.93	64.41	1519005	1519896	5.853075367	1.722787903	1.722787903	8.65E-14	6.72E-12	6.664366659	6.242753073	4.636309948	4.854993136	Auto	Auto	0	0	Up
MvSl-1064-A1-R4_MC02g03872	53.43	55.74	MvSl-1064-A2-R4_MC02g04150	53.43	55.74	1658307	1658501	3.971214855	1.133635611	1.133635611	5.95E-05	0.001412118	4.548512598	4.286443555	3.24115428	3.351660216	Auto	Auto	0	0	Up
MvSl-1064-A1-R4_MC02g03891	54.63	60.13	MvSl-1064-A2-R4_MC02g04169	54.63	60.13	1689978	1693166	6.164949462	2.21026572	2.21026572	3.50E-16	3.36E-14	7.227170793	6.423099475	4.517461662	4.81613661	Auto	Auto	0	0	Up
MvSl-1064-A1-R4_MC02g03893	55.1	56.09	MvSl-1064-A2-R4_MC02g04171	55.1	56.09	1694164	1698896	5.706666893	1.925451973	1.925451973	1.11E-14	9.20E-13	6.630357414	6.043828329	4.316612205	4.564776917	Auto	Auto	0	0	Up
MvSl-1064-A1-R4_MC02g04109	52.54	55.93	MvSl-1064-A2-R4_MC02g04387	52.54	55.93	2235170	2236092	3.945563791	1.278810482	1.278810482	3.85E-05	0.000962841	4.676680001	4.159055131	2.945137299	3.367103949	Auto	Auto	0	0	Up
MvSl-1064-A1-R4_MC02g04181	54.37	55.19	MvSl-1064-A2-R4_MC02g04459	54.37	55.19	2412588	2413529	6.129770527	-0.798356861	0.798356861	9.45E-05	0.002153424	5.512919938	5.825061482	6.543436513	6.402347229	Auto	Auto	0	0	Down
MvSl-1064-A1-R4_MC02g04185	52.71	55.89	MvSl-1064-A2-R4_MC02g04463	52.71	55.89	2419609	2421508	5.141434231	-2.522903041	2.522903041	1.19E-24	1.62E-22	3.263116288	3.524029592	5.837589416	5.982252214	Auto	Auto	0	0	Down
MvSl-1064-A1-R4_MC02g04198	54.2	62.59	MvSl-1064-A2-R4_MC02g04476	54.2	62.59	2450386	2452210	0.630684749	1.982177055	1.982177055	9.49E-05	0.002156923	1.38165766	1.088755239	-1.080635737	-0.201239106	Auto	Auto	0	0	Up
MvSl-1064-A1-R4_MC02g04208	53.48	60.44	MvSl-1064-A2-R4_MC02g04486	53.48	60.44	2472298	2473826	4.538965349	0.905097022	0.905097022	0.000421155	0.008276905	5.048326484	4.775212452	3.915483842	4.112236419	Auto	Auto	0	0	Up
MvSl-1064-A1-R4_MC02g04217	54.14	56.73	MvSl-1064-A2-R4_MC02g04495	54.14	56.73	2500661	2500881	4.585960727	-2.060362229	2.060362229	1.12E-15	1.03E-13	3.175268029	3.279943544	5.249872464	5.305308774	Auto	Auto	0	0	Down
MvSl-1064-A1-R4_MC02g04225	45.28	45.28	MvSl-1064-A2-R4_MC02g04503	45.28	45.28	2520294	2521314	0.836466433	-3.336924952	3.336924952	3.19E-10	1.65E-08	-0.926535427	-1.789683465	1.808377949	1.590792253	Auto	Auto	0	0	Down
MvSl-1064-A1-R4_MC02g04245	52.12	54.8	MvSl-1064-A2-R4_MC02g04523	52.12	54.8	2560247	2562613	5.51559217	3.568390977	3.568390977	9.33E-41	2.75E-38	6.632420734	6.109295843	2.852622281	2.834314674	Auto	Auto	0	0	Up
MvSl-1064-A1-R4_MC02g04246	51.24	53.71	MvSl-1064-A2-R4_MC02g04524	51.24	53.71	10734	11302	1.786634436	-1.470663338	1.470663338	0.000229933	0.004725225	0.772042712	1.056434228	2.121981614	2.539450147	Auto	Auto	0	0	Down
MvSl-1064-A1-R4_MC03g04350	49.55	72.97	MvSl-1064-A2-R4_MC03g04628	49.55	72.97	214412	216650	3.820249795	9.706419946	9.706419946	1.06E-59	6.48E-57	4.644327103	4.945926597	-2.699854245	-3.311053328	Auto	Auto	0	0	Up
MvSl-1064-A1-R4_MC03g04352	51.35	62.84	MvSl-1064-A2-R4_MC03g04630	51.35	62.84	218308	218823	5.809221157	-0.813359118	0.813359118	0.000792672	0.014479812	5.615227258	5.019029451	6.270982352	6.03879552	Auto	Auto	0	0	Down
MvSl-1064-A1-R4_MC03g04419	51.87	52.9	MvSl-1064-A2-R4_MC03g04697	51.87	52.9	389570	391739	3.532135476	2.351411102	2.351411102	2.16E-13	1.58E-11	4.355506104	4.159055131	1.830107123	2.03941395	Auto	Auto	0	0	Up
MvSl-1064-A1-R4_MC03g04423	56.91	59.51	MvSl-1064-A2-R4_MC03g04701	56.91	59.51	403096	404129	6.690412138	0.841987833	0.841987833	5.26E-06	0.000147986	7.071123459	7.028737699	6.255006557	6.161225709	Auto	Auto	0	0	Up
MvSl-1064-A1-R4_MC03g04424	57.86	67.02	MvSl-1064-A2-R4_MC03g04702	57.62	66.56	404345	405628	4.967195115	3.05218518	3.05218518	3.43E-30	6.38E-28	5.784358862	5.809388225	2.533069284	2.961849654	Auto	Auto	0.24	0.46	Up
MvSl-1064-A1-R4_MC03g04474	48.04	55.88	MvSl-1064-A2-R4_MC03g04752	48.04	55.88	530465	533423	0.820213933	-1.570200753	1.570200753	0.001249242	0.021232144	0.358758952	-0.691817343	1.544886476	1.234479489	Auto	Auto	0	0	Down
MvSl-1064-A1-R4_MC03g04565	53.52	55.4	MvSl-1064-A2-R4_MC03g04843	53.52	55.4	746224	747360	4.970718586	1.623364984	1.623364984	4.15E-08	1.61E-06	5.819797733	5.245567524	3.585779566	4.230940892	Auto	Auto	0	0	Up
MvSl-1064-A1-R4_MC03g04585	54.45	56.6	MvSl-1064-A2-R4_MC03g04863	54.45	56.6	797211	798213	7.350184365	1.842880175	1.842880175	9.19E-20	1.05E-17	8.022094152	7.966464942	6.167035059	6.138906934	Auto	Auto	0	0	Up
MvSl-1064-A1-R4_MC03g04650	53.22	58.82	MvSl-1064-A2-R4_MC03g04928	53.22	58.82	940434	940661	6.227563858	0.794465156	0.794465156	0.000503837	0.009811623	6.530631562	6.607986141	6.049234501	5.439193963	Auto	Auto	0	0	Up
MvSl-1064-A1-R4_MC03g04706	55.12	60.63	MvSl-1064-A2-R4_MC03g04984	55.12	60.63	1088463	1089617	0.508895323	8.665064922	8.665064922	1.76E-13	1.32E-11	1.956713479	0.506001378	-3.311053328	-3.311053328	Auto	Auto	0	0	Up
MvSl-1064-A1-R4_MC03g04707	52.71	57	MvSl-1064-A2-R4_MC03g04985	52.71	57	1089857	1091821	5.392705339	4.42885232	4.42885232	2.10E-57	1.20E-54	6.484164706	6.139502532	1.808377949	2.03941395	Auto	Auto	0	0	Up
MvSl-1064-A1-R4_MC03g04730	53.98	55.97	MvSl-1064-A2-R4_MC03g05008	53.98	55.97	1151193	1152134	5.571835549	0.941309491	0.941309491	6.37E-05	0.001505372	6.150599509	5.752520445	4.832075244	5.197134104	Auto	Auto	0	0	Up
MvSl-1064-A1-R4_MC03g04760	56.9	65.71	MvSl-1064-A2-R4_MC03g05038	56.9	65.71	1218516	1220123	0.905965344	4.062554469	4.062554469	8.58E-12	5.28E-10	2.041971863	1.377457876	-1.674086286	-1.912931964	Auto	Auto	0	0	Up
MvSl-1064-A1-R4_MC03g04777	53.1	54.93	MvSl-1064-A2-R4_MC03g05055	53.1	54.93	1264442	1266803	4.788346638	0.860788238	0.860788238	0.000634804	0.012006499	5.346933996	4.928173904	4.301136466	4.288849324	Auto	Auto	0	0	Up
MvSl-1064-A1-R4_MC03g04791	56.21	64.41	MvSl-1064-A2-R4_MC03g05069	56.21	64.41	1305527	1308404	7.417628783	0.942533901	0.942533901	2.35E-06	7.11E-05	7.875040991	7.747652898	6.87798669	6.863523639	Auto	Auto	0	0	Up
MvSl-1064-A1-R4_MC03g04792	52.4	60.98	MvSl-1064-A2-R4_MC03g05070	52.41	61.84	1309316	1310027	6.638601378	1.501846069	1.501846069	7.55E-14	5.92E-12	7.326520418	7.063712113	5.753382655	5.646415643	Auto	Auto	-0.01	-0.86	Up
MvSl-1064-A1-R4_MC03g04807	51.21	59.42	MvSl-1064-A2-R4_MC03g05085	51.21	59.42	1345764	1346051	4.290409262	-1.761008869	1.761008869	1.04E-08	4.35E-07	2.826929886	3.445087292	5.121388196	4.683641468	Auto	Auto	0	0	Down
MvSl-1064-A1-R4_MC03g04822	56.08	63.49	MvSl-1064-A2-R4_MC03g05100	56.08	63.49	1380725	1381468	3.724393754	1.693889296	1.693889296	2.14E-08	8.62E-07	4.167199747	4.469416135	2.546257243	2.742563392	Auto	Auto	0	0	Up
MvSl-1064-A1-R4_MC03g04831	54.12	53.76	MvSl-1064-A2-R4_MC03g05109	54.12	53.76	1401619	1402875	3.626337742	1.048826104	1.048826104	0.000470411	0.009223726	3.963742167	4.132169807	3.157687891	2.845383926	Auto	Auto	0	0	Up
MvSl-1064-A1-R4_MC03g04840	55.46	61.76	MvSl-1064-A2-R4_MC03g05118	55.46	61.76	1414458	1415377	3.522511215	-1.277030027	1.277030027	2.05E-05	0.000533001	2.706745819	2.812981797	3.970327643	4.079797675	Auto	Auto	0	0	Down
MvSl-1064-A1-R4_MC03g04877	60.7	69.88	MvSl-1064-A2-R4_MC03g05155	60.7	69.88	1504690	1506478	0.966498436	5.334386647	5.334386647	2.70E-16	2.62E-14	1.921147466	1.785030108	-2.271875237	-2.683265469	Auto	Auto	0	0	Up
MvSl-1064-A1-R4_MC03g04879	58.3	67.54	MvSl-1064-A2-R4_MC03g05157	58.3	67.54	1511301	1512245	4.267983526	-1.84868273	1.84868273	5.17E-12	3.32E-10	3.081721694	3.077404797	4.892702087	4.940064447	Auto	Auto	0	0	Down
MvSl-1064-A1-R4_MC03g04884	51.28	56.5	MvSl-1064-A2-R4_MC03g05162	51.28	56.5	1524735	1525630	0.997693093	3.487763833	3.487763833	3.63E-10	1.85E-08	1.38165766	2.133777516	-1.252678073	-1.413437522	Auto	Auto	0	0	Up
MvSl-1064-A1-R4_MC03g04885	54.57	56.05	MvSl-1064-A2-R4_MC03g05163	54.57	56.05	1526781	1528843	2.724310421	-5.478775526	5.478775526	1.74E-24	2.33E-22	-1.56888085	-1.215597698	4.110099537	3.125165782	Auto	Auto	0	0	Down
MvSl-1064-A1-R4_MC03g04895	60.2	72.26	MvSl-1064-A2-R4_MC03g05173	60.2	72.26	1588368	1590325	5.86251617	-0.997991256	0.997991256	5.44E-05	0.001296378	5.585715557	4.894287085	6.231726911	6.321418272	Auto	Auto	0	0	Down
MvSl-1064-A1-R4_MC03g04909	58.27	67.5	MvSl-1064-A2-R4_MC03g05187	58.27	67.5	1597021	1598099	4.094421482	1.966043025	1.966043025	2.64E-12	1.79E-10	4.67934361	4.831209763	2.753765606	2.856368893	Auto	Auto	0	0	Up
MvSl-1064-A1-R4_MC03g04915	59.43	71.18	MvSl-1064-A2-R4_MC03g05193	59.43	71.18	1601268	1603634	2.885315329	-1.008182435	1.008182435	0.003442003	0.049621725	1.991423754	2.57133741	3.289010405	3.320267757	Auto	Auto	0	0	Down
MvSl-1064-A1-R4_MC03g04931	56.26	62.83	MvSl-1064-A2-R4_MC03g05209	56.26	62.83	1651607	1652476	5.507511944	1.218626164	1.218626164	1.47E-07	5.37E-06	6.126402909	5.838191758	4.5861128	4.940064447	Auto	Auto	0	0	Up
MvSl-1064-A1-R4_MC03g05014	53.93	59.55	MvSl-1064-A2-R4_MC03g05291	53.93	59.55	1837082	1839243	5.730652795	1.556657673	1.556657673	1.65E-13	1.25E-11	6.361824569	6.248129121	4.723066048	4.781977217	Auto	Auto	0	0	Up
MvSl-1064-A1-R4_MC03g05016	51.32	54.88	MvSl-1064-A2-R4_MC03g05293	51.32	54.88	1841396	1841971	1.788009434	1.58973385	1.58973385	7.50E-05	0.001751383	2.48109779	2.194443197	0.619046564	0.977053557	Auto	Auto	0	0	Up
MvSl-1064-A1-R4_MC03g05022	52.17	53.87	MvSl-1064-A2-R4_MC03g05299	52.17	53.87	1847049	1847753	4.301879555	3.407276008	3.407276008	2.10E-25	2.95E-23	5.29056033	5.021124448	1.37790071	2.114537831	Auto	Auto	0	0	Up
MvSl-1064-A1-R4_MC03g05037	53.79	60.23	MvSl-1064-A2-R4_MC03g05314	53.79	60.23	1878565	1881205	0.397471909	1.584511224	1.584511224	0.002528383	0.038121949	0.461368868	1.268807313	-0.336915477	-0.74869004	Auto	Auto	0	0	Up
MvSl-1064-A1-R4_MC03g05043	60.09	64.47	MvSl-1064-A2-R4_MC03g05320	60.09	64.47	1888458	1891265	4.683588438	-0.850427141	0.850427141	0.000634546	0.012006499	4.116998116	4.279459464	4.918287191	5.16656897	Auto	Auto	0	0	Down
MvSl-1064-A1-R4_MC03g05082	55.56	64.37	MvSl-1064-A2-R4_MC03g05359	55.56	64.37	2015028	2016811	2.793279695	-1.887609074	1.887609074	2.29E-07	8.28E-06	1.884682455	1.240316199	3.327712534	3.567567658	Auto	Auto	0	0	Down
MvSl-1064-A1-R4_MC03g05094	53.24	60.44	MvSl-1064-A2-R4_MC03g05371	53.24	60.44	2040299	2044931	2.771869372	1.476143872	1.476143872	1.88E-05	0.000496078	3.24884138	3.374741129	2.04973754	1.642475597	Auto	Auto	0	0	Up
MvSl-1064-A1-R4_MC03g05097	54.66	60.71	MvSl-1064-A2-R4_MC03g05374	54.66	60.71	2054587	2059584	4.079858089	4.287244089	4.287244089	1.31E-36	3.39E-34	4.868614448	5.112382777	0.568234379	0.977053557	Auto	Auto	0	0	Up
MvSl-1064-A1-R4_MC03g05099	52.08	59.38	MvSl-1064-A2-R4_MC03g05376	52.08	59.38	2060022	2061623	4.355148408	1.871965153	1.871965153	1.82E-11	1.09E-09	4.884860353	5.106475235	3.312356044	2.94136146	Auto	Auto	0	0	Up
MvSl-1064-A1-R4_MC03g05134	56.49	58.95	MvSl-1064-A2-R4_MC03g05411	56.49	58.95	2130759	2136537	0.758317278	4.124870169	4.124870169	3.64E-10	1.85E-08	0.993682877	2.021057832	-1.448050013	-2.683265469	Auto	Auto	0	0	Up
MvSl-1064-A1-R4_MC03g05141	52.34	58.53	MvSl-1064-A2-R4_MC03g05418	52.34	58.53	2155040	2156556	8.179241109	-0.964512004	0.964512004	0.000392699	0.007744282	7.194957523	7.945108079	8.580227637	8.584624025	Auto	Auto	0	0	Down
MvSl-1064-A1-R4_MC03g05149	55.78	65.22	MvSl-1064-A2-R4_MC03g05426	55.78	65.22	2176003	2177343	2.852269812	1.65530861	1.65530861	6.07E-06	0.0001685	3.726805854	3.077404797	1.763912422	1.854553469	Auto	Auto	0	0	Up
MvSl-1064-A1-R4_MC03g05187	55.69	66.46	MvSl-1064-A2-R4_MC03g05464	55.69	66.46	2259638	2261730	5.307145387	1.436737543	1.436737543	2.16E-09	9.66E-08	5.939064869	5.756298328	4.217047843	4.594603927	Auto	Auto	0	0	Up
MvSl-1064-A1-R4_MC03g05222	51	60.24	MvSl-1064-A2-R4_MC03g05499	51	60.24	2356833	2357805	4.510500557	1.350894625	1.350894625	8.35E-08	3.13E-06	4.959076487	5.094587083	3.67253008	3.695417116	Auto	Auto	0	0	Up
MvSl-1064-A1-R4_MC03g05233	53.67	55.24	MvSl-1064-A2-R4_MC03g05510	53.67	55.24	2381786	2383232	4.640688944	1.441384271	1.441384271	2.09E-08	8.49E-07	5.213634798	5.153071798	3.56000446	3.916205701	Auto	Auto	0	0	Up
MvSl-1064-A1-R4_MC03g05244	56.75	63.46	MvSl-1064-A2-R4_MC03g05521	56.75	63.46	2407825	2409650	3.351942831	0.951125142	0.951125142	0.002340467	0.036059607	3.887470093	3.581944763	2.683885317	2.91007307	Auto	Auto	0	0	Up
MvSl-1064-A1-R4_MC03g05260	58.42	76.37	MvSl-1064-A2-R4_MC03g05537	58.42	76.37	2449225	2449601	5.204226127	0.65769881	0.65769881	0.003357843	0.048619332	5.499417525	5.489016466	4.723066048	4.94521846	Auto	Auto	0	0	Up
MvSl-1064-A1-R4_MC04-1g05279	53.23	59.68	MvSl-1064-A2-R4_MC04-1g05556	53.23	59.68	14662	15523	0.581156142	-1.7146887	1.7146887	0.000703332	0.013128358	-0.001809461	-0.930066676	1.407108642	0.936220853	Auto	Auto	0	0	Down
MvSl-1064-A1-R4_MC04-1g05282	55.56	60.32	MvSl-1064-A2-R4_MC04-1g05559	55.56	60.32	16788	17024	3.05924008	5.175785008	5.175785008	2.74E-32	5.72E-30	3.864247648	4.116578781	-1.080635737	-0.74869004	Auto	Auto	0	0	Up
MvSl-1064-A1-R4_MC04-1g05310	57.61	64.13	MvSl-1064-A2-R4_MC04-1g05587	57.61	64.13	51262	53882	5.411211465	-0.667337928	0.667337928	0.002500425	0.037854247	5.126531589	4.950330846	5.614726618	5.793690659	Auto	Auto	0	0	Down
MvSl-1064-A1-R4_MC04-1g05312	59.2	67.09	MvSl-1064-A2-R4_MC04-1g05589	59.2	67.09	54684	56011	1.902024203	2.569657342	2.569657342	8.35E-10	4.01E-08	2.517278055	2.75374075	-0.072197335	0.388749813	Auto	Auto	0	0	Up
MvSl-1064-A1-R4_MC04-1g05313	54.53	56.21	MvSl-1064-A2-R4_MC04-1g05590	54.53	56.21	55965	58043	3.243034856	2.983108569	2.983108569	1.06E-13	8.09E-12	4.436462706	3.529926858	1.047803276	1.2003992	Auto	Auto	0	0	Up
MvSl-1064-A1-R4_MC04-1g05315	55.02	60.22	MvSl-1064-A2-R4_MC04-1g05592	55.02	60.22	59297	59753	3.002029932	5.661959534	5.661959534	1.23E-29	2.07E-27	4.259091348	3.553277775	-1.080635737	-1.641674788	Auto	Auto	0	0	Up
MvSl-1064-A1-R4_MC04-1g05323	56.56	66.45	MvSl-1064-A2-R4_MC04-1g05600	56.56	66.45	63200	65175	7.168839748	0.644965672	0.644965672	0.001138104	0.019695642	7.416676213	7.492638965	6.939878948	6.668527145	Auto	Auto	0	0	Up
MvSl-1064-A1-R4_MC04-1g05376	58.84	67.39	MvSl-1064-A2-R4_MC04-1g05653	58.84	67.39	172091	172368	8.957465633	1.730684959	1.730684959	4.84E-11	2.78E-09	9.608781245	9.544955541	7.803778133	7.888877329	Auto	Auto	0	0	Up
MvSl-1064-A1-R4_MC04-1g05378	53.15	58.13	MvSl-1064-A2-R4_MC04-1g05655	53.15	58.13	174063	174694	5.421422733	0.970073278	0.970073278	1.04E-05	0.000281899	5.916664615	5.725794582	4.785567579	4.924491	Auto	Auto	0	0	Up
MvSl-1064-A1-R4_MC04-1g05382	55.98	66.51	MvSl-1064-A2-R4_MC04-1g05659	55.98	66.51	187190	187345	2.144746286	1.250773282	1.250773282	0.000732288	0.013550494	2.642678073	2.594032769	1.596513013	1.165494325	Auto	Auto	0	0	Up
MvSl-1064-A1-R4_MC04-1g05388	57.79	64.96	MvSl-1064-A2-R4_MC04-1g05665	57.79	64.96	196274	196470	1.377178982	2.153663353	2.153663353	6.23E-05	0.001474833	2.353491325	1.639889002	-1.080635737	0.612575144	Auto	Auto	0	0	Up
MvSl-1064-A1-R4_MC04-1g05389	58.95	63.64	MvSl-1064-A2-R4_MC04-1g05666	58.95	63.64	201540	202270	1.178924801	3.436033959	3.436033959	7.34E-11	4.13E-09	2.213493155	1.724605488	-1.674086286	-0.74869004	Auto	Auto	0	0	Up
MvSl-1064-A1-R4_MC04-1g05411	61.21	69.66	MvSl-1064-A2-R4_MC04-1g05688	61.09	69.5	247860	248072	6.572931382	1.224964151	1.224964151	3.56E-09	1.55E-07	7.220785424	6.874484857	5.720311513	5.940278434	Auto	Auto	0.12	0.16	Up
MvSl-1064-A1-R4_MC04-1g05437	54.08	60.84	MvSl-1064-A2-R4_MC04-1g05714	54.08	60.84	329838	336992	1.769787212	3.227926308	3.227926308	1.09E-12	7.54E-11	2.737743416	2.401610136	-0.544922319	-0.396043736	Auto	Auto	0	0	Up
MvSl-1064-A1-R4_MC04-1g05493	51.46	55.32	MvSl-1064-A2-R4_MC04-1g05770	51.46	55.32	473810	475492	6.748373124	0.591446878	0.591446878	0.00223624	0.034759302	7.064006887	6.961056624	6.2519913	6.575201363	Auto	Auto	0	0	Up
MvSl-1064-A1-R4_MC04-1g05504	53.82	57.25	MvSl-1064-A2-R4_MC04-1g05781	53.82	57.25	503362	503958	8.09070929	-1.156400131	1.156400131	6.34E-07	2.09E-05	7.471491512	7.325124766	8.706561436	8.3881057	Auto	Auto	0	0	Down
MvSl-1064-A1-R4_MC04-1g05546	55.13	55.13	MvSl-1064-A2-R4_MC04-1g05822	55.13	55.13	586431	586712	1.823617776	1.26427804	1.26427804	0.001300414	0.021884336	2.48109779	2.086543214	0.971645157	1.165494325	Auto	Auto	0	0	Up
MvSl-1064-A1-R4_MC04-1g05677	58.62	70.69	MvSl-1064-A2-R4_MC04-1g05953	58.62	70.69	899230	899526	5.494072223	0.976347781	0.976347781	0.000669363	0.012576666	6.288702181	5.364192454	5.009192492	4.835695686	Auto	Auto	0	0	Up
MvSl-1064-A1-R4_MC04-1g05803	56.51	66.67	MvSl-1064-A2-R4_MC04-1g06079	56.51	66.67	1237345	1237580	0.571105655	4.496130829	4.496130829	3.13E-12	2.08E-10	1.38165766	1.45389196	-1.942237596	-2.683265469	Auto	Auto	0	0	Up
MvSl-1064-A1-R4_MC04-1g05832	52.49	49.32	MvSl-1064-A2-R4_MC04-1g06108	52.49	49.32	1298642	1299283	1.458209676	4.670637681	4.670637681	7.40E-16	6.96E-14	1.991423754	2.627420108	-2.271875237	-1.413437522	Auto	Auto	0	0	Up
MvSl-1064-A1-R4_MC04-1g05833	52.77	58.09	MvSl-1064-A2-R4_MC04-1g06109	52.77	58.09	1299353	1300536	4.897929805	4.106005149	4.106005149	9.62E-42	3.16E-39	6.026388335	5.554124517	1.596513013	1.876302765	Auto	Auto	0	0	Up
MvSl-1064-A1-R4_MC04-1g05863	56.89	64.44	MvSl-1064-A2-R4_MC04-1g06139	56.89	64.44	1367721	1368435	0.354451979	1.886897546	1.886897546	0.000225784	0.004651157	0.849768123	1.023372495	-0.92694101	-0.621320598	Auto	Auto	0	0	Up
MvSl-1064-A1-R4_MC04-1g05907	53.85	61.54	MvSl-1064-A2-R4_MC04-1g06183	53.85	61.54	1483230	1484965	0.843904036	1.820048438	1.820048438	0.000116158	0.002599575	1.328348589	1.526479497	-0.544922319	-0.029636685	Auto	Auto	0	0	Up
MvSl-1064-A1-R4_MC04-1g06004	54.84	50	MvSl-1064-A2-R4_MC04-2g06286	54.84	50	1684277	1685047	2.53896622	1.420965945	1.420965945	6.77E-05	0.001589222	3.241650607	2.860556376	1.621649621	1.716686586	Auto	Auto	0	0	Up
MvSl-1064-A1-R4_MC04-1g06022	59.42	66.47	MvSl-1064-A2-R4_MC04-2g06304	59.42	66.47	1743606	1743866	6.416684209	0.940585564	0.940585564	2.76E-05	0.000698846	7.031019335	6.550402575	5.690924583	6.031544774	Auto	Auto	0	0	Up
MvSl-1064-A1-R4_MC04-1g06027	61	71.75	MvSl-1064-A2-R4_MC04-2g06309	61	71.75	1744862	1749659	1.135503313	4.799070086	4.799070086	3.11E-12	2.07E-10	2.468833222	1.35105268	-3.311053328	-1.413437522	Auto	Auto	0	0	Up
MvSl-1064-A1-R4_MC04-1g06041	58.02	65.43	MvSl-1064-A2-R4_MC04-2g06323	58.02	65.43	1787514	1789936	5.240516625	1.24047057	1.24047057	3.19E-07	1.12E-05	5.652304861	5.800877717	4.241577415	4.705067986	Auto	Auto	0	0	Up
MvSl-1064-A1-R4_MC04-1g06073	56.58	66.08	MvSl-1064-A2-R4_MC04-2g06355	56.58	66.08	1915530	1916180	6.69975206	-2.404658963	2.404658963	4.11E-32	8.37E-30	5.187677403	4.896571138	7.374011392	7.523661897	Auto	Auto	0	0	Down
MvSl-1064-A1-R4_MC04-2g06086	60.21	69.22	MvSl-1064-A2-R4_MC04-2g06357	60.21	69.22	1916355	1917286	7.25538436	2.668295191	2.668295191	1.25E-33	2.74E-31	8.192598088	7.877049645	5.461313647	5.289185375	Auto	Auto	0	0	Up
MvSl-1064-A1-R4_MC05-1g06125	53.81	54.01	MvSl-1064-A2-R4_MC05g06397	53.81	54.01	14286	18278	3.624170786	0.998850301	0.998850301	0.000643518	0.012117698	4.105160774	3.955024849	3.022670386	3.060140989	Auto	Auto	0	0	Up
MvSl-1064-A1-R4_MC05-1g06164	51.83	56.84	MvSl-1064-A2-R4_MC05g06436	51.83	56.84	56477	57173	1.967763798	2.787799389	2.787799389	2.27E-11	1.35E-09	2.787970465	2.681404005	0.218838248	-0.112887976	Auto	Auto	0	0	Up
MvSl-1064-A1-R4_MC05-1g06215	58.77	57.82	MvSl-1064-A2-R4_MC05g06487	58.77	57.82	99173	100465	4.776380366	0.969286676	0.969286676	5.05E-05	0.001224217	5.187677403	5.16827544	4.285492918	4.134968366	Auto	Auto	0	0	Up
MvSl-1064-A1-R4_MC05-1g06264	54.86	65.98	MvSl-1064-A2-R4_MC05g06537	54.86	65.98	142427	143277	0.52813479	1.525133551	1.525133551	0.001822178	0.029117385	1.215430196	0.845643759	-0.661372867	-0.112887976	Auto	Auto	0	0	Up
MvSl-1064-A1-R4_MC05-2g06305	56.53	67.89	MvSl-1064-A2-R4_MC05g06579	56.53	67.89	178795	180229	1.916586136	1.529982122	1.529982122	0.000880521	0.01588096	2.910922433	1.804622046	0.715598022	1.2003992	Auto	Auto	0	0	Up
MvSl-1064-A1-R4_MC05-2g06306	53.33	61.9	MvSl-1064-A2-R4_MC05g06580	53.33	61.9	180667	185119	2.782015147	1.066954713	1.066954713	0.002074281	0.03253767	3.379067724	3.011493646	1.973684198	2.318951758	Auto	Auto	0	0	Up
MvSl-1064-A1-R4_MC05-2g06312	58.41	66.18	MvSl-1064-A2-R4_MC05g06586	58.07	65.75	184405	184596	2.736081462	1.524409022	1.524409022	2.54E-05	0.000648047	3.392116093	3.178476098	1.435736964	2.077464816	Auto	Auto	0.34	0.43	Up
MvSl-1064-A1-R4_MC05-2g06318	53.77	55.66	MvSl-1064-A2-R4_MC05g06592	53.77	55.66	186773	187370	5.355995492	2.561929224	2.561929224	1.24E-21	1.51E-19	6.333357088	5.883804636	3.320054721	3.790118383	Auto	Auto	0	0	Up
MvSl-1064-A1-R4_MC05-2g06335	53.72	55.71	MvSl-1064-A2-R4_MC05g06609	53.72	55.71	200561	204281	5.158497303	3.089655278	3.089655278	2.86E-26	4.45E-24	6.284334694	5.627463865	2.798540151	3.031350278	Auto	Auto	0	0	Up
MvSl-1064-A1-R4_MC05-2g06338	59.65	68.77	MvSl-1064-A2-R4_MC05g06612	59.65	68.77	201219	202635	1.006955456	1.456580705	1.456580705	0.001286246	0.021731449	1.482707068	1.549885827	-0.243174442	0.448044861	Auto	Auto	0	0	Up
MvSl-1064-A1-R4_MC05-2g06342	52.4	51.24	MvSl-1064-A2-R4_MC05g06616	52.4	51.24	206953	208744	4.318542882	0.858692768	0.858692768	0.001008078	0.017769188	4.665976114	4.69612526	3.910393091	3.737615786	Auto	Auto	0	0	Up
MvSl-1064-A1-R4_MC05-2g06373	51.52	56	MvSl-1064-A2-R4_MC05g06647	51.52	56	229114	231419	6.311726606	0.772612795	0.772612795	0.000638606	0.012051752	6.881165681	6.364903353	5.704222827	6.026690619	Auto	Auto	0	0	Up
MvSl-1064-A1-R4_MC05-2g06375	54.43	62.03	MvSl-1064-A2-R4_MC05g06649	54.43	62.03	231831	233255	3.346372981	1.014309577	1.014309577	0.001176772	0.020282717	3.923865594	3.570546231	2.765090189	2.742563392	Auto	Auto	0	0	Up
MvSl-1064-A1-R4_MC05-2g06394	61.1	68.97	MvSl-1064-A2-R4_MC05g06668	61.1	68.97	241192	246474	5.945783577	-0.615043751	0.615043751	0.002552355	0.038280846	5.677836817	5.532257094	6.09930562	6.333261228	Auto	Auto	0	0	Down
MvSl-1064-A1-R4_MC05-2g06418	51.85	53.4	MvSl-1064-A2-R4_MC05g06692	51.85	53.4	262569	262910	2.225551998	1.360669113	1.360669113	0.000231895	0.004748972	2.883464683	2.559854427	1.286551977	1.509620584	Auto	Auto	0	0	Up
MvSl-1064-A1-R4_MC05-2g06420	55.05	59.16	MvSl-1064-A2-R4_MC05g06694	55.05	59.16	265218	269867	2.934544065	-2.531381084	2.531381084	5.45E-12	3.43E-10	0.887114917	1.50268715	3.56000446	3.846297711	Auto	Auto	0	0	Down
MvSl-1064-A1-R4_MC05-2g06438	55.1	58.95	MvSl-1064-A2-R4_MC05g06712	55.1	58.95	274678	276195	6.508123474	2.967757884	2.967757884	3.02E-28	4.79E-26	7.661967544	6.904868906	4.490424847	4.2393572	Auto	Auto	0	0	Up
MvSl-1064-A1-R4_MC05-2g06483	59.88	68.77	MvSl-1064-A2-R4_MC05g06757	59.88	68.77	321091	322684	4.616354971	-0.837132444	0.837132444	0.000705447	0.013139146	4.027847453	4.247605778	4.973026522	4.978278085	Auto	Auto	0	0	Down
MvSl-1064-A1-R4_MC05-2g06485	52.87	55.81	MvSl-1064-A2-R4_MC05g06759	52.87	55.81	324269	326695	3.968869859	-1.429571067	1.429571067	1.34E-06	4.20E-05	3.21986071	2.960005743	4.301136466	4.702026469	Auto	Auto	0	0	Down
MvSl-1064-A1-R4_MC05-3g06513	63.83	64.81	MvSl-1064-A2-R4_MC05g06776	63.83	64.81	333219	334279	5.629104666	-1.224846913	1.224846913	7.12E-05	0.001667724	5.276555713	4.371006289	5.736222758	6.416332957	Auto	Auto	0	0	Down
MvSl-1064-A1-R4_MC05-3g06523	53.12	56.25	MvSl-1064-A2-R4_MC05g06786	53.12	56.25	343243	346503	0.088810483	-2.427079998	2.427079998	2.29E-05	0.000593338	-0.802429189	-2.046230976	0.619046564	1.016762309	Auto	Auto	0	0	Down
MvSl-1064-A1-R4_MC05-3g06538	51.01	53.41	MvSl-1064-A2-R4_MC05g06801	51.01	53.41	353635	356122	5.366711835	0.781271572	0.781271572	0.000293936	0.005954645	5.698992404	5.707698263	4.920820922	4.927098277	Auto	Auto	0	0	Up
MvSl-1064-A1-R4_MC05-3g06566	54.06	55.85	MvSl-1064-A2-R4_MC05g06829	54.06	55.85	372360	377356	6.81078045	1.286824258	1.286824258	1.48E-06	4.60E-05	7.526890474	7.064728046	5.550731116	6.38727815	Auto	Auto	0	0	Up
MvSl-1064-A1-R4_MC05-3g06591	56.5	66.36	MvSl-1064-A2-R4_MC05g06854	56.56	66.63	390272	393020	5.511231015	0.707273927	0.707273927	0.000946944	0.016865473	5.742943685	5.894128996	5.190214097	5.034974338	Auto	Auto	-0.06	-0.27	Up
MvSl-1064-A1-R4_MC05-3g06731	56.22	66.13	MvSl-1064-A2-R4_MC05g06995	56.22	66.13	630141	632459	3.765130384	-1.110557998	1.110557998	0.000131366	0.002887019	3.081721694	3.148124546	4.36206763	4.056172296	Auto	Auto	0	0	Down
MvSl-1064-A1-R4_MC05-3g06733	60.33	72.42	MvSl-1064-A2-R4_MC05g06997	60.33	72.42	632784	634814	7.177510451	2.074478968	2.074478968	3.00E-24	3.94E-22	7.972190463	7.758053271	5.76329914	5.828971854	Auto	Auto	0	0	Up
MvSl-1064-A1-R4_MC05-3g06742	54.46	58.14	MvSl-1064-A2-R4_MC05g07006	54.46	58.14	657231	661261	6.647388205	0.637597379	0.637597379	0.000678688	0.012723915	6.903550119	6.957232218	6.315951213	6.270998669	Auto	Auto	0	0	Up
MvSl-1064-A1-R4_MC05-3g06747	52.81	53.73	MvSl-1064-A2-R4_MC05g07011	52.81	53.73	664553	665083	3.751364789	-3.253641177	3.253641177	2.92E-23	3.67E-21	1.355249339	1.45389196	4.427673268	4.776204515	Auto	Auto	0	0	Down
MvSl-1064-A1-R4_MC05-3g06760	53.78	58.94	MvSl-1064-A2-R4_MC05g07024	53.78	58.94	687412	690448	0.110296257	2.406505	2.406505	0.000213704	0.004434365	1.328348589	-0.149133665	-1.674086286	-1.04311097	Auto	Auto	0	0	Up
MvSl-1064-A1-R4_MC05-3g06813	52.55	54.49	MvSl-1064-A2-R4_MC05g07077	52.55	54.49	817253	818315	4.833596031	2.412579449	2.412579449	8.70E-20	1.00E-17	5.741669931	5.396828899	3.304616064	3.041011162	Auto	Auto	0	0	Up
MvSl-1064-A1-R4_MC06g06875	61.08	71.95	MvSl-1064-A2-R4_MC06-1g07138	61.08	71.95	66153	71990	5.421085152	1.007242061	1.007242061	0.0021897	0.034160122	5.582873177	6.052048026	4.140852832	5.297269599	Auto	Auto	0	0	Up
MvSl-1064-A1-R4_MC06g06907	60.14	69.7	MvSl-1064-A2-R4_MC06-1g07170	60.14	69.7	138764	138937	4.985523568	1.740398534	1.740398534	3.64E-12	2.39E-10	5.761916273	5.425583488	3.793595981	3.94221645	Auto	Auto	0	0	Up
MvSl-1064-A1-R4_MC06g06910	52.3	54.7	MvSl-1064-A2-R4_MC06-1g07173	52.3	54.7	139489	139896	5.792223207	0.90645564	0.90645564	3.98E-05	0.000992409	6.357673241	5.963312805	5.283730953	5.254312893	Auto	Auto	0	0	Up
MvSl-1064-A1-R4_MC06g06946	55.45	66.34	MvSl-1064-A2-R4_MC06-1g07209	55.45	66.34	230960	231869	7.017319242	-2.605561205	2.605561205	3.62E-36	8.85E-34	5.297511986	5.086606874	7.677245303	7.910119029	Auto	Auto	0	0	Down
MvSl-1064-A1-R4_MC06g06947	50.33	60.78	MvSl-1064-A2-R4_MC06-1g07210	50.33	60.78	232660	235326	6.326569699	-2.990309692	2.990309692	1.64E-40	4.68E-38	4.294269463	4.040129559	6.969551142	7.321995791	Auto	Auto	0	0	Down
MvSl-1064-A1-R4_MC06g06972	53.77	55.95	MvSl-1064-A2-R4_MC06-1g07235	53.77	55.95	305280	309649	3.661888815	-1.410101842	1.410101842	2.82E-06	8.43E-05	2.737743416	2.869885889	4.03256459	4.356178349	Auto	Auto	0	0	Down
MvSl-1064-A1-R4_MC06g07032	54.5	54.37	MvSl-1064-A2-R4_C25g01885	54.5	54.37	39986	41872	2.999144651	2.952178564	2.952178564	3.85E-12	2.52E-10	4.215713089	3.222838747	0.761554	1.055407329	Auto	Auto	0	0	Up
MvSl-1064-A1-R4_MC06g07033	52.73	58.27	MvSl-1064-A2-R4_C25g01886	52.73	58.27	1	3803	5.313732564	1.357013949	1.357013949	4.43E-06	0.00012666	6.058458009	5.571382902	4.013699128	4.835695686	Auto	Auto	0	0	Up
MvSl-1064-A1-R4_MC06g07064	55.66	64.35	MvSl-1064-A2-R4_MC06-2g07329	55.66	64.35	532964	537850	2.46464478	1.960960458	1.960960458	1.30E-06	4.10E-05	3.455644311	2.660052231	1.084425927	1.300315986	Auto	Auto	0	0	Up
MvSl-1064-A1-R4_MC06g07078	61.06	67.36	MvSl-1064-A2-R4_MC06-2g07343	61.06	67.36	593151	594060	1.526893421	1.364209618	1.364209618	0.001358062	0.022720301	1.847271814	2.179514254	1.010226695	0.326912883	Auto	Auto	0	0	Up
MvSl-1064-A1-R4_MC06g07079	57.95	68.18	MvSl-1064-A2-R4_MC06-2g07344	57.95	68.18	595535	600785	1.669252126	-1.993922013	1.993922013	7.75E-07	2.53E-05	0.358758952	0.506001378	2.303805867	2.396256758	Auto	Auto	0	0	Down
MvSl-1064-A1-R4_MC06g07081	59.86	66.36	MvSl-1064-A2-R4_MC06-2g07346	59.86	66.36	612733	619013	4.333613719	-1.461367666	1.461367666	3.24E-08	1.28E-06	3.522438726	3.341595345	4.930911581	4.843997649	Auto	Auto	0	0	Down
MvSl-1064-A1-R4_MC06g07140	54.93	60.46	MvSl-1064-A2-R4_MC06-2g07405	54.93	60.46	755046	757789	6.632849507	-1.114499409	1.114499409	4.48E-09	1.93E-07	5.947928485	5.995634083	7.116043396	7.05388409	Auto	Auto	0	0	Down
MvSl-1064-A1-R4_MC06g07295	55.22	54.51	MvSl-1064-A2-R4_MC06-2g07560	55.22	54.51	1171961	1172863	1.620812589	9.850540835	9.850540835	1.84E-21	2.22E-19	3.015808108	1.898779072	-3.311053328	-3.311053328	Auto	Auto	0	0	Up
MvSl-1064-A1-R4_MC06g07296	51.94	58.24	MvSl-1064-A2-R4_MC06-2g07561	51.94	58.24	1173410	1175964	4.601826071	1.929546221	1.929546221	2.56E-11	1.51E-09	5.40280005	5.100543404	3.003674239	3.613614841	Auto	Auto	0	0	Up
MvSl-1064-A1-R4_MC06g07297	54	56.63	MvSl-1064-A2-R4_MC06-2g07562	54	56.63	1176406	1177519	1.217816975	3.364025075	3.364025075	1.91E-06	5.85E-05	2.717152529	0.642902881	-1.674086286	-0.621320598	Auto	Auto	0	0	Up
MvSl-1064-A1-R4_MC06g07412	56.28	67.84	MvSl-1064-A2-R4_MC06-2g07677	56.28	67.84	1433455	1433734	1.912479392	-1.99287112	1.99287112	3.48E-07	1.21E-05	0.602775612	0.727447653	2.719248522	2.455250276	Auto	Auto	0	0	Down
MvSl-1064-A1-R4_MC06g07471	55.44	68.36	MvSl-1064-A2-R4_MC06-2g07736	55.44	68.36	1566396	1569472	3.038088409	1.30414905	1.30414905	0.00016971	0.003609079	3.797162848	3.215539058	2.139491191	2.350372556	Auto	Auto	0	0	Up
MvSl-1064-A1-R4_MC06g07527	57.16	71.06	MvSl-1064-A2-R4_MC06-2g07792	57.16	71.06	1703196	1705563	5.924273004	0.869316531	0.869316531	0.000973422	0.017229372	6.032651257	6.513674689	5.736222758	5.027704314	Auto	Auto	0	0	Up
MvSl-1064-A1-R4_MC07g07592	56.17	57.41	MvSl-1064-A2-R4_MC07g07857	56.17	57.41	123980	126397	3.364090597	1.144536887	1.144536887	0.000807054	0.014682726	3.706057135	3.919525672	3.013203578	2.253979542	Auto	Auto	0	0	Up
MvSl-1064-A1-R4_MC07g07597	55.09	67.28	MvSl-1064-A2-R4_MC07g07862	55.09	67.28	135056	136879	7.513843292	0.704108271	0.704108271	0.001716129	0.027681484	7.673703292	7.958288136	7.31311113	6.895160975	Auto	Auto	0	0	Up
MvSl-1064-A1-R4_MC07g07648	52.76	53.64	MvSl-1064-A2-R4_MC07g07913	52.76	53.64	261764	264280	4.407088511	-7.309841352	7.309841352	9.72E-61	6.39E-58	-0.926535427	-2.358483091	5.641087983	5.114905006	Auto	Auto	0	0	Down
MvSl-1064-A1-R4_MC07g07754	51.72	54.35	MvSl-1064-A2-R4_MC07g08019	51.72	54.35	498542	499897	5.24315409	1.400437442	1.400437442	4.07E-10	2.05E-08	5.814961063	5.7373092	4.354590487	4.405625172	Auto	Auto	0	0	Up
MvSl-1064-A1-R4_MC07g07835	58.2	76.19	MvSl-1064-A2-R4_MC07g08100	58.2	76.19	696657	699613	1.205646841	1.362783364	1.362783364	0.001577586	0.02564027	1.866098393	1.50268715	0.283267542	0.504998774	Auto	Auto	0	0	Up
MvSl-1064-A1-R4_MC07g07850	55.11	53.33	MvSl-1064-A2-R4_MC07g08115	55.11	53.33	740104	743065	1.218267338	3.069014089	3.069014089	9.10E-10	4.35E-08	2.198716135	1.765168443	-0.544922319	-1.216424298	Auto	Auto	0	0	Up
MvSl-1064-A1-R4_MC07g07851	54.13	57.6	MvSl-1064-A2-R4_MC07g08116	54.13	57.6	743304	745005	1.904813697	1.378408857	1.378408857	0.000917835	0.016415427	2.717152529	2.021057832	0.849294503	1.267773256	Auto	Auto	0	0	Up
MvSl-1064-A1-R4_MC07g07868	59.15	69.17	MvSl-1064-A2-R4_MC07g08133	59.15	69.17	781747	782519	5.345356705	0.693606166	0.693606166	0.001805851	0.028910526	5.538084761	5.752520445	5.009192492	4.903461399	Auto	Auto	0	0	Up
MvSl-1064-A1-R4_MC07g07960	56.67	71.3	MvSl-1064-A2-R4_MC07g08225	56.67	71.3	1027350	1030206	3.156135867	1.134160386	1.134160386	0.002399699	0.036765288	3.989727087	3.077404797	2.319253151	2.631848648	Auto	Auto	0	0	Up
MvSl-1064-A1-R4_MC07g07963	55.39	66.16	MvSl-1064-A2-R4_MC07g08228	55.39	66.16	1030751	1031712	0.37134161	1.543742683	1.543742683	0.00184865	0.029354744	0.849768123	0.919382715	-0.661372867	-0.396043736	Auto	Auto	0	0	Up
MvSl-1064-A1-R4_MC07g07981	57.69	59.62	MvSl-1064-A2-R4_MC07g08246	57.69	59.62	1068375	1070028	6.316261764	0.903544842	0.903544842	3.07E-06	9.04E-05	6.717814917	6.676710615	5.897989752	5.683897075	Auto	Auto	0	0	Up
MvSl-1064-A1-R4_MC07g07983	52.96	52.52	MvSl-1064-A2-R4_MC07g08248	52.96	52.52	1072044	1072293	3.735667152	0.998664546	0.998664546	0.000574555	0.011062763	4.113063117	4.174196178	3.289010405	3.001973294	Auto	Auto	0	0	Up
MvSl-1064-A1-R4_MC07g07984	58.72	68.11	MvSl-1064-A2-R4_MC07g08249	58.72	68.11	1072860	1073318	1.185389112	-1.570091356	1.570091356	0.000483808	0.009443087	0.461368868	0.060947975	1.407108642	2.058564827	Auto	Auto	0	0	Down
MvSl-1064-A1-R4_MC07g08004	54.94	63.54	MvSl-1064-A2-R4_MC07g08269	54.94	63.54	1124271	1124576	5.496277189	2.069579251	2.069579251	7.60E-11	4.25E-09	6.547495674	5.698564264	3.725664103	4.431564678	Auto	Auto	0	0	Up
MvSl-1064-A1-R4_MC07g08076	60.75	73.07	MvSl-1064-A2-R4_MC07g08341	60.75	73.07	1305828	1307606	5.957799741	1.375843913	1.375843913	2.21E-06	6.72E-05	6.882322089	5.936924088	4.90299064	5.295252786	Auto	Auto	0	0	Up
MvSl-1064-A1-R4_MC07g08078	54.64	61.65	MvSl-1064-A2-R4_MC07g08343	54.73	66.15	1311203	1311672	2.686681367	1.094428264	1.094428264	0.001363265	0.02276279	3.212523658	3.019899107	2.190779875	1.876302765	Auto	Auto	-0.09	-4.5	Up
MvSl-1064-A1-R4_MC07g08153	55.46	51.72	MvSl-1064-A2-R4_MC07g08418	55.46	51.72	1484639	1486372	4.692941115	1.763257008	1.763257008	1.66E-11	1.00E-09	5.338532846	5.291419463	3.335329913	3.755329799	Auto	Auto	0	0	Up
MvSl-1064-A1-R4_MC07g08233	55.07	60.56	MvSl-1064-A2-R4_MC07g08498	55.07	60.56	1687994	1691309	4.281706355	-2.188232416	2.188232416	2.05E-15	1.77E-13	2.883464683	2.763784734	4.900425373	5.089526489	Auto	Auto	0	0	Down
MvSl-1064-A1-R4_MC07g08235	51.83	68.13	MvSl-1064-A2-R4_MC07g08500	51.83	68.13	1691898	1695699	6.523466387	1.213794313	1.213794313	3.66E-08	1.44E-06	6.816696967	7.17185584	5.981673354	5.575063565	Auto	Auto	0	0	Up
MvSl-1064-A1-R4_MC07g08249	57.42	61.76	MvSl-1064-A2-R4_MC07g08514	57.42	61.76	372	3020	0.980460751	1.469973676	1.469973676	0.002363099	0.036269537	1.749267358	1.181588326	-0.437173354	0.504998774	Auto	Auto	0	0	Up
MvSl-1064-A1-R4_MC08g08310	54.21	57.09	MvSl-1064-A2-R4_MC08-1g08575	54.21	57.09	147431	148150	1.360457684	1.261635656	1.261635656	0.002469617	0.037578335	1.974173002	1.661539042	0.460903914	0.760247891	Auto	Auto	0	0	Up
MvSl-1064-A1-R4_MC08g08311	54.86	61.68	MvSl-1064-A2-R4_MC08-1g08576	54.86	61.68	148462	150755	5.425151267	3.48446359	3.48446359	2.70E-42	9.60E-40	6.32061709	6.272955811	2.585112866	3.041011162	Auto	Auto	0	0	Up
MvSl-1064-A1-R4_MC08g08367	52.28	58.17	MvSl-1064-A2-R4_MC08-1g08632	52.28	58.17	312848	317889	3.81216244	2.150414622	2.150414622	1.18E-08	4.86E-07	4.837949365	4.080870447	1.89339741	2.742563392	Auto	Auto	0	0	Up
MvSl-1064-A1-R4_MC08g08368	58.15	67.05	MvSl-1064-A2-R4_MC08-1g08633	58.15	67.05	319491	320700	6.24033299	1.652782076	1.652782076	3.36E-11	1.95E-09	7.130724206	6.475987311	5.004422425	5.354563443	Auto	Auto	0	0	Up
MvSl-1064-A1-R4_MC08g08369	52.62	50.87	MvSl-1064-A2-R4_MC08-1g08634	52.62	50.87	321102	322279	4.673939168	3.920386229	3.920386229	5.46E-42	1.87E-39	5.664455287	5.476856353	1.718032715	1.667639135	Auto	Auto	0	0	Up
MvSl-1064-A1-R4_MC08g08437	54.4	56.6	MvSl-1064-A2-R4_MC08-1g08702	54.4	56.6	479562	479717	3.061135831	-1.091716353	1.091716353	0.000949362	0.016873374	2.59832894	2.238324918	3.654374789	3.343875908	Auto	Auto	0	0	Down
MvSl-1064-A1-R4_MC08g08450	58.36	60.84	MvSl-1064-A2-R4_MC08-1g08715	58.36	60.84	505637	507278	7.013369972	-4.156850851	4.156850851	8.64E-76	7.39E-73	3.954975471	3.59887546	7.899054474	7.970766618	Auto	Auto	0	0	Down
MvSl-1064-A1-R4_MC08g08647	54.74	59.74	MvSl-1064-A2-R4_MC08-1g08912	54.74	59.74	1005844	1008701	7.66948414	-1.164412299	1.164412299	5.76E-07	1.92E-05	6.988158069	6.958872491	8.379341756	7.84646536	Auto	Auto	0	0	Down
MvSl-1064-A1-R4_MC08g08762	55.75	56.58	MvSl-1064-A2-R4_MC08-2g09043	55.75	56.58	1254288	1255224	6.084534618	1.023509393	1.023509393	7.37E-07	2.41E-05	6.6542478	6.340783552	5.4207162	5.544825527	Auto	Auto	0	0	Up
MvSl-1064-A1-R4_MC08g08768	57.7	60.09	MvSl-1064-A2-R4_MC08-2g09049	57.7	60.09	1262694	1263659	6.401389632	-0.726763597	0.726763597	0.001500458	0.024620759	5.739119042	6.21006917	6.91658272	6.491361529	Auto	Auto	0	0	Down
MvSl-1064-A1-R4_MC08g08800	55	66.67	MvSl-1064-A2-R4_MC08-2g09081	55	66.67	1353520	1356257	0.722463561	2.90765464	2.90765464	2.02E-05	0.000525997	2.122471675	0.244290534	-0.788054896	-1.641674788	Auto	Auto	0	0	Up
MvSl-1064-A1-R4_MC08g08840	56.56	62.17	MvSl-1064-A2-R4_MC08-2g09121	56.56	62.17	1456618	1458909	5.928880697	-0.653726695	0.653726695	0.001298261	0.021884336	5.667141541	5.45842182	6.143364311	6.291378442	Auto	Auto	0	0	Down
MvSl-1064-A1-R4_MC09-2g08943	52.23	57.01	MvSl-1064-A2-R4_MC09g09218	52.23	57.01	65141	68255	2.17228297	1.793207713	1.793207713	3.37E-06	9.87E-05	2.787970465	2.773759275	0.715598022	1.300315986	Auto	Auto	0	0	Up
MvSl-1064-A1-R4_MC09-2g08965	56.79	64.02	MvSl-1064-A2-R4_MC09g09240	56.79	64.02	124311	124799	4.702233171	1.345593134	1.345593134	1.90E-06	5.85E-05	5.517392805	4.843100729	3.874245806	3.884360843	Auto	Auto	0	0	Up
MvSl-1064-A1-R4_MC09-2g08966	53.49	49.77	MvSl-1064-A2-R4_MC09g09241	53.49	49.77	124914	125426	3.265027026	2.05949936	2.05949936	3.30E-07	1.16E-05	4.378635616	3.307670096	1.694533862	2.096120404	Auto	Auto	0	0	Up
MvSl-1064-A1-R4_MC09-2g09143	56.16	59.36	MvSl-1064-A2-R4_MC09g09418	56.16	59.36	524685	531893	5.5123405	0.924462066	0.924462066	2.37E-05	0.000611171	6.033692439	5.752520445	5.01394684	4.940064447	Auto	Auto	0	0	Up
MvSl-1064-A1-R4_MC09-2g09144	55.28	53.66	MvSl-1064-A2-R4_MC09g09419	55.28	53.66	532912	536762	7.196608394	11.71176652	11.71176652	5.36E-104	1.53E-100	7.591950729	8.618330289	-2.271875237	-2.683265469	Auto	Auto	0	0	Up
MvSl-1064-A1-R4_MC09-2g09215	58.15	63.59	MvSl-1064-A2-R4_MC09g09490	58.15	63.59	727387	730261	7.609934619	-1.518359073	1.518359073	1.30E-09	6.07E-08	6.532842441	6.778055293	8.464949013	7.819705119	Auto	Auto	0	0	Down
MvSl-1064-A1-R4_MC09-2g09242	58.96	66.82	MvSl-1064-A2-R4_MC09g09517	58.9	66.5	796806	800631	6.276283933	0.607954176	0.607954176	0.002105142	0.032961278	6.684393918	6.396717312	5.868105653	6.009571292	Auto	Auto	0.06	0.32	Up
MvSl-1064-A1-R4_MC09-2g09466	60.68	67.37	MvSl-1064-A2-R4_MC09g09740	60.68	67.37	1376037	1378579	4.224494913	1.396756011	1.396756011	4.59E-06	0.000130418	5.017081499	4.432114097	3.140399094	3.560867851	Auto	Auto	0	0	Up
MvSl-1064-A1-R4_MC09-2g09478	58.92	65.68	MvSl-1064-A2-R4_MC09g09752	58.92	65.68	1396465	1397585	3.569253748	1.508203407	1.508203407	4.59E-06	0.000130418	4.311542	3.910512694	2.334536787	2.878091043	Auto	Auto	0	0	Up
MvSl-1064-A1-R4_MC09-2g09490	55.61	55.94	MvSl-1064-A2-R4_MC09g09764	55.61	55.94	1414240	1418506	3.380464365	1.281188675	1.281188675	4.90E-05	0.001193049	3.787319491	3.955024849	2.787476114	2.396256758	Auto	Auto	0	0	Up
MvSl-1064-A1-R4_MC09-2g09506	54.4	67.2	MvSl-1064-A2-R4_MC09g09780	54.4	67.2	1458343	1463719	3.48824946	1.052940038	1.052940038	0.000834809	0.015152407	4.124836061	3.664678656	2.925085012	2.811918076	Auto	Auto	0	0	Up
MvSl-1064-A1-R4_MC09-2g09545	53.51	59.32	MvSl-1064-A2-R4_MC09g09819	53.51	59.32	1543700	1545536	5.681652728	1.013232718	1.013232718	2.35E-06	7.11E-05	6.22540936	5.961132087	4.975465997	5.192807103	Auto	Auto	0	0	Up
MvSl-1064-A1-R4_MC09-2g09566	52.34	56.11	MvSl-1064-A2-R4_MC09g09840	52.34	56.11	11976	14195	2.190122709	3.777916732	3.777916732	1.82E-10	9.66E-09	3.586277028	2.194443197	0.006247939	-1.413437522	Auto	Auto	0	0	Up
MvSl-1064-A1-R4_MC09-2g09580	58.97	63.34	MvSl-1064-A2-R4_C28g01908	58.97	63.34	4141	7652	4.070377367	-1.359168185	1.359168185	1.02E-06	3.26E-05	3.291249234	3.200827934	4.462871657	4.720180125	Auto	Auto	0	0	Down
MvSl-1064-A1-R4_MC10-1g09620	56.03	64.66	MvSl-1064-A2-R4_MC10g09887	56.03	64.66	57521	59809	3.238135729	-1.130350536	1.130350536	0.000316192	0.006390374	2.48109779	2.670767618	3.820983268	3.560867851	Auto	Auto	0	0	Down
MvSl-1064-A1-R4_MC10-1g09726	53.26	56.68	MvSl-1064-A2-R4_MC10g09993	53.26	56.68	189544	190847	6.103973968	0.803651532	0.803651532	0.000110672	0.002489831	6.602560727	6.278220684	5.733342827	5.554975455	Auto	Auto	0	0	Up
MvSl-1064-A1-R4_MC10-1g09729	56.1	56.1	MvSl-1064-A2-R4_MC10g09996	56.1	56.1	191437	192358	3.008256985	0.958533649	0.958533649	0.002421162	0.037027749	3.41147	3.387789116	2.451304939	2.455250276	Auto	Auto	0	0	Up
MvSl-1064-A1-R4_MC10-1g09730	53.53	62.84	MvSl-1064-A2-R4_MC10g09997	53.53	62.84	193004	193818	5.982856328	4.870518345	4.870518345	2.70E-84	2.88E-81	7.041926735	6.810516161	2.04973754	2.132723103	Auto	Auto	0	0	Up
MvSl-1064-A1-R4_MC10-1g09785	53.79	59.55	MvSl-1064-A2-R4_MC10g10052	53.79	59.55	253166	256550	2.168565211	-1.544787561	1.544787561	0.003026542	0.04438063	1.272993863	1.211251072	1.596513013	3.382384109	Auto	Auto	0	0	Down
MvSl-1064-A1-R4_MC10-1g09794	59.84	66.75	MvSl-1064-A2-R4_MC10g10061	59.84	66.75	266742	267496	5.200385096	1.942385937	1.942385937	8.97E-17	9.02E-15	5.883553711	5.8417521	4.03724266	3.80720307	Auto	Auto	0	0	Up
MvSl-1064-A1-R4_MC10-1g09796	51.88	52.76	MvSl-1064-A2-R4_MC10g10063	51.88	52.76	271160	272967	4.777729318	1.222016796	1.222016796	3.38E-07	1.18E-05	5.211796107	5.305239508	4.03256459	4.051400437	Auto	Auto	0	0	Up
MvSl-1064-A1-R4_MC10-1g09803	49.7	51.82	MvSl-1064-A2-R4_MC10g10070	49.7	51.82	278595	279408	2.649387799	2.808228437	2.808228437	1.73E-10	9.34E-09	3.436877839	3.426239624	-0.155154508	1.234479489	Auto	Auto	0	0	Up
MvSl-1064-A1-R4_MC10-1g09809	59.45	54.14	MvSl-1064-A2-R4_MC10g10076	59.45	54.14	284000	284197	5.817045022	1.037371183	1.037371183	6.09E-07	2.02E-05	6.306902601	6.175687535	5.143251087	5.268774378	Auto	Auto	0	0	Up
MvSl-1064-A1-R4_MC10-1g09814	55.78	59.69	MvSl-1064-A2-R4_MC10g10081	55.78	59.69	286844	287131	8.117220395	-1.374157275	1.374157275	3.57E-06	0.00010337	7.21483074	7.328935107	9.042667062	8.098853181	Auto	Auto	0	0	Down
MvSl-1064-A1-R4_MC10-1g09819	54.09	61.32	MvSl-1064-A2-R4_MC10g10086	54.09	61.32	291142	293603	5.347551399	-4.350527616	4.350527616	9.94E-50	4.72E-47	2.271132637	1.572918467	6.145532317	6.404219845	Auto	Auto	0	0	Down
MvSl-1064-A1-R4_MC10-1g09820	55.35	64.15	MvSl-1064-A2-R4_MC10g10087	55.35	64.15	292132	298154	1.368689677	-2.726059901	2.726059901	1.59E-09	7.26E-08	-0.688158539	-0.149133665	2.104256913	2.237268772	Auto	Auto	0	0	Down
MvSl-1064-A1-R4_MC10-1g09822	48.09	56.69	MvSl-1064-A2-R4_MC10g10089	48.09	56.69	299656	302127	0.464469447	3.354716109	3.354716109	6.94E-09	2.95E-07	1.185763506	1.296746649	-1.252678073	-2.24728276	Auto	Auto	0	0	Up
MvSl-1064-A1-R4_MC10-1g09823	49.44	54.24	MvSl-1064-A2-R4_MC10g10090	49.44	54.24	300108	300658	1.88980763	2.050451786	2.050451786	3.59E-06	0.000103703	2.901827791	2.070448421	0.344942075	0.760247891	Auto	Auto	0	0	Up
MvSl-1064-A1-R4_MC10-1g09827	49.67	51.37	MvSl-1064-A2-R4_MC10g10094	49.67	51.37	302529	305064	0.754171533	2.9356142	2.9356142	7.11E-08	2.69E-06	1.355249339	1.639889002	-1.942237596	-0.621320598	Auto	Auto	0	0	Up
MvSl-1064-A1-R4_MC10-1g09833	58.17	70.26	MvSl-1064-A2-R4_MC10g10100	58.17	70.26	316220	317941	5.54775169	1.387141088	1.387141088	2.77E-10	1.45E-08	6.149639397	6.003072653	4.821266377	4.554695952	Auto	Auto	0	0	Up
MvSl-1064-A1-R4_MC10-1g09843	53.1	60.36	MvSl-1064-A2-R4_MC10g10110	53.1	60.36	324800	325624	1.478962097	-4.963022564	4.963022564	1.70E-19	1.88E-17	-2.043678548	-1.789683465	2.572276917	2.302980956	Auto	Auto	0	0	Down
MvSl-1064-A1-R4_MC10-2g09889	52.27	53.41	MvSl-1064-A2-R4_MC10g10153	52.27	53.41	379721	383212	4.392533856	1.255242646	1.255242646	2.79E-06	8.37E-05	4.923569404	4.840730364	3.445012421	3.801530625	Auto	Auto	0	0	Up
MvSl-1064-A1-R4_MC10-2g09908	46.62	50.33	MvSl-1064-A2-R4_MC10g10172	46.62	50.33	411857	413747	3.560830862	1.888184347	1.888184347	7.98E-10	3.88E-08	4.226680541	4.181707526	2.223986578	2.440726506	Auto	Auto	0	0	Up
MvSl-1064-A1-R4_MC10-2g09910	53.71	50.24	MvSl-1064-A2-R4_MC10g10174	53.71	50.24	413125	414807	3.145276226	2.747021883	2.747021883	2.95E-14	2.35E-12	4.136513711	3.680670957	1.084425927	1.363278739	Auto	Auto	0	0	Up
MvSl-1064-A1-R4_MC10-2g09942	59.84	68.9	MvSl-1064-A2-R4_MC10g10206	60.24	70.39	449964	450988	6.086684037	0.918180283	0.918180283	1.16E-05	0.00031218	6.647462248	6.273834625	5.571842623	5.539723658	Auto	Auto	-0.4	-1.49	Up
MvSl-1064-A1-R4_MC10-2g09962	53.4	61.17	MvSl-1064-A2-R4_MC10g10226	53.4	61.17	474885	475908	3.014264445	1.078304162	1.078304162	0.000897648	0.016121834	3.591942843	3.279943544	2.408616701	2.350372556	Auto	Auto	0	0	Up
MvSl-1064-A1-R4_MC10-2g09980	57.73	64.49	MvSl-1064-A2-R4_MC10g10244	57.73	64.49	499776	500178	3.490617601	1.101777122	1.101777122	0.000266786	0.005417471	4.015252251	3.841058445	2.765090189	2.91007307	Auto	Auto	0	0	Up
MvSl-1064-A1-R4_MC10-2g09992	56.68	62.64	MvSl-1064-A2-R4_MC10g10256	56.68	62.64	515138	517478	6.030828194	0.65989928	0.65989928	0.001244079	0.021186524	6.406717758	6.232844651	5.532623023	5.783655318	Auto	Auto	0	0	Up
MvSl-1064-A1-R4_MC10-2g10037	62.02	61.63	MvSl-1064-A2-R4_MC10g10301	62.02	61.63	568609	571317	6.205371874	0.775713973	0.775713973	0.000118481	0.002637832	6.634481107	6.440423316	5.633384516	5.887707484	Auto	Auto	0	0	Up
MvSl-1064-A1-R4_MC10-2g10078	51.75	56.84	MvSl-1064-A2-R4_MC10g10342	51.75	56.84	617264	621090	5.805485191	-1.900034164	1.900034164	8.15E-19	8.61E-17	4.551423418	4.584388514	6.549179748	6.373006493	Auto	Auto	0	0	Down
MvSl-1064-A1-R4_MC10-2g10100	51.91	54.64	MvSl-1064-A2-R4_MC10g10364	51.91	54.64	664955	666359	4.176924027	0.999784759	0.999784759	0.00254669	0.038280846	4.952485134	4.096850028	3.365403496	3.790118383	Auto	Auto	0	0	Up
MvSl-1064-A1-R4_MC10-2g10125	51.72	56.82	MvSl-1064-A2-R4_MC10g10389	51.72	56.82	710850	711768	2.77811765	1.127381508	1.127381508	0.001569419	0.025556124	3.461845944	2.933555908	1.934099233	2.270498966	Auto	Auto	0	0	Up
MvSl-1064-A1-R4_MC11g10177	56.21	59.55	MvSl-1064-A2-R4_MC11g10436	56.21	59.55	56006	58599	1.886331883	1.656768508	1.656768508	0.00012693	0.002808678	2.340087249	2.57133741	0.218838248	1.300315986	Auto	Auto	0	0	Up
MvSl-1064-A1-R4_MC11g10186	54.43	60.55	MvSl-1064-A2-R4_MC11g10445	54.43	60.55	68118	72083	1.561002567	3.292341455	3.292341455	4.89E-12	3.17E-10	2.379931553	2.362488512	-0.336915477	-1.216424298	Auto	Auto	0	0	Up
MvSl-1064-A1-R4_MC11g10204	51.36	64.59	MvSl-1064-A2-R4_MC11g10463	51.36	64.59	98495	99967	0.370961422	1.547066366	1.547066366	0.003092389	0.045114057	1.215430196	0.457320064	-0.336915477	-0.74869004	Auto	Auto	0	0	Up
MvSl-1064-A1-R4_MC11g10214	58.42	61.62	MvSl-1064-A2-R4_MC11g10474	58.42	61.62	121781	122734	6.027313228	-0.947429324	0.947429324	1.43E-06	4.46E-05	5.431523038	5.524893671	6.45617382	6.392947516	Auto	Auto	0	0	Down
MvSl-1064-A1-R4_MC11g10232	53.09	54.49	MvSl-1064-A2-R4_MC11g10493	53.09	54.49	165456	166548	6.111891479	0.717466385	0.717466385	0.000381323	0.007563645	6.564885332	6.271196574	5.673000739	5.744280167	Auto	Auto	0	0	Up
MvSl-1064-A1-R4_MC11g10236	63.27	69.12	MvSl-1064-A2-R4_MC11g10497	63.3	69.4	174537	177515	4.097848589	-1.307956371	1.307956371	5.20E-06	0.000146683	3.534257775	3.044825592	4.589301813	4.6302411	Auto	Auto	-0.03	-0.28	Down
MvSl-1064-A1-R4_MC11g10248	51.51	52.81	MvSl-1064-A2-R4_MC11g10509	51.51	52.81	203470	205831	5.368312864	1.456453453	1.456453453	2.99E-10	1.56E-08	5.842553046	5.98815696	4.617690091	4.29289804	Auto	Auto	0	0	Up
MvSl-1064-A1-R4_MC11g10303	48.97	45.68	MvSl-1064-A2-R4_MC11g10564	48.97	45.68	314171	315245	3.544673804	-1.538649848	1.538649848	8.50E-07	2.74E-05	2.747929692	2.427114009	4.257701781	3.967766538	Auto	Auto	0	0	Down
MvSl-1064-A1-R4_MC11g10335	53.66	58.24	MvSl-1064-A2-R4_MC11g10596	53.66	58.24	403477	405342	7.145271294	0.685980401	0.685980401	0.001018468	0.01789538	7.546718457	7.340725549	6.553268105	6.944251792	Auto	Auto	0	0	Up
MvSl-1064-A1-R4_MC11g10384	59.1	67.5	MvSl-1064-A2-R4_MC11g10646	59.1	67.5	540353	542555	6.806193704	1.400624731	1.400624731	6.45E-13	4.59E-11	7.425825777	7.252532249	6.061916139	5.812144521	Auto	Auto	0	0	Up
MvSl-1064-A1-R4_MC11g10390	55.31	58.24	MvSl-1064-A2-R4_MC11g10652	55.31	58.24	566417	566773	1.560994275	1.20786005	1.20786005	0.002486405	0.03775538	2.106727046	1.916894901	0.806091164	0.894198711	Auto	Auto	0	0	Up
MvSl-1064-A1-R4_MC11g10554	60	67	MvSl-1064-A2-R4_MC11g10816	60	67	976602	978972	6.83127355	1.586851029	1.586851029	6.07E-09	2.59E-07	7.694260841	7.069797007	5.40993496	6.155678301	Auto	Auto	0	0	Up
MvSl-1064-A1-R4_MC11g10558	51.76	50.51	MvSl-1064-A2-R4_MC11g10820	51.76	50.51	979265	980114	6.148474419	0.950311916	0.950311916	1.57E-06	4.85E-05	6.464224228	6.622547467	5.669991661	5.519133827	Auto	Auto	0	0	Up
MvSl-1064-A1-R4_MC11g10573	53.26	57	MvSl-1064-A2-R4_MC11g10835	52.42	57.26	1014781	1015475	3.809894194	2.371397114	2.371397114	1.88E-13	1.40E-11	4.77956537	4.261849869	2.223986578	2.168420084	Auto	Auto	0.84	-0.26	Up
MvSl-1064-A1-R4_MC11g10576	51.83	50.72	MvSl-1064-A2-R4_MC11g10840	51.83	50.72	1017295	1019497	7.506970083	7.060461854	7.060461854	9.53E-92	1.36E-88	8.797915678	8.110915982	1.74115494	1.165494325	Auto	Auto	0	0	Up
MvSl-1064-A1-R4_MC11g10617	57.78	62.95	MvSl-1064-A2-R4_MC11g10881	57.78	62.95	1110845	1113375	4.172432066	2.919051001	2.919051001	1.26E-19	1.41E-17	5.242739547	4.666986316	1.993076691	2.185942725	Auto	Auto	0	0	Up
MvSl-1064-A1-R4_MC11g10624	55.16	61.78	MvSl-1064-A2-R4_MC11g10888	55.16	61.78	1132737	1135054	6.803099676	1.142115258	1.142115258	1.05E-09	4.99E-08	7.34969754	7.170912637	6.137929997	6.1059188	Auto	Auto	0	0	Up
MvSl-1064-A1-R4_MC11g10626	53.77	55.65	MvSl-1064-A2-R4_MC11g10890	53.77	55.65	1136661	1136858	4.938323898	1.123876553	1.123876553	3.63E-06	0.000104555	5.523335138	5.24377455	4.187892716	4.348418447	Auto	Auto	0	0	Up
MvSl-1064-A1-R4_MC11g10627	58.94	68.8	MvSl-1064-A2-R4_MC11g10891	58.94	68.8	1137072	1137356	2.718644335	1.837999833	1.837999833	1.82E-07	6.60E-06	3.492460422	3.178476098	1.621649621	1.452852467	Auto	Auto	0	0	Up
MvSl-1064-A1-R4_MC11g10628	53.92	50	MvSl-1064-A2-R4_MC11g10892	53.92	50	1138918	1139508	0.408178288	1.960889372	1.960889372	0.000108992	0.002458496	1.092917539	0.919382715	-0.788054896	-0.74869004	Auto	Auto	0	0	Up
MvSl-1064-A1-R4_MC11g10629	61.11	74.24	MvSl-1064-A2-R4_MC11g10893	61.11	74.24	1139725	1141353	1.480112874	1.553788472	1.553788472	0.000617703	0.011761122	1.749267358	2.252660481	0.932003429	-0.029636685	Auto	Auto	0	0	Up
MvSl-1064-A1-R4_MC11g10630	54.04	67.37	MvSl-1064-A2-R4_MC11g10894	54.04	67.37	1143521	1145206	2.394159431	1.991407592	1.991407592	8.94E-06	0.000244239	2.431401251	3.47596301	1.37790071	0.760247891	Auto	Auto	0	0	Up
MvSl-1064-A1-R4_MC11g10647	52.08	60.5	MvSl-1064-A2-R4_MC11g10911	52.08	60.5	1198955	1199307	3.629124807	2.921963186	2.921963186	9.54E-17	9.48E-15	4.710929135	4.096850028	1.49134371	1.616865351	Auto	Auto	0	0	Up
MvSl-1064-A1-R4_MC11g10654	56.96	65.82	MvSl-1064-A2-R4_MC11g10918	56.96	65.82	1214897	1216735	1.444035644	1.567776314	1.567776314	0.00135666	0.022720301	2.379931553	1.45389196	-0.072197335	0.894198711	Auto	Auto	0	0	Up
MvSl-1064-A1-R4_MC11g10656	58.48	65.1	MvSl-1064-A2-R4_MC11g10920	58.48	65.1	1219688	1220586	6.375598022	0.836865651	0.836865651	2.83E-05	0.000712999	6.877110938	6.573427032	5.821407911	5.969661351	Auto	Auto	0	0	Up
MvSl-1064-A1-R4_MC11g10686	59.62	68.72	MvSl-1064-A2-R4_MC11g10950	59.62	68.72	1291550	1292525	1.066380131	3.561324445	3.561324445	6.79E-11	3.84E-09	1.903030167	1.861850355	-2.271875237	-0.74869004	Auto	Auto	0	0	Up
MvSl-1064-A1-R4_MC11g10688	58.91	62.79	MvSl-1064-A2-R4_MC11g10952	58.91	62.79	1293047	1293321	0.666542812	-1.582352777	1.582352777	0.000807215	0.014682726	-0.304547654	-0.149133665	1.010226695	1.452852467	Auto	Auto	0	0	Down
MvSl-1064-A1-R4_MC11g10721	53.93	56.65	MvSl-1064-A2-R4_MC11g10986	53.93	56.65	1379145	1381294	3.397151928	0.913470449	0.913470449	0.003325092	0.048261816	3.950572065	3.576256754	2.852622281	2.888830688	Auto	Auto	0	0	Up
MvSl-1064-A1-R4_MC11g10722	58.55	61.18	MvSl-1064-A2-R4_MC11g10987	58.55	61.18	1381368	1381643	8.385266482	-1.116450817	1.116450817	2.95E-06	8.72E-05	7.728099971	7.715994213	8.965156385	8.698880666	Auto	Auto	0	0	Down
MvSl-1064-A1-R4_MC11g10730	54.09	64.38	MvSl-1064-A2-R4_MC11g10995	54.09	64.38	1404174	1407908	2.351630764	-1.806977046	1.806977046	3.56E-06	0.00010337	1.577139689	0.767931887	2.984424626	3.001973294	Auto	Auto	0	0	Down
MvSl-1064-A1-R4_MC11g10735	52.51	58.92	MvSl-1064-A2-R4_MC11g11000	52.51	58.92	1424266	1428049	2.355457261	2.004357253	2.004357253	2.68E-07	9.56E-06	3.113582545	2.89751781	0.668129848	1.363278739	Auto	Auto	0	0	Up
MvSl-1064-A1-R4_MC12g10761	57.4	67.2	MvSl-1064-A2-R4_MC12g11024	57.4	67.2	35162	35617	4.887916669	-0.721254003	0.721254003	0.002550009	0.038280846	4.605641585	4.354485626	5.125787359	5.279015973	Auto	Auto	0	0	Down
MvSl-1064-A1-R4_MC12g10776	51.83	58.41	MvSl-1064-A2-R4_MC12g11039	51.83	58.41	69956	74714	7.935226591	-0.812700819	0.812700819	0.00183539	0.029273786	7.056342829	7.79555907	8.31482298	8.254873527	Auto	Auto	0	0	Down
MvSl-1064-A1-R4_MC12g10779	51.08	48.05	MvSl-1064-A2-R4_MC12g11042	51.08	48.05	82041	82394	5.649779363	1.346904255	1.346904255	1.70E-05	0.000452051	6.603262211	5.545417281	4.570061132	5.042207911	Auto	Auto	0	0	Up
MvSl-1064-A1-R4_MC12g10807	54.56	59.81	MvSl-1064-A2-R4_MC12g11070	54.56	59.81	163948	164272	1.856390069	4.741697158	4.741697158	1.03E-15	9.55E-14	3.197736654	2.118203948	-1.252678073	-1.912931964	Auto	Auto	0	0	Up
MvSl-1064-A1-R4_MC12g10810	51.11	64.44	MvSl-1064-A2-R4_MC12g11073	51.11	64.44	173282	175019	4.707687888	-3.479844036	3.479844036	4.31E-26	6.57E-24	1.577139689	2.536610575	5.466525729	5.697705308	Auto	Auto	0	0	Down
MvSl-1064-A1-R4_MC12g10896	54.57	56.19	MvSl-1064-A2-R4_MC12g11159	54.57	56.19	377315	379044	7.547824452	1.206044552	1.206044552	1.59E-08	6.45E-07	8.110110316	7.940411117	6.670070253	6.960251082	Auto	Auto	0	0	Up
MvSl-1064-A1-R4_MC12g10912	57.47	62.07	MvSl-1064-A2-R4_MC12g11175	57.47	62.07	412894	415158	3.29884009	0.948054165	0.948054165	0.00280867	0.041470322	3.854852985	3.500196473	2.610447149	2.878091043	Auto	Auto	0	0	Up
MvSl-1064-A1-R4_MC12g10966	52.98	50.53	MvSl-1064-A2-R4_MC12g11229	52.98	50.53	555127	556274	3.629361555	2.12623426	2.12623426	1.59E-10	8.66E-09	4.536810227	4.064711888	1.993076691	2.411232829	Auto	Auto	0	0	Up
MvSl-1064-A1-R4_MC12g10989	52.21	56.37	MvSl-1064-A2-R4_MC12g11252	52.21	56.37	610583	611894	3.738704173	-0.932000816	0.932000816	0.00126676	0.021487163	3.345920955	3.053039625	4.096716189	4.166203106	Auto	Auto	0	0	Down
MvSl-1064-A1-R4_MC12g11005	56.17	62.96	MvSl-1064-A2-R4_MC12g11268	56.17	62.96	647337	652899	3.347832429	1.009915293	1.009915293	0.002980866	0.043785945	3.963742167	3.518108122	2.422986917	3.031350278	Auto	Auto	0	0	Up
MvSl-1064-A1-R4_MC12g11139	52.12	45.45	MvSl-1064-A2-R4_MC12g11402	52.12	45.45	985207	991308	2.564482448	4.251451781	4.251451781	8.00E-21	9.37E-19	3.695569789	3.178476098	-0.336915477	-0.888402933	Auto	Auto	0	0	Up
MvSl-1064-A1-R4_MC12g11142	53.79	55.04	MvSl-1064-A2-R4_MC12g11405	53.79	55.04	998442	999413	5.608338596	1.294840708	1.294840708	8.80E-08	3.26E-06	6.354343556	5.822661267	4.67584701	4.952915121	Auto	Auto	0	0	Up
MvSl-1064-A1-R4_MC12g11205	53.27	58.88	MvSl-1064-A2-R4_MC12g11468	53.27	58.88	1134446	1134742	6.151825048	-1.294487564	1.294487564	7.61E-09	3.20E-07	5.380057763	5.352593011	6.90190936	6.366297761	Auto	Auto	0	0	Down
MvSl-1064-A1-R4_MC12g11233	60.3	63.32	MvSl-1064-A2-R4_MC12g11496	60.3	63.32	1206947	1212539	4.439638949	-0.874554805	0.874554805	0.000537918	0.010380722	3.994012766	3.887730785	4.777202419	4.846754387	Auto	Auto	0	0	Down
MvSl-1064-A1-R4_MC12g11242	52.16	46.97	MvSl-1064-A2-R4_MC12g11505	52.16	46.97	1236394	1237400	4.962730019	1.282149404	1.282149404	4.52E-07	1.53E-05	5.58713465	5.325724476	3.965427107	4.375397439	Auto	Auto	0	0	Up
MvSl-1064-A1-R4_MC12g11273	54.53	63.09	MvSl-1064-A2-R4_MC12g11536	54.53	63.09	1325547	1330139	7.668898456	-1.606021691	1.606021691	1.42E-14	1.16E-12	6.712623335	6.593276345	8.252573007	8.265986475	Auto	Auto	0	0	Down
MvSl-1064-A1-R4_MC13g11307	55.88	66.67	MvSl-1064-A2-R4_MC13g11568	55.88	66.67	53736	55376	5.510465073	1.00224516	1.00224516	1.73E-05	0.000458589	6.066619618	5.766324584	4.720159705	5.103424629	Auto	Auto	0	0	Up
MvSl-1064-A1-R4_MC13g11325	51.39	54.92	MvSl-1064-A2-R4_MC13g11586	51.39	54.92	103156	103770	4.270038039	1.128857814	1.128857814	1.91E-05	0.000501737	4.804179799	4.634512433	3.629806773	3.567567658	Auto	Auto	0	0	Up
MvSl-1064-A1-R4_MC13g11330	51.37	57.71	MvSl-1064-A2-R4_MC13g11591	51.37	57.71	105993	107860	6.012093121	-0.637160617	0.637160617	0.002644193	0.039381899	5.785595495	5.521937747	6.445655281	6.128749724	Auto	Auto	0	0	Down
MvSl-1064-A1-R4_MC13g11333	51.23	55.56	MvSl-1064-A2-R4_MC13g11594	51.23	55.56	109343	111790	3.937244398	1.236517272	1.236517272	2.35E-05	0.000608092	4.600029419	4.215032875	3.289010405	3.08836837	Auto	Auto	0	0	Up
MvSl-1064-A1-R4_MC13g11416	56.92	50.94	MvSl-1064-A2-R4_MC13g11677	56.92	50.94	297846	298166	1.771433664	1.277265877	1.277265877	0.001543454	0.025181279	2.418704948	2.054172047	1.222272509	0.760247891	Auto	Auto	0	0	Up
MvSl-1064-A1-R4_MC13g11462	64.67	74	MvSl-1064-A2-R4_MC13g11723	64.67	74	415327	415476	4.34980113	0.807174573	0.807174573	0.002622068	0.039120529	4.525012155	4.845467207	3.989765004	3.784378229	Auto	Auto	0	0	Up
MvSl-1064-A1-R4_MC13g11558	55.19	57.08	MvSl-1064-A2-R4_MC13g11819	55.19	57.08	635916	636083	4.624593895	3.920682846	3.920682846	1.62E-25	2.30E-23	5.954540642	4.907937475	1.621649621	1.667639135	Auto	Auto	0	0	Up
MvSl-1064-A1-R4_MC13g11612	51.28	51.28	MvSl-1064-A2-R4_MC13g11873	51.28	51.28	763339	763589	3.517047267	4.338193165	4.338193165	1.58E-25	2.29E-23	4.751995442	4.015121096	0.006247939	0.388749813	Auto	Auto	0	0	Up
MvSl-1064-A1-R4_MC13g11715	55.06	62.19	MvSl-1064-A2-R4_MC13g11976	54.88	62.33	1003792	1007748	6.681233035	2.720484396	2.720484396	3.79E-30	6.89E-28	7.738354321	7.154305965	4.856103113	4.655617067	Auto	Auto	0.18	-0.14	Up
MvSl-1064-A1-R4_MC14g11747	56.12	60.71	MvSl-1064-A2-R4_MC14g12008	56.12	60.71	35118	38034	1.923186572	1.355370256	1.355370256	0.00034009	0.006836635	2.505318499	2.335805348	1.120141884	1.093044126	Auto	Auto	0	0	Up
MvSl-1064-A1-R4_MC14g11772	59.49	63.29	MvSl-1064-A2-R4_MC14g12033	59.49	63.29	102226	104487	3.340824184	1.078405774	1.078405774	0.001175683	0.020282717	3.864247648	3.675359863	2.349660208	2.992046514	Auto	Auto	0	0	Up
MvSl-1064-A1-R4_MC14g11805	58.35	74.18	MvSl-1064-A2-R4_MC14g12066	58.35	74.18	167027	167383	6.115163323	0.621999685	0.621999685	0.001381851	0.022983347	6.396232024	6.387814948	5.696850052	5.841464791	Auto	Auto	0	0	Up
MvSl-1064-A1-R4_MC14g11878	52.78	58.33	MvSl-1064-A2-R4_MC14g12139	52.78	58.33	341003	341770	0.073481276	3.084526249	3.084526249	6.11E-07	2.02E-05	1.060591845	0.506001378	-1.942237596	-1.641674788	Auto	Auto	0	0	Up
MvSl-1064-A1-R4_MC14g11898	55.46	57.52	MvSl-1064-A2-R4_MC14g12159	55.46	57.52	395025	396943	1.880266877	-4.083415488	4.083415488	5.11E-15	4.33E-13	-2.043678548	-0.395107576	3.032075479	2.539450147	Auto	Auto	0	0	Down
MvSl-1064-A1-R4_MC14g11962	57.45	64.63	MvSl-1064-A2-R4_MC14g12223	57.45	64.63	532089	535474	5.830845739	2.963976662	2.963976662	9.93E-36	2.30E-33	6.724278234	6.579126186	3.479795336	3.889717373	Auto	Auto	0	0	Up
MvSl-1064-A1-R4_MC14g11964	52.41	60.06	MvSl-1064-A2-R4_MC14g12225	52.41	60.06	538082	541861	3.187825519	1.283737944	1.283737944	8.97E-05	0.002062524	3.854852985	3.482059644	2.256446123	2.5530178	Auto	Auto	0	0	Up
MvSl-1064-A1-R4_MC14g11965	53.04	58.12	MvSl-1064-A2-R4_MC14g12226	53.04	58.12	546722	550595	3.571178344	2.034267952	2.034267952	4.35E-10	2.17E-08	3.994012766	4.457088976	2.121981614	2.334747695	Auto	Auto	0	0	Up
MvSl-1064-A1-R4_MC14g11969	55.29	57.18	MvSl-1064-A2-R4_MC14g12230	55.29	57.18	550878	551151	7.952584437	1.39565136	1.39565136	1.82E-10	9.66E-09	8.510879639	8.463443939	7.005803253	7.173995361	Auto	Auto	0	0	Up
MvSl-1064-A1-R4_MC14g11979	55.2	63.37	MvSl-1064-A2-R4_MC14g12240	55.2	63.37	571151	572631	4.141245508	1.487069027	1.487069027	7.03E-08	2.67E-06	4.731608403	4.656242702	3.07820266	3.343875908	Auto	Auto	0	0	Up
MvSl-1064-A1-R4_MC14g11980	52.63	51.97	MvSl-1064-A2-R4_MC14g12241	52.63	51.97	572936	573493	2.22956456	-1.769421928	1.769421928	2.86E-06	8.53E-05	1.185763506	1.088755239	2.622949391	3.069611614	Auto	Auto	0	0	Down
MvSl-1064-A1-R4_MC14g11984	50.63	53.42	MvSl-1064-A2-R4_MC14g12245	50.89	53.86	578466	581232	2.776045338	1.858524207	1.858524207	1.00E-07	3.69E-06	3.55180676	3.244518787	1.544886476	1.616865351	Auto	Auto	-0.26	-0.44	Up
MvSl-1064-A1-R4_MC15g12050	58.31	65.7	MvSl-1064-A2-R4_MC15g12299	58.31	65.7	92522	96549	3.937412235	1.608824084	1.608824084	2.91E-06	8.64E-05	4.757047504	4.236829651	2.451304939	3.280041508	Auto	Auto	0	0	Up
MvSl-1064-A1-R4_MC15g12121	53.44	56.87	MvSl-1064-A2-R4_MC15g12370	53.44	56.87	277836	279747	4.53071878	1.909067798	1.909067798	6.57E-12	4.10E-10	5.415636473	4.907937475	3.24115428	3.328180143	Auto	Auto	0	0	Up
MvSl-1064-A1-R4_MC15g12135	49.12	42.11	MvSl-1064-A2-R4_MC15g12385	49.12	42.11	307421	310256	4.535082749	1.527747495	1.527747495	1.40E-06	4.39E-05	5.445672895	4.64541848	3.788055577	3.336049371	Auto	Auto	0	0	Up
MvSl-1064-A1-R4_MC15g12144	53.63	66.83	MvSl-1064-A2-R4_MC15g12394	53.63	66.83	338080	339343	2.128334011	7.970795062	7.970795062	5.29E-30	9.41E-28	3.241650607	2.89751781	-3.311053328	-2.683265469	Auto	Auto	0	0	Up
MvSl-1064-A1-R4_MC15g12147	55.49	65.27	MvSl-1064-A2-R4_MC15g12397	55.49	65.27	342114	343845	6.13979169	1.020123424	1.020123424	1.23E-05	0.0003282	6.79291204	6.282593449	5.343498729	5.715913078	Auto	Auto	0	0	Up
MvSl-1064-A1-R4_MC15g12148	51.17	54.78	MvSl-1064-A2-R4_MC15g12398	51.17	54.78	343988	344673	1.364667243	3.539818991	3.539818991	8.96E-13	6.23E-11	2.213493155	2.164429209	-0.788054896	-1.413437522	Auto	Auto	0	0	Up
MvSl-1064-A1-R4_MC16g12187	59.94	66.82	MvSl-1064-A2-R4_MC16g12438	59.94	66.82	35570	37944	4.675533717	1.473637401	1.473637401	2.95E-07	1.04E-05	5.333468572	5.112382777	3.365403496	4.070393899	Auto	Auto	0	0	Up
MvSl-1064-A1-R4_MC16g12190	55.44	52.63	MvSl-1064-A2-R4_MC16g12441	55.44	52.63	47318	47719	4.945626965	0.759085015	0.759085015	0.001181825	0.020323077	5.302703834	5.24377455	4.427673268	4.601149233	Auto	Auto	0	0	Up
MvSl-1064-A1-R4_MC16g12194	60.91	72.03	MvSl-1064-A2-R4_MC16g12445	60.91	72.03	50983	51374	0.077584683	2.218431815	2.218431815	0.000161159	0.003461684	0.189710021	1.088755239	-1.448050013	-1.04311097	Auto	Auto	0	0	Up
MvSl-1064-A1-R4_MC18g12256	58.09	64.56	MvSl-1064-A2-R4_MC18g12506	58.09	64.56	17583	18462	1.00675433	-1.312042703	1.312042703	0.003376836	0.048764482	0.248288386	0.300568733	1.189025871	1.787266256	Auto	Auto	0	0	Down
MvSl-1064-A1-R4_MC18g12262	59.85	67.24	MvSl-1064-A2-R4_MC18g12512	59.85	67.24	30731	36545	4.887312416	3.600671827	3.600671827	0.00000001	0.000000001	5.896202638	5.623332584	1.74115494	2.539450147	Auto	Auto	0	0	Up
