MvSl-1064-A1-R4_A1g00073	56.83	66.76	MvSl-1064-A2-R4_A2g00073	56.83	66.76	160618	163050	5.103829051	0.811477637	0.811477637	0.001586955	0.025743608	5.292301387	5.59407755	4.36206763	4.876735855	bPAR	bPAR	0	0	Up
MvSl-1064-A1-R4_A1g00078	54.55	62.34	MvSl-1064-A2-R4_A2g00078	54.55	62.34	177417	178892	7.162015405	-0.993002656	0.993002656	8.92E-05	0.002056118	6.188489281	6.891761894	7.771153038	7.347523635	bPAR	bPAR	0	0	Down
MvSl-1064-A1-R4_A1g00079	54.4	62.49	MvSl-1064-A2-R4_A2g00079	54.4	62.49	179366	179827	5.694014129	-1.646693649	1.646693649	7.76E-10	3.79E-08	4.856897194	4.413095053	5.91206624	6.597469001	bPAR	bPAR	0	0	Down
MvSl-1064-A1-R4_A1g00080	54.82	57.24	MvSl-1064-A2-R4_A2g00080	54.39	57.24	180716	185718	5.542369321	-1.367630539	1.367630539	5.04E-10	2.49E-08	4.671337984	4.740031501	5.91079222	6.21449043	bPAR	bPAR	0.43	0	Down
MvSl-1064-A1-R4_A1g00154	53.7	57.01	MvSl-1064-A2-R4_A2g01432	53.24	56.56	2689352	2692677	5.199460696	-0.909654782	0.909654782	5.39E-05	0.001286072	4.614019113	4.737485441	5.671496984	5.491215484	Black	OldStrata	0.46	0.45	Down
MvSl-1064-A1-R4_A1g00165	55.58	65.51	MvSl-1064-A2-R4_A2g00290	55.51	65.19	621126	622892	7.334891887	-0.801032568	0.801032568	5.23E-05	0.001260356	6.838905348	6.920104979	7.656871623	7.703989183	Black	OldStrata	0.07	0.32	Down
MvSl-1064-A1-R4_A1g00230	54.06	64.35	MvSl-1064-A2-R4_A2g00529	52.38	64.91	919803	924298	5.230187082	1.402672746	1.402672746	2.99E-09	1.32E-07	5.838983877	5.685414554	4.170964231	4.537736211	Purple	OldStrata	1.68	-0.56	Up
MvSl-1064-A1-R4_A1g00242	53.99	73.44	MvSl-1064-A2-R4_A2g00644	53.47	71.88	1134595	1135956	5.994034638	0.66789462	0.66789462	0.000859995	0.015576484	6.264072184	6.31283723	5.510925333	5.724931509	Black	OldStrata	0.52	1.56	Up
MvSl-1064-A1-R4_A1g00246	56.33	62.9	MvSl-1064-A2-R4_A2g00241	56.04	62.03	616404	620052	6.804052816	1.489921975	1.489921975	1.13E-15	1.03E-13	7.381123455	7.345749247	5.832215722	5.916858268	Black	OldStrata	0.29	0.87	Up
MvSl-1064-A1-R4_A1g00254	56.25	64.14	MvSl-1064-A2-R4_A2g00300	56.45	64.79	651956	657345	4.805555172	-1.92950017	1.92950017	2.21E-12	1.51E-10	3.782372513	3.272927838	5.291583489	5.630506344	Black	OldStrata	-0.2	-0.65	Down
MvSl-1064-A1-R4_A1g00269	56.03	65.95	MvSl-1064-A2-R4_A2g00651	56.02	66.09	1139524	1144406	6.339085605	-4.216289271	4.216289271	2.19E-61	1.56E-58	3.359271189	2.691962548	7.291736728	7.236816721	Black	OldStrata	0.01	-0.14	Down
MvSl-1064-A1-R4_A1g00270	55.56	67.19	MvSl-1064-A2-R4_A2g00647	55.38	67.19	1136196	1138565	5.488642924	-1.168558114	1.168558114	2.01E-07	7.28E-06	4.954685599	4.609668146	5.962125924	5.954405817	Black	OldStrata	0.18	0	Down
MvSl-1064-A1-R4_A1g00292	54.74	66.06	MvSl-1064-A2-R4_A2g00711	55.23	68.25	1153924	1156082	6.888217476	-0.906844922	0.906844922	6.74E-06	0.000186342	6.208912143	6.506963213	7.397851347	7.133366457	Black	OldStrata	-0.49	-2.19	Down
MvSl-1064-A1-R4_A1g00312	57.71	66.25	MvSl-1064-A2-R4_A2g00914	57.89	61.29	1486271	1487768	8.489494858	-3.601662265	3.601662265	1.65E-35	3.71E-33	5.878926465	5.665462493	9.613607804	9.090179052	Black	OldStrata	-0.18	4.96	Down
MvSl-1064-A1-R4_A1g00349	55.78	65.29	MvSl-1064-A2-R4_A2g00995	56.09	67.16	1701948	1703146	10.89651077	2.448345756	2.448345756	1.57E-10	8.58E-09	11.86238788	11.4096367	9.013437315	9.375056075	Black	OldStrata	-0.31	-1.87	Up
MvSl-1064-A1-R4_A1g00350	58.46	61.58	MvSl-1064-A2-R4_A2g00970	58.55	61.78	1608112	1609203	4.674464515	0.902069081	0.902069081	0.000693619	0.012975377	4.77956537	5.282714221	4.225270795	4.079797675	Black	OldStrata	-0.09	-0.2	Up
MvSl-1064-A1-R4_A1g00400	54.31	57.99	MvSl-1064-A2-R4_A2g00370	54.23	58.25	841678	844038	4.786379612	-1.080405595	1.080405595	0.00015815	0.0034056	4.473765263	3.737837858	5.076642639	5.366138491	Red	ColorStrata	0.08	-0.26	Down
MvSl-1064-A1-R4_A1g00448	57	69.26	MvSl-1064-A2-R4_A2g01642	56.41	65.31	3110528	3114459	6.769288689	-2.200893457	2.200893457	1.52E-25	2.25E-23	5.418827812	5.143487511	7.650779306	7.299533825	Black	OldStrata	0.59	3.95	Down
MvSl-1064-A1-R4_A1g00495	60.74	63.56	MvSl-1064-A2-R4_A2g01715	59.36	64.18	3171155	3174630	6.456170652	-1.952930588	1.952930588	1.30E-23	1.65E-21	5.143992398	5.205598012	7.083055154	7.166291679	Blue	OldStrata	1.38	-0.62	Down
MvSl-1064-A1-R4_A1g00516	55.69	63.11	MvSl-1064-A2-R4_A2g01504	54.66	60.42	2776699	2777667	8.659814433	-0.952952226	0.952952226	0.000213002	0.00443055	8.032808644	8.176295153	9.232840031	8.861394841	Black	OldStrata	1.03	2.69	Down
MvSl-1064-A1-R4_A1g00522	50.91	60.38	MvSl-1064-A2-R4_A2g00889	50.99	60.86	1399296	1400598	1.371007143	-4.655908909	4.655908909	1.04E-16	1.03E-14	-2.75614321	-1.215597698	2.451304939	2.185942725	Black	OldStrata	-0.08	-0.48	Down
MvSl-1064-A1-R4_A1g00542	52.6	61.38	MvSl-1064-A2-R4_A2g00867	52.69	61.64	1378554	1381105	5.769783827	1.135990453	1.135990453	4.33E-08	1.67E-06	6.255172849	6.198082282	5.030464746	5.15326876	Black	OldStrata	-0.09	-0.26	Up
MvSl-1064-A1-R4_A1g00591	57.73	63.06	MvSl-1064-A2-R4_A2g00208	56.97	63.09	552007	553387	3.876731588	-4.272358924	4.272358924	9.78E-25	1.35E-22	1.027525212	0.060947975	4.380592681	5.139844794	Black	OldStrata	0.76	-0.03	Down
MvSl-1064-A1-R4_A1g00624	59.79	63.81	MvSl-1064-A2-R4_A2g00431	60.47	65.12	907140	907771	6.80534784	-0.708893366	0.708893366	0.000113263	0.002541427	6.408324205	6.408769044	7.180897076	7.049702941	Purple	OldStrata	-0.68	-1.31	Down
MvSl-1064-A1-R4_A1g00644	60.04	58.61	MvSl-1064-A2-R4_A2g01002	59.87	58.47	1751427	1752854	5.076743613	-1.306575235	1.306575235	7.95E-08	3.00E-06	4.42698439	4.128287818	5.70716142	5.457345095	Black	OldStrata	0.17	0.14	Down
MvSl-1064-A1-R4_A1g00646	57.68	62.55	MvSl-1064-A2-R4_A2g01534	57.63	62.7	2916000	2917527	8.061495384	-1.506373241	1.506373241	1.16E-09	5.46E-08	6.997793444	7.234137364	8.839052054	8.377183037	Black	OldStrata	0.05	-0.15	Down
MvSl-1064-A1-R4_A1g00648	56.79	59.05	MvSl-1064-A2-R4_A2g00314	57.11	59.09	724341	725782	6.475207556	0.646589946	0.646589946	0.000603139	0.011519531	6.784277302	6.739131388	6.086949815	6.144519081	Black	OldStrata	-0.32	-0.04	Up
MvSl-1064-A1-R4_A1g00668	55.98	62.42	MvSl-1064-A2-R4_A2g00904	56.36	63.27	1441050	1443387	6.117997614	-5.711873018	5.711873018	2.15E-96	3.68E-93	1.027525212	1.74502952	7.12815356	7.055076482	Orange	ColorStrata	-0.38	-0.85	Down
MvSl-1064-A1-R4_A1g00718	57.85	69.85	MvSl-1064-A2-R4_A2g00298	58.13	70.72	646353	651020	5.277681998	1.042239841	1.042239841	4.09E-05	0.001013304	5.444107525	5.924666038	4.826680933	4.482085104	Black	OldStrata	-0.28	-0.87	Up
MvSl-1064-A1-R4_A1g00752	56.93	61.31	MvSl-1064-A2-R4_A2g00568	57.39	62.33	1010063	1012204	3.566412471	-5.754454425	5.754454425	7.24E-43	2.69E-40	-0.58227834	-1.382795818	4.627030059	4.46064975	Black	OldStrata	-0.46	-1.02	Down
MvSl-1064-A1-R4_A1g00779	55.6	65.12	MvSl-1064-A2-R4_A2g00329	55.3	65.9	782234	783980	7.820762219	0.677992555	0.677992555	0.001218585	0.020801494	8.145215707	8.094346283	7.433775815	7.450790475	Black	OldStrata	0.3	-0.78	Up
MvSl-1064-A1-R4_A1g00853	57.58	64.38	MvSl-1064-A2-R4_A2g01112	57.06	64.18	1834558	1837865	6.990703053	-1.487301401	1.487301401	2.69E-15	2.30E-13	6.047159869	6.082461412	7.576395002	7.524953348	Purple	OldStrata	0.52	0.2	Down
MvSl-1064-A1-R4_A1g00854	56.94	67.59	MvSl-1064-A2-R4_A2g01111	57.07	67.6	1796095	1800988	7.27391874	0.751578848	0.751578848	0.000343104	0.006853261	7.590182561	7.611418397	6.648830291	7.026183504	Purple	OldStrata	-0.13	-0.01	Up
MvSl-1064-A1-R4_A1g00958	57.03	64.77	MvSl-1064-A2-R4_A2g01187	57.23	65.23	1995562	1995873	6.88895615	-0.561034724	0.561034724	0.003045807	0.044560866	6.492518793	6.66603944	7.218969306	7.061617078	Black	OldStrata	-0.2	-0.46	Down
MvSl-1064-A1-R4_A1g00970	56.33	69.21	MvSl-1064-A2-R4_A2g01287	56.05	68.37	2512310	2513349	6.837559554	0.874880085	0.874880085	6.97E-06	0.000192241	7.221699352	7.196165158	6.494949115	6.154566255	Black	OldStrata	0.28	0.84	Up
MvSl-1064-A1-R4_A1g00972	56.66	60.05	MvSl-1064-A2-R4_A2g01289	56.83	60.05	2516666	2518918	6.202889736	-1.734381671	1.734381671	1.81E-15	1.58E-13	5.082938239	5.102523392	7.033577842	6.579351014	Black	OldStrata	-0.17	0	Down
MvSl-1064-A1-R4_A1g00997	56.97	57.87	MvSl-1064-A2-R4_A2g01153	57.21	57.45	1970332	1974462	5.93035825	-3.509378289	3.509378289	8.24E-55	4.40E-52	3.405047503	3.215539058	6.86357204	6.754713857	Blue	OldStrata	-0.24	0.42	Down
MvSl-1064-A1-R4_A1g01135	56.89	62.41	MvSl-1064-A2-R4_A2g00602	57.32	67.27	1112670	1116562	5.749579335	0.917019786	0.917019786	1.04E-05	0.000281899	6.122493514	6.147196214	5.311029848	5.121749635	Black	OldStrata	-0.43	-4.86	Up
MvSl-1064-A1-R4_A1g01137	54.92	57.21	MvSl-1064-A2-R4_A2g00825	54.85	57.69	1213232	1215281	6.186903311	-0.592036629	0.592036629	0.001899747	0.030020219	5.904194595	5.817848823	6.447413705	6.458396105	Black	OldStrata	0.07	-0.48	Down
MvSl-1064-A1-R4_A1g01162	55.61	72.73	MvSl-1064-A2-R4_A2g00836	54.87	71.35	1294048	1294371	2.364437833	5.639008765	5.639008765	1.34E-25	2.01E-23	3.024213886	3.529926858	-2.271875237	-1.413437522	Blue	OldStrata	0.74	1.38	Up
MvSl-1064-A1-R4_A1g01163	53.95	61.84	MvSl-1064-A2-R4_A2g00837	53.89	60.79	1297181	1298512	4.000940946	3.617225151	3.617225151	5.65E-30	9.85E-28	4.932528437	4.816810011	1.222272509	1.393758781	Blue	OldStrata	0.06	1.05	Up
MvSl-1064-A1-R4_A1g01174	60.03	69.78	MvSl-1064-A2-R4_A2g01392	58.49	67.08	2576791	2577822	6.028028533	-1.343688683	1.343688683	9.53E-11	5.26E-09	5.23551822	5.179573941	6.693226827	6.389170415	Black	OldStrata	1.54	2.7	Down
MvSl-1064-A1-R4_A1g01212	58.11	72.37	MvSl-1064-A2-R4_A2g00841	58.09	75.32	1300472	1304579	3.681776849	-1.916759575	1.916759575	3.57E-07	1.23E-05	2.379931553	2.512986091	3.708169298	4.787726912	Black	OldStrata	0.02	-2.95	Down
MvSl-1064-A1-R4_A1g01261	59.61	66.62	MvSl-1064-A2-R4_A2g01419	59.41	66.51	2598714	2598931	9.095566891	-2.188677548	2.188677548	2.80E-12	1.88E-10	7.93867708	7.214132059	9.845326344	9.77286924	Orange	ColorStrata	0.2	0.11	Down
MvSl-1064-A1-R4_A1g01347	57.67	69.1	MvSl-1064-A2-R4_A2g01555	57.63	68.79	2994712	2997178	6.966932186	1.102009758	1.102009758	5.33E-09	2.29E-07	7.476094476	7.349922341	6.247961129	6.375872141	Black	OldStrata	0.04	0.31	Up
MvSl-1064-A1-R4_A1g01384	59.96	65.91	MvSl-1064-A2-R4_A2g01135	59.87	66.67	1838292	1841771	7.461687284	-0.947792045	0.947792045	4.74E-06	0.000134121	6.799048222	7.016713595	7.929883853	7.784912615	Black	OldStrata	0.09	-0.76	Down
MvSl-1064-A1-R4_A1g01404	57.54	61.25	MvSl-1064-A2-R4_A2g00821	57.17	60.56	1207176	1208666	2.637666471	-5.516663924	5.516663924	2.10E-31	4.08E-29	-1.56888085	-1.382795818	3.553488082	3.676947153	Black	OldStrata	0.37	0.69	Down
MvSl-1064-A1-R4_A1g01432	60.32	71.43	MvSl-1064-A2-R4_A2g01152	60.32	70.83	1966448	1967834	4.827251695	1.19652809	1.19652809	1.15E-05	0.000311293	5.202567338	5.393598278	3.74866531	4.398127407	Blue	OldStrata	0	0.6	Up
MvSl-1064-A1-R4_MC01-1g01952	57.24	72.64	MvSl-1064-A2-R4_MC01g02233	57.24	72.64	318422	318709	7.189220724	-0.607244261	0.607244261	0.001796447	0.028813924	6.777456423	6.927383873	7.494568332	7.427040625	Auto	Auto	0	0	Down
MvSl-1064-A1-R4_MC01-1g02161	57.67	69.23	MvSl-1064-A2-R4_MC01g02442	57.67	69.23	604276	606975	3.116312176	-1.612389211	1.612389211	4.01E-05	0.000997114	1.482707068	2.559854427	3.895012163	3.499126886	Auto	Auto	0	0	Down
MvSl-1064-A1-R4_MC01-1g02299	57.23	66.25	MvSl-1064-A2-R4_MC01g02581	57.23	66.25	934290	936000	4.239779755	-0.871000447	0.871000447	0.00172334	0.027745456	3.674363583	3.812312661	4.373211181	4.81613661	Auto	Auto	0	0	Down
MvSl-1064-A1-R4_MC01-1g02351	54.09	66.98	MvSl-1064-A2-R4_MC01g02633	54.09	66.98	1049308	1050374	4.85559816	-0.691663591	0.691663591	0.003470111	0.049878603	4.378635616	4.558658007	5.194408617	5.126294747	Auto	Auto	0	0	Down
MvSl-1064-A1-R4_MC01-1g02509	54.48	78.21	MvSl-1064-A2-R4_MC01g02791	54.48	78.21	1434301	1436358	6.434348811	0.92421791	0.92421791	0.002345203	0.036059607	6.394612048	7.15239583	6.283833672	5.373803915	Auto	Auto	0	0	Up
MvSl-1064-A1-R4_MC01-1g02545	54.78	64.68	MvSl-1064-A2-R4_MC01g02827	54.78	64.68	1536813	1536986	5.372113094	0.713898684	0.713898684	0.001496273	0.024599306	5.748027488	5.616420718	4.826680933	5.103424629	Auto	Auto	0	0	Up
MvSl-1064-A1-R4_MC01-1g02603	57.1	67.25	MvSl-1064-A2-R4_MC01g02885	57.1	67.25	1669135	1669419	4.793482327	-0.994476219	0.994476219	0.001648449	0.026690519	3.625478263	4.634512433	5.337821767	5.063693531	Auto	Auto	0	0	Down
MvSl-1064-A1-R4_MC01-1g02763	58.07	68.68	MvSl-1064-A2-R4_MC01g03045	58.07	68.68	2041497	2045395	8.791415703	0.787958756	0.787958756	0.001893383	0.029975055	9.016031194	9.239498888	8.334673399	8.353875796	Auto	Auto	0	0	Up
MvSl-1064-A1-R4_MC01-1g02764	56.11	62.13	MvSl-1064-A2-R4_MC01g03046	56.11	62.13	2045748	2047942	8.064248284	0.947348825	0.947348825	3.80E-05	0.000952398	8.586616325	8.32382307	7.410977563	7.610571486	Auto	Auto	0	0	Up
MvSl-1064-A1-R4_MC01-2g03005	56.25	63.78	MvSl-1064-A2-R4_MC01g03287	56.25	63.75	2638903	2639454	7.128783173	1.229831096	1.229831096	1.99E-06	6.09E-05	7.915141254	7.237294604	6.104887103	6.622618761	Auto	Auto	0	0.03	Up
MvSl-1064-A1-R4_MC01-2g03077	55.56	64.44	MvSl-1064-A2-R4_MC01g03359	55.56	64.44	2821947	2826170	6.607617769	0.562050944	0.562050944	0.002688617	0.039973895	6.826342573	6.894621391	6.304354666	6.294410729	Auto	Auto	0	0	Up
MvSl-1064-A1-R4_MC01-2g03112	51.45	63.24	MvSl-1064-A2-R4_MC01g03392	51.45	63.24	2892242	2893054	5.899566254	-0.753072657	0.753072657	0.002149137	0.033588616	5.433102115	5.517492473	6.531052049	5.842846241	Auto	Auto	0	0	Down
MvSl-1064-A1-R4_MC01-2g03113	55.38	61.49	MvSl-1064-A2-R4_MC01g03393	55.38	61.49	2893115	2893489	3.905020513	-1.190902817	1.190902817	0.000162498	0.003481686	3.516492693	2.793503825	4.466344721	4.29289804	Auto	Auto	0	0	Down
MvSl-1064-A1-R4_MC01-2g03117	54.77	65.19	MvSl-1064-A2-R4_MC01g03397	54.77	65.19	2894136	2896739	7.541452385	0.833389279	0.833389279	0.000738686	0.013639358	8.094977789	7.670671649	6.758423341	7.318524595	Auto	Auto	0	0	Up
MvSl-1064-A1-R4_MC01-2g03144	54.13	65.35	MvSl-1064-A2-R4_MC01g03424	54.13	65.35	2976089	2980943	4.959360341	0.708243776	0.708243776	0.002805345	0.041470322	5.35361987	5.177696991	4.462871657	4.655617067	Auto	Auto	0	0	Up
MvSl-1064-A1-R4_MC02g03205	55.01	66.93	MvSl-1064-A2-R4_MC02g03485	55.01	66.93	92362	93729	6.228889958	0.993299368	0.993299368	5.28E-06	0.000147986	6.854309207	6.389437651	5.733342827	5.558342957	Auto	Auto	0	0	Up
MvSl-1064-A1-R4_MC02g03224	56.7	63.45	MvSl-1064-A2-R4_MC02g03504	56.7	63.45	146032	148493	5.581384381	-0.827229126	0.827229126	0.00151778	0.024857282	4.884860353	5.306957742	6.226616025	5.573400197	Auto	Auto	0	0	Down
MvSl-1064-A1-R4_MC02g03229	55.43	59.7	MvSl-1064-A2-R4_MC02g03509	55.43	59.7	158789	159670	4.751199091	0.806135047	0.806135047	0.001019423	0.01789538	5.233707227	4.94371942	4.312758806	4.272539874	Auto	Auto	0	0	Up
MvSl-1064-A1-R4_MC02g03617	55.07	59.8	MvSl-1064-A2-R4_MC02g03895	55.07	59.8	1086136	1086456	5.296359824	0.854666215	0.854666215	0.000260415	0.005300681	5.472027568	5.825061482	4.768788472	4.843997649	Auto	Auto	0	0	Up
MvSl-1064-A1-R4_MC02g03664	53.36	61.27	MvSl-1064-A2-R4_MC02g03942	53.36	61.27	1194204	1196896	4.647290283	-0.84941929	0.84941929	0.00251016	0.037914057	4.04859814	4.272441398	5.299393515	4.649314797	Auto	Auto	0	0	Down
MvSl-1064-A1-R4_MC02g03915	54.35	63.9	MvSl-1064-A2-R4_MC02g04193	54.35	63.9	1749117	1751879	3.488030744	0.900234537	0.900234537	0.003270196	0.047545753	3.985428639	3.727610951	2.841966829	3.08836837	Auto	Auto	0	0	Up
MvSl-1064-A1-R4_MC02g03922	56.01	65.21	MvSl-1064-A2-R4_MC02g04200	56.01	65.21	1768204	1771270	4.405326855	1.258934942	1.258934942	7.78E-05	0.001806611	5.037986494	4.740031501	3.131676377	4.022433	Auto	Auto	0	0	Up
MvSl-1064-A1-R4_MC02g04171	55.25	63.64	MvSl-1064-A2-R4_MC02g04449	55.25	63.64	2391779	2393227	5.727709886	-0.712761873	0.712761873	0.001931428	0.030464537	5.132375371	5.502575187	6.203910505	5.856588467	Auto	Auto	0	0	Down
MvSl-1064-A1-R4_MC02g04206	55.78	69.22	MvSl-1064-A2-R4_MC02g04484	55.78	69.22	2471733	2472188	1.433676124	1.296123341	1.296123341	0.001462276	0.024133196	2.008470668	1.804622046	0.668129848	0.663497503	Auto	Auto	0	0	Up
MvSl-1064-A1-R4_MC02g04224	56.63	66.82	MvSl-1064-A2-R4_MC02g04502	56.63	66.82	2513704	2518547	5.356975029	1.166539328	1.166539328	0.000373407	0.007423846	6.143865267	5.409679522	4.096716189	5.063693531	Auto	Auto	0	0	Up
MvSl-1064-A1-R4_MC03g04642	58.42	79.24	MvSl-1064-A2-R4_MC03g04920	58.42	79.24	921260	925020	6.442336358	-1.07257881	1.07257881	4.09E-07	1.40E-05	5.650948475	5.953473513	6.688773822	7.051496346	Auto	Auto	0	0	Down
MvSl-1064-A1-R4_MC03g04747	51.56	60.89	MvSl-1064-A2-R4_MC03g05025	51.56	60.89	1190549	1191676	5.497499333	-0.837537799	0.837537799	0.000136352	0.002973659	4.873274833	5.154981038	5.881174868	5.831757427	Auto	Auto	0	0	Down
MvSl-1064-A1-R4_MC03g04929	62.5	75.15	MvSl-1064-A2-R4_MC03g05207	62.5	75.15	1648424	1649875	3.559898973	-1.536562786	1.536562786	2.95E-07	1.04E-05	2.664351658	2.559854427	4.187892716	4.079797675	Auto	Auto	0	0	Down
MvSl-1064-A1-R4_MC03g05077	54.06	68.07	MvSl-1064-A2-R4_MC03g05354	54.06	68.07	1994288	2003020	6.64685013	0.720775829	0.720775829	0.001850767	0.029354744	7.205621425	6.668714643	6.035271651	6.42281352	Auto	Auto	0	0	Up
MvSl-1064-A1-R4_MC03g05112	59.74	70.77	MvSl-1064-A2-R4_MC03g05389	59.74	70.77	2088953	2089315	5.699129775	0.767192914	0.767192914	0.000150816	0.003255874	6.004251491	6.057161656	5.269885322	5.260528431	Auto	Auto	0	0	Up
MvSl-1064-A1-R4_MC03g05154	56.35	71.49	MvSl-1064-A2-R4_MC03g05431	56.35	71.49	2187002	2188631	6.1323058	-1.253849334	1.253849334	1.44E-09	6.69E-08	5.476628825	5.266911179	6.759131448	6.482525974	Auto	Auto	0	0	Down
MvSl-1064-A1-R4_MC03g05159	64.82	77.55	MvSl-1064-A2-R4_MC03g05436	64.82	77.55	2193893	2194681	6.132922671	-1.075091541	1.075091541	4.00E-08	1.56E-06	5.425189389	5.569952562	6.587160452	6.558482363	Auto	Auto	0	0	Down
MvSl-1064-A1-R4_MC03g05235	54.4	62.4	MvSl-1064-A2-R4_MC03g05512	54.4	62.4	2384276	2386106	6.150510706	-1.764312444	1.764312444	8.62E-08	3.20E-06	4.5220475	5.385489933	7.175602574	6.229354576	Auto	Auto	0	0	Down
MvSl-1064-A1-R4_MC04-1g05308	50.43	53	MvSl-1064-A2-R4_MC04-1g05585	50.43	53	46216	47141	4.35435216	0.991324397	0.991324397	0.000165722	0.003541903	4.689949139	4.831209763	3.895012163	3.645628494	Auto	Auto	0	0	Up
MvSl-1064-A1-R4_MC04-1g05441	55.54	61.3	MvSl-1064-A2-R4_MC04-1g05718	55.54	61.3	357258	362613	7.462737057	-0.66247332	0.66247332	0.001219037	0.020801494	7.206545006	6.972469385	7.752427468	7.76026812	Auto	Auto	0	0	Down
MvSl-1064-A1-R4_MC04-1g05592	56.23	67.53	MvSl-1064-A2-R4_MC04-1g05868	56.23	67.53	682780	686191	4.792802081	1.000413436	1.000413436	4.26E-05	0.001050753	5.072844224	5.325724476	4.281555382	4.130450541	Auto	Auto	0	0	Up
MvSl-1064-A1-R4_MC04-1g05729	58.55	58.55	MvSl-1064-A2-R4_MC04-1g06005	58.55	58.55	1035061	1037563	5.769394008	-0.7976718	0.7976718	0.000143502	0.003113702	5.425189389	5.201908905	6.064209963	6.162332636	Auto	Auto	0	0	Down
MvSl-1064-A1-R4_MC04-1g05744	56.54	60.3	MvSl-1064-A2-R4_MC04-1g06020	56.54	60.3	1069684	1072396	5.761746384	-1.064099059	1.064099059	4.61E-07	1.55E-05	5.249924908	5.012726144	6.248969728	6.145638895	Auto	Auto	0	0	Down
MvSl-1064-A1-R4_MC04-1g05801	53.49	63.95	MvSl-1064-A2-R4_MC04-1g06077	53.49	63.95	1233222	1233788	4.081874662	1.30398895	1.30398895	0.000118485	0.002637832	4.507132148	4.658936116	3.708169298	2.694402553	Auto	Auto	0	0	Up
MvSl-1064-A1-R4_MC04-1g05865	57.27	72.96	MvSl-1064-A2-R4_MC04-1g06141	57.27	72.96	1369950	1372160	7.516792192	-0.799610004	0.799610004	0.000193094	0.004045989	6.857840708	7.242242063	7.837023804	7.886534929	Auto	Auto	0	0	Down
MvSl-1064-A1-R4_MC04-1g05942	58.73	70.98	MvSl-1064-A2-R4_MC04-1g06218	58.73	70.98	1554327	1556717	6.08649375	0.757018715	0.757018715	0.000186214	0.00394045	6.347661043	6.479038797	5.522649238	5.783655318	Auto	Auto	0	0	Up
MvSl-1064-A1-R4_MC04-1g05945	58.16	67.86	MvSl-1064-A2-R4_MC04-1g06221	58.16	67.86	1558563	1559650	6.6175212	-0.846596623	0.846596623	0.000901037	0.016148777	5.827022471	6.387002911	7.262069885	6.62823757	Auto	Auto	0	0	Down
MvSl-1064-A1-R4_MC05-1g06149	55.54	67.93	MvSl-1064-A2-R4_MC05g06421	55.54	67.93	37960	43677	6.745506222	-0.678128307	0.678128307	0.00094465	0.016859739	6.227230793	6.495707567	7.225645143	6.838812703	Auto	Auto	0	0	Down
MvSl-1064-A1-R4_MC05-3g06511	50.56	60	MvSl-1064-A2-R4_MC05g06774	50.56	60	331413	333406	3.330650203	-1.323522772	1.323522772	4.59E-05	0.001128361	2.456463497	2.616376624	3.585779566	4.070393899	Auto	Auto	0	0	Down
MvSl-1064-A1-R4_MC05-3g06514	58.93	64.83	MvSl-1064-A2-R4_MC05g06777	58.93	64.83	333416	334242	8.716049418	-1.117604784	1.117604784	7.85E-06	0.000215865	8.068044298	8.035713102	9.073168251	9.259428012	Auto	Auto	0	0	Down
MvSl-1064-A1-R4_MC05-3g06515	58.53	73.36	MvSl-1064-A2-R4_MC05g06778	58.53	73.36	333921	340706	9.819871578	-1.154134943	1.154134943	0.000191032	0.004012616	8.923572537	9.311450405	10.36291659	10.20159216	Auto	Auto	0	0	Down
MvSl-1064-A1-R4_MC05-3g06516	52.64	59.37	MvSl-1064-A2-R4_MC05g06779	52.64	59.37	335094	339137	5.164718662	-0.748506772	0.748506772	0.001415449	0.023405559	4.852183515	4.629028336	5.345386096	5.624093174	Auto	Auto	0	0	Down
MvSl-1064-A1-R4_MC05-3g06517	64.29	73.21	MvSl-1064-A2-R4_MC05g06780	64.29	73.21	336152	336708	8.124266244	-1.030728333	1.030728333	5.92E-06	0.000164757	7.432946047	7.600601549	8.637574636	8.45580219	Auto	Auto	0	0	Down
MvSl-1064-A1-R4_MC05-3g06518	59.8	67.86	MvSl-1064-A2-R4_MC05g06781	59.8	67.86	337264	338212	7.957817206	-1.068391232	1.068391232	3.10E-06	9.11E-05	7.418670191	7.230067876	8.214872627	8.555851874	Auto	Auto	0	0	Down
MvSl-1064-A1-R4_MC05-3g06519	57.6	60.25	MvSl-1064-A2-R4_MC05g06782	57.6	60.25	339298	341280	7.956580056	-0.96196907	0.96196907	0.000215078	0.004441316	7.704103852	7.007233021	8.445064211	8.267273141	Auto	Auto	0	0	Down
MvSl-1064-A1-R4_MC05-3g06520	58.15	61.87	MvSl-1064-A2-R4_MC05g06783	58.15	61.87	339369	346823	8.672557277	-1.351995767	1.351995767	9.12E-08	3.36E-06	7.936173671	7.74575384	9.286872863	9.098443482	Auto	Auto	0	0	Down
MvSl-1064-A1-R4_MC05-3g06707	54.27	72.32	MvSl-1064-A2-R4_MC05g06971	54.27	72.32	565851	570084	7.153368434	-1.033030577	1.033030577	8.62E-08	3.20E-06	6.600454225	6.491936086	7.641976279	7.514155763	Auto	Auto	0	0	Down
MvSl-1064-A1-R4_MC06g06896	56.26	74.02	MvSl-1064-A2-R4_MC06-1g07159	56.26	74.02	106884	109986	6.132855032	-1.014107806	1.014107806	4.50E-07	1.53E-05	5.521851848	5.558458507	6.679078233	6.414476008	Auto	Auto	0	0	Down
MvSl-1064-A1-R4_MC06g06929	52.75	64.08	MvSl-1064-A2-R4_MC06-1g07192	52.75	64.08	187971	189682	7.78895188	0.844566611	0.844566611	0.000135758	0.002968269	8.263096931	8.027138966	7.159601478	7.438507631	Auto	Auto	0	0	Up
MvSl-1064-A1-R4_MC06g06943	55.68	61.57	MvSl-1064-A2-R4_MC06-1g07206	55.68	61.57	220266	221920	5.987499241	0.808477899	0.808477899	0.000341303	0.006836635	6.114642797	6.525529651	5.69389036	5.338984151	Auto	Auto	0	0	Up
MvSl-1064-A1-R4_MC06g06944	56.72	58.58	MvSl-1064-A2-R4_MC06-1g07207	56.72	58.58	222330	228153	2.050573878	-1.980106975	1.980106975	3.45E-06	0.000100751	1.027525212	0.553093501	2.288191394	3.069611614	Auto	Auto	0	0	Down
MvSl-1064-A1-R4_MC06g06945	55.7	64.39	MvSl-1064-A2-R4_MC06-1g07208	55.7	64.39	229052	230768	10.00610865	-2.948332512	2.948332512	6.00E-15	5.03E-13	8.168153537	7.526216356	10.51072748	11.09197724	Auto	Auto	0	0	Down
MvSl-1064-A1-R4_MC06g07136	56.95	64.36	MvSl-1064-A2-R4_MC06-2g07401	56.95	64.36	747469	748345	7.165061002	-1.428404869	1.428404869	8.59E-13	6.02E-11	6.314633037	6.249023184	7.582408921	7.826354569	Auto	Auto	0	0	Down
MvSl-1064-A1-R4_MC06g07137	54.72	61.43	MvSl-1064-A2-R4_MC06-2g07402	54.72	61.43	750073	751270	9.015454552	-4.958388394	4.958388394	4.30E-48	1.84E-45	4.804179799	5.200060808	9.711243968	10.1892913	Auto	Auto	0	0	Down
MvSl-1064-A1-R4_MC06g07138	56.05	63.17	MvSl-1064-A2-R4_MC06-2g07403	56.05	63.17	751375	753633	10.19101875	4.561588205	4.561588205	1.40E-36	3.52E-34	11.16542721	11.09571466	6.512693671	6.626634428	Auto	Auto	0	0	Up
MvSl-1064-A1-R4_MC06g07191	55.98	69.76	MvSl-1064-A2-R4_MC06-2g07456	55.98	69.76	889505	890482	5.289381216	1.258732923	1.258732923	4.15E-05	0.001024635	6.19594927	5.201908905	4.406134514	4.63980947	Auto	Auto	0	0	Up
MvSl-1064-A1-R4_MC06g07298	56.77	70.8	MvSl-1064-A2-R4_MC06-2g07563	56.77	70.8	1178498	1181711	6.934805112	-0.785742372	0.785742372	2.88E-05	0.000725311	6.425878059	6.551127679	7.343174373	7.203330105	Auto	Auto	0	0	Down
MvSl-1064-A1-R4_MC07g07612	58.74	62.08	MvSl-1064-A2-R4_MC07g07877	58.74	62.08	181738	182867	7.048399729	0.782407567	0.782407567	0.001336725	0.022451203	7.057367059	7.654567497	6.826892434	6.342080079	Auto	Auto	0	0	Up
MvSl-1064-A1-R4_MC07g07855	57.86	73.89	MvSl-1064-A2-R4_MC07g08120	57.86	73.89	752109	754135	6.66469805	-0.839449408	0.839449408	7.72E-05	0.001797234	6.12932802	6.240057518	6.774622523	7.237342038	Auto	Auto	0	0	Down
MvSl-1064-A1-R4_MC07g08057	62	67.83	MvSl-1064-A2-R4_MC07g08322	62	67.83	1250646	1252658	4.443322735	-1.074575189	1.074575189	4.64E-05	0.00113626	3.630992488	3.976776292	4.955833706	4.807672288	Auto	Auto	0	0	Down
MvSl-1064-A1-R4_MC07g08097	58.96	71.33	MvSl-1064-A2-R4_MC07g08362	58.96	71.33	1356317	1358239	4.420988349	-1.422474269	1.422474269	3.57E-07	1.23E-05	3.711272357	3.368172614	4.75181192	5.151040089	Auto	Auto	0	0	Down
MvSl-1064-A1-R4_MC07g08104	56.81	69.29	MvSl-1064-A2-R4_MC07g08369	56.81	69.29	1370639	1371031	7.286967096	-0.819537186	0.819537186	0.00062101	0.011797812	7.100238043	6.472929357	7.511477277	7.756974574	Auto	Auto	0	0	Down
MvSl-1064-A1-R4_MC07g08138	53.96	68.32	MvSl-1064-A2-R4_MC07g08403	53.96	68.32	1457721	1458150	5.554091834	-0.826312022	0.826312022	0.0001684	0.003590153	5.00863394	5.156887755	6.065355509	5.733893915	Auto	Auto	0	0	Down
MvSl-1064-A1-R4_MC08g08318	56.58	70.75	MvSl-1064-A2-R4_MC08-1g08583	56.58	70.75	170007	171453	2.156293226	-2.383547533	2.383547533	2.18E-09	9.69E-08	0.811428787	0.354733747	2.719248522	3.079020474	Auto	Auto	0	0	Down
MvSl-1064-A1-R4_MC08g08472	58.8	63.48	MvSl-1064-A2-R4_MC08-1g08737	58.8	63.48	567564	568214	5.93540126	0.805701023	0.805701023	0.000214488	0.004439851	6.413932724	6.13564025	5.289624358	5.643247788	Auto	Auto	0	0	Up
MvSl-1064-A1-R4_MC08g08498	56.57	64.94	MvSl-1064-A2-R4_MC08-1g08763	56.57	64.94	628158	630126	9.013272156	1.023726587	1.023726587	0.000576199	0.011069486	9.153964105	9.671804327	8.623450174	8.165233557	Auto	Auto	0	0	Up
MvSl-1064-A1-R4_MC08g08595	54.02	66.27	MvSl-1064-A2-R4_MC08-1g08860	54.02	66.27	855888	859077	5.953079758	0.627776268	0.627776268	0.002245609	0.034809225	6.108726596	6.345807048	5.683483358	5.522585937	Auto	Auto	0	0	Up
MvSl-1064-A1-R4_MC09-2g09067	58.18	73.46	MvSl-1064-A2-R4_MC09g09342	58.18	73.46	342285	345006	4.409488434	5.758129797	5.758129797	1.52E-41	4.80E-39	5.739119042	4.880506305	-0.544922319	0.049071526	Auto	Auto	0	0	Up
MvSl-1064-A1-R4_MC09-2g09089	54.97	63.86	MvSl-1064-A2-R4_MC09g09364	54.97	63.86	391574	393954	5.941290105	0.76236208	0.76236208	0.002501772	0.037854247	6.486447895	6.018884458	5.169056594	5.786529689	Auto	Auto	0	0	Up
MvSl-1064-A1-R4_MC09-2g09142	55.84	66.5	MvSl-1064-A2-R4_MC09g09417	55.84	66.5	523492	523677	7.827837632	-0.657293378	0.657293378	0.002222492	0.034608531	7.358865128	7.559030006	8.059421226	8.177055986	Auto	Auto	0	0	Down
MvSl-1064-A1-R4_MC09-2g09201	55.43	69.96	MvSl-1064-A2-R4_MC09g09476	55.43	69.96	690705	692783	6.941856868	-0.583817052	0.583817052	0.002341651	0.036059607	6.551862779	6.687303437	7.325116068	7.072845096	Auto	Auto	0	0	Down
MvSl-1064-A1-R4_MC09-2g09232	57.87	71.49	MvSl-1064-A2-R4_MC09g09507	57.87	71.49	771106	771513	4.495481705	-1.679549321	1.679549321	8.69E-09	3.64E-07	3.175268029	3.653917778	4.82938061	5.337024857	Auto	Auto	0	0	Down
MvSl-1064-A1-R4_MC09-2g09340	57.72	70.83	MvSl-1064-A2-R4_MC09g09614	57.72	70.83	1043601	1045792	7.518692087	-0.702099413	0.702099413	0.000896124	0.016121834	7.086256065	7.164292889	7.985706489	7.649772848	Auto	Auto	0	0	Down
MvSl-1064-A1-R4_MC09-2g09380	56.42	60.34	MvSl-1064-A2-R4_MC09g09654	56.42	60.34	1148789	1149493	4.991632797	1.275877969	1.275877969	1.93E-05	0.000507423	5.848482107	5.010618907	4.051186538	4.367740499	Auto	Auto	0	0	Up
MvSl-1064-A1-R4_MC09-2g09524	54.38	64.79	MvSl-1064-A2-R4_MC09g09798	54.38	64.79	1502732	1505737	7.555362712	0.61874627	0.61874627	0.002749325	0.040734807	7.853091235	7.809565519	7.081923582	7.333342701	Auto	Auto	0	0	Up
MvSl-1064-A1-R4_MC09-2g09527	51.22	60.98	MvSl-1064-A2-R4_MC09g09801	51.22	60.98	1514266	1514951	6.484585248	0.662388126	0.662388126	0.001077545	0.018761564	6.932865812	6.603099521	6.031759721	6.195151558	Auto	Auto	0	0	Up
MvSl-1064-A1-R4_MC10-1g09718	54.4	64.02	MvSl-1064-A2-R4_MC10g09985	54.4	64.02	173527	184494	6.974633796	-0.781146008	0.781146008	0.000730169	0.013540603	6.315489423	6.721202626	7.56104659	7.013358564	Auto	Auto	0	0	Down
MvSl-1064-A1-R4_MC10-1g09732	56.53	73.75	MvSl-1064-A2-R4_MC10g09999	56.53	73.75	195494	196697	4.712758421	1.148159284	1.148159284	2.54E-05	0.000648047	5.422012107	4.868920905	4.140852832	3.905668658	Auto	Auto	0	0	Up
MvSl-1064-A1-R4_MC10-2g09967	52.96	60.17	MvSl-1064-A2-R4_MC10g10231	52.96	60.17	484067	485344	6.737566631	0.656538065	0.656538065	0.003049258	0.044560866	7.123896326	6.925707385	6.048076077	6.63702315	Auto	Auto	0	0	Up
MvSl-1064-A1-R4_MC10-2g10026	54.38	61.86	MvSl-1064-A2-R4_MC10g10290	54.38	61.86	555640	556844	6.907613423	-0.600349985	0.600349985	0.001377782	0.022960352	6.567763338	6.586218614	7.263068671	7.085154184	Auto	Auto	0	0	Down
MvSl-1064-A1-R4_MC10-2g10050	59.28	77.83	MvSl-1064-A2-R4_MC10g10314	59.28	77.83	579936	581622	7.326310209	0.856270191	0.856270191	6.57E-05	0.001548164	7.62721142	7.752704867	6.62494401	7.019479899	Auto	Auto	0	0	Up
MvSl-1064-A1-R4_MC10-2g10098	57.28	75.77	MvSl-1064-A2-R4_MC10g10362	57.28	75.77	662159	664366	7.745759317	-1.143945715	1.143945715	9.67E-05	0.002192478	7.100734902	7.026132275	8.627333663	7.612192567	Auto	Auto	0	0	Down
MvSl-1064-A1-R4_MC10-2g10108	56.73	58.92	MvSl-1064-A2-R4_MC10g10372	56.73	58.92	679604	681028	5.094440409	0.914203981	0.914203981	0.000351383	0.007002273	5.730155247	5.172051447	4.527471251	4.604410784	Auto	Auto	0	0	Up
MvSl-1064-A1-R4_MC10-2g10116	53.07	61.94	MvSl-1064-A2-R4_MC10g10380	53.07	61.94	694326	694586	5.774090125	0.89561803	0.89561803	0.000200164	0.004183869	5.99144767	6.296497892	5.504182933	4.960570938	Auto	Auto	0	0	Up
MvSl-1064-A1-R4_MC11g10213	59.62	71.63	MvSl-1064-A2-R4_MC11g10473	59.62	71.63	117886	118818	7.197628291	0.753413712	0.753413712	0.000187165	0.003950797	7.365909487	7.668668434	6.776022589	6.768590708	Auto	Auto	0	0	Up
MvSl-1064-A1-R4_MC11g10239	55.6	71.23	MvSl-1064-A2-R4_MC11g10500	55.6	71.23	181482	183273	5.162218079	0.849148153	0.849148153	0.001993251	0.031381766	5.774427453	5.2184361	4.376906652	4.924491	Auto	Auto	0	0	Up
MvSl-1064-A1-R4_MC11g10255	56.62	56.85	MvSl-1064-A2-R4_MC11g10516	56.62	56.85	219624	221850	6.348177595	1.514154433	1.514154433	1.53E-09	7.03E-08	6.496300172	7.236843992	5.514284753	5.279015973	Auto	Auto	0	0	Up
MvSl-1064-A1-R4_MC11g10344	56.63	72.58	MvSl-1064-A2-R4_MC11g10605	56.63	72.58	421333	421740	8.118151678	-0.669008997	0.669008997	0.002716265	0.040314839	7.807555137	7.680646216	8.349090081	8.476641893	Auto	Auto	0	0	Down
MvSl-1064-A1-R4_MC11g10351	60.84	65.75	MvSl-1064-A2-R4_MC11g10612	60.84	65.75	430649	432589	6.307143474	1.266743838	1.266743838	0.00347149	0.049878603	6.147717253	7.253869052	6.132475137	4.513652557	Auto	Auto	0	0	Up
MvSl-1064-A1-R4_MC11g10369	58.77	66.98	MvSl-1064-A2-R4_MC11g10631	58.77	66.98	496257	498627	5.25569513	1.000204055	1.000204055	0.000119867	0.002661674	5.759400964	5.571382902	4.305020992	4.963113875	Auto	Auto	0	0	Up
MvSl-1064-A1-R4_MC11g10508	57.06	70.93	MvSl-1064-A2-R4_MC11g10770	57.06	70.93	843012	847906	2.236112288	1.475281117	1.475281117	0.00152181	0.024875634	3.175268029	2.209219238	0.715598022	1.764121245	Auto	Auto	0	0	Up
MvSl-1064-A1-R4_MC11g10517	55.68	59.77	MvSl-1064-A2-R4_MC11g10779	55.68	59.77	873279	874178	6.839470173	0.6934159	0.6934159	0.00048138	0.009417195	7.178106325	7.109720025	6.240881126	6.635429746	Auto	Auto	0	0	Up
MvSl-1064-A1-R4_MC11g10585	57.11	69.43	MvSl-1064-A2-R4_MC11g10849	57.11	69.43	1046508	1046713	4.85536541	-0.880292822	0.880292822	0.002602405	0.038895041	3.854852985	4.722113991	5.192312882	5.266717306	Auto	Auto	0	0	Down
MvSl-1064-A1-R4_MC11g10592	58.21	72.56	MvSl-1064-A2-R4_MC11g10856	58.21	72.56	1063136	1065406	7.906378509	1.285857282	1.285857282	0.002907212	0.042851304	7.857801954	8.808483607	7.720061721	6.09320606	Auto	Auto	0	0	Up
MvSl-1064-A1-R4_MC11g10594	58.82	70.81	MvSl-1064-A2-R4_MC11g10858	58.82	70.81	1066922	1067246	2.965279865	-1.179155962	1.179155962	0.000603667	0.011519531	2.198716135	2.349208619	3.696387111	3.125165782	Auto	Auto	0	0	Down
MvSl-1064-A1-R4_MC12g10792	54.98	60.42	MvSl-1064-A2-R4_MC12g11055	54.98	60.42	123465	124646	8.7823272	0.987346729	0.987346729	0.000127145	0.002808678	9.094462497	9.285105268	8.321310366	8.080233127	Auto	Auto	0	0	Up
MvSl-1064-A1-R4_MC12g10944	58	64.68	MvSl-1064-A2-R4_MC12g11207	58	64.68	500353	501562	6.770725445	-0.549908584	0.549908584	0.003241003	0.047201585	6.586331724	6.344134492	6.984767045	7.05388409	Auto	Auto	0	0	Down
MvSl-1064-A1-R4_MC12g11020	60.37	68.38	MvSl-1064-A2-R4_MC12g11283	60.37	68.38	689900	692574	6.675660318	0.753556187	0.753556187	0.000148115	0.003205669	7.039337205	6.965958867	6.395528555	6.088555329	Auto	Auto	0	0	Up
MvSl-1064-A1-R4_MC12g11112	57.41	68.83	MvSl-1064-A2-R4_MC12g11375	57.41	68.83	919694	921438	10.15924918	1.578143114	1.578143114	0.000232199	0.004748972	10.15347735	11.15939502	9.57682815	8.584624025	Auto	Auto	0	0	Up
MvSl-1064-A1-R4_MC13g11418	54.83	53.1	MvSl-1064-A2-R4_MC13g11679	54.83	53.1	299918	302275	3.243343311	1.324401231	1.324401231	2.61E-05	0.000664809	3.87358153	3.610053206	2.4652582	2.411232829	Auto	Auto	0	0	Up
MvSl-1064-A1-R4_MC13g11443	59.19	67.09	MvSl-1064-A2-R4_MC13g11704	59.19	67.09	359425	362943	7.185662813	0.688327726	0.688327726	0.001473327	0.024268734	7.683687077	7.263192152	6.673079167	6.918278045	Auto	Auto	0	0	Up
MvSl-1064-A1-R4_MC13g11584	56.27	65.68	MvSl-1064-A2-R4_MC13g11845	56.27	65.68	703687	705596	4.515121938	0.897924097	0.897924097	0.00058495	0.011212416	4.891767269	4.891999411	4.196283047	3.767019451	Auto	Auto	0	0	Up
MvSl-1064-A1-R4_MC13g11616	54.89	71.43	MvSl-1064-A2-R4_MC13g11877	54.89	71.43	774983	777187	6.770560779	0.561011114	0.561011114	0.002247595	0.034809225	7.096755232	6.94624915	6.410930537	6.513216536	Auto	Auto	0	0	Up
MvSl-1064-A1-R4_MC13g11645	55.36	57.84	MvSl-1064-A2-R4_MC13g11906	55.36	57.84	837582	839150	7.735144653	-0.981775324	0.981775324	0.000253469	0.005171621	6.958859706	7.341564048	8.467334208	7.726989333	Auto	Auto	0	0	Down
MvSl-1064-A1-R4_MC13g11692	54.88	62.91	MvSl-1064-A2-R4_MC13g11953	54.88	62.91	939337	941503	5.31590912	0.76049825	0.76049825	0.000864962	0.015633314	5.763172285	5.516007666	4.965683246	4.802001691	Auto	Auto	0	0	Up
MvSl-1064-A1-R4_MC14g11748	58.09	60.98	MvSl-1064-A2-R4_MC14g12009	58.09	60.98	38927	40489	6.680379386	-0.6216778	0.6216778	0.00098001	0.017310139	6.293925773	6.378857309	6.977483436	6.938448335	Auto	Auto	0	0	Down
MvSl-1064-A1-R4_MC14g11775	57.08	68.69	MvSl-1064-A2-R4_MC14g12036	57.08	68.69	109461	110580	4.722148276	0.871340089	0.871340089	0.000743003	0.013689513	5.258856574	4.898851581	4.060408143	4.367740499	Auto	Auto	0	0	Up
MvSl-1064-A1-R4_MC14g11916	55.26	66.39	MvSl-1064-A2-R4_MC14g12177	55.26	66.39	431351	431855	4.984477889	0.959937246	0.959937246	8.29E-05	0.001921304	5.19514158	5.549777468	4.391594598	4.46064975	Auto	Auto	0	0	Up
MvSl-1064-A1-R4_MC14g11989	53.66	61.59	MvSl-1064-A2-R4_MC14g12250	53.66	61.59	591523	594158	1.269542921	2.306650565	2.306650565	6.96E-07	2.29E-05	2.106727046	1.785030108	-0.661372867	0.123706941	Auto	Auto	0	0	Up
MvSl-1064-A1-R4_MC15g12018	56.61	62.32	MvSl-1064-A2-R4_MC15g12267	56.61	62.32	13959	14910	7.526825934	1.414007835	1.414007835	5.40E-12	3.42E-10	8.128013542	8.002167481	6.618715069	6.687104526	Auto	Auto	0	0	Up
MvSl-1064-A1-R4_MC15g12029	52.38	78.57	MvSl-1064-A2-R4_MC15g12278	52.38	78.57	44970	45507	8.402279132	-0.754645564	0.754645564	0.001183869	0.020323077	7.926676951	8.024530651	8.719353158	8.742275611	Auto	Auto	0	0	Down
MvSl-1064-A1-R4_MC15g12082	59.37	61.43	MvSl-1064-A2-R4_MC15g12331	59.37	61.43	173809	175626	1.710736431	-1.788336519	1.788336519	1.14E-05	0.000309742	0.602775612	0.642902881	2.546257243	2.114537831	Auto	Auto	0	0	Down
