gida1	youngold	logFC.A1.A2	abs	DE	DE2	genediff	upk5diff	upk10diff	upk15diff	upk20diff	down5kdiff	down10kdiff	down15kdiff	down20kdiff	ratioprot	ratiocds	intron_nr_diff	intron_mean_diff	intron_total_diff	GC0diff	GC3diff	dn	ds	dnds
MvSl-1064-A1-R4_A1g00014	bPAR	-1.647743756	1.647743756	Down	DE	0	0	0	0	0	0	0	0	0	1	1	0	0	0	0	0	NA	NA	NA
MvSl-1064-A1-R4_A1g00015	bPAR	-2.421298156	2.421298156	Down	DE	0	0	0	0	0	0	0	0	0	1	1	0	0	0	0	0	NA	NA	NA
MvSl-1064-A1-R4_A1g00016	bPAR	-2.671972801	2.671972801	Down	DE	0	0	0	0	0	0	0	0	0	1	1	0	0	0	0	0	NA	NA	NA
MvSl-1064-A1-R4_A1g00029	bPAR	4.988993955	4.988993955	Up	DE	0	0	0	0	0	0	0	0	0	1	1	0	0	0	0	0	NA	NA	NA
MvSl-1064-A1-R4_A1g00030	bPAR	2.637888472	2.637888472	Up	DE	0	0	0	0	0	0	0	0	0	1	1	0	0	0	0	0	NA	NA	NA
MvSl-1064-A1-R4_A1g00073	bPAR	0.811477637	0.811477637	Up	DE	0	0	0	0	0	0	0	0	0	1	1	0	0	0	0	0	0	0	0
MvSl-1064-A1-R4_A1g00078	bPAR	-0.993002656	0.993002656	Down	DE	0	0	0	0	0	0	0	0	0	1	1	0	0	0	0	0	0	0	0
MvSl-1064-A1-R4_A1g00079	bPAR	-1.646693649	1.646693649	Down	DE	0	0	0	0	0	0	0	0	2	1	1	0	0.1	1	0	0	0	0	0
MvSl-1064-A1-R4_A1g00080	bPAR	-1.367630539	1.367630539	Down	DE	0	0	0	0	0	0	1	0	1	1	1	0	0	0	0.43	0	0	0.0061	0
MvSl-1064-A1-R4_A1g00081	OldStrata	-2.764413249	2.764413249	Down	DE	0	0	0	0	0	0	0	2	0	1	1	0	0.25	2	0.09	0	NA	NA	NA
MvSl-1064-A1-R4_A1g00106	OldStrata	1.297354832	1.297354832	Up	DE	0	0	-1	1	0	0	0	0	0	1	1	0	-9.3333	-28	-0.3	-0.44	NA	NA	NA
MvSl-1064-A1-R4_A1g00118	OldStrata	1.366976139	1.366976139	Up	DE	0	2	0	0	0	0	-1	-5	1	0.987124464	0.987179487	0	10.5	21	0.47	0.38	NA	NA	NA
MvSl-1064-A1-R4_A1g00154	OldStrata	-0.909654782	0.909654782	Down	DE	0	0	-4	0	0	0	0	-1	0	1	1	0	3	3	0.46	0.45	0.0425	0.013	3.269205621
MvSl-1064-A1-R4_A1g00165	OldStrata	-0.801032568	0.801032568	Down	DE	0	-2	0	-1	-1	0	0	1	-1	1.016872891	1.016853933	0	-2.5	-15	0.07	0.32	0.0382	0.0139	2.748181668
MvSl-1064-A1-R4_A1g00168	OldStrata	-1.420237846	1.420237846	Down	DE	-2	0	0	0	0	1	-1	-1	3	0.992509363	0.992523364	-2	15.25	-124	-0.68	-1.41	NA	NA	NA
MvSl-1064-A1-R4_A1g00230	OldStrata	1.402672746	1.402672746	Up	DE	0	-1	1	1	-1	1	-1	1	-3	0.713395639	0.714285714	0	8.75	35	1.68	-0.56	0.1111	0.0678	1.638640651
MvSl-1064-A1-R4_A1g00242	OldStrata	0.66789462	0.66789462	Up	DE	0	-2	0	-4	1	0	-1	-1	-1	1	1	0	-0.25	-1	0.52	1.56	0.045	0.0092	4.891251182
MvSl-1064-A1-R4_A1g00246	OldStrata	1.489921975	1.489921975	Up	DE	0	0	-3	-4	-1	0	0	1	-3	1	1	0	3	6	0.29	0.87	0.0169	0.0055	3.072671406
MvSl-1064-A1-R4_A1g00252	OldStrata	-3.1475067	3.1475067	Down	DE	1	-1	4	0	1	-1	-2	-1	1	1.517382413	1.516326531	-3	-8.5	-236	-0.37	1.79	NA	NA	NA
MvSl-1064-A1-R4_A1g00254	OldStrata	-1.92950017	1.92950017	Down	DE	0	-1	1	4	0	0	0	2	2	1.010840108	1.01082544	0	0.3333	1	-0.2	-0.65	0.0346	0.0147	2.353725485
MvSl-1064-A1-R4_A1g00269	OldStrata	-4.216289271	4.216289271	Down	DE	0	-1	1	1	1	-3	1	-2	0	0.787463271	0.787671233	1	10.35	158	0.01	-0.14	0.0492	0.0256	1.921867493
MvSl-1064-A1-R4_A1g00270	OldStrata	-1.168558114	1.168558114	Down	DE	0	0	-1	1	0	1	-2	-1	-2	1	1	0	-1	-3	0.18	0	0.0439	0.0137	3.204356173
MvSl-1064-A1-R4_A1g00283	OldStrata	4.449535004	4.449535004	Up	DE	1	1	0	0	0	1	2	-2	0	1.159058488	1.158945118	2	-10.6	173	-0.35	0.69	NA	NA	NA
MvSl-1064-A1-R4_A1g00292	OldStrata	-0.906844922	0.906844922	Down	DE	0	2	-2	0	-3	2	-1	-2	0	1	1	0	0.125	1	-0.49	-2.19	0.0373	0.0148	2.520253242
MvSl-1064-A1-R4_A1g00312	OldStrata	-3.601662265	3.601662265	Down	DE	0	-4	-2	-2	0	3	6	-2	0	1.163522013	1.1625	0	-2	-2	-0.18	4.96	0.0263	0.0377	0.697610882
MvSl-1064-A1-R4_A1g00349	OldStrata	2.448345756	2.448345756	Up	DE	0	0	1	0	2	0	0	-4	-1	1.074074074	1.073800738	0	-11.5559	-104	-0.31	-1.87	0.1173	0.0516	2.273251408
MvSl-1064-A1-R4_A1g00350	OldStrata	0.902069081	0.902069081	Up	DE	0	0	0	0	1	2	-4	0	-4	0.908489526	0.908590308	1	84.5	240	-0.09	-0.2	0.0239	0.0239	0.999995816
MvSl-1064-A1-R4_A1g00383	OldStrata	1.958261326	1.958261326	Up	DE	0	0	1	0	0	0	1	2	2	0.947368421	0.947674419	1	-84	-11	1.77	6.82	NA	NA	NA
MvSl-1064-A1-R4_A1g00400	ColorStrata	-1.080405595	1.080405595	Down	DE	0	0	0	0	-1	0	0	0	2	1	1	0	0.4286	3	0.08	-0.26	0.013	0.0128	1.015617065
MvSl-1064-A1-R4_A1g00448	OldStrata	-2.200893457	2.200893457	Down	DE	0	1	0	1	0	0	2	2	4	1.341130604	1.340466926	1	-5	40	0.59	3.95	0.065	0.0409	1.589238168
MvSl-1064-A1-R4_A1g00481	OldStrata	1.429781111	1.429781111	Up	DE	0	0	0	-3	1	-2	-1	-4	-5	1.045977011	1.045714286	0	-16	-32	-1.54	-3.07	NA	NA	NA
MvSl-1064-A1-R4_A1g00495	OldStrata	-1.952930588	1.952930588	Down	DE	0	-1	0	-2	8	3	-1	-2	0	1.131578947	1.131195335	0	66	132	1.38	-0.62	0.0619	0.0248	2.495957678
MvSl-1064-A1-R4_A1g00516	OldStrata	-0.952952226	0.952952226	Down	DE	0	-3	-3	-1	0	0	0	0	0	1.024464832	1.024390244	1	-4.5	109	1.03	2.69	0.0227	0.0187	1.213897252
MvSl-1064-A1-R4_A1g00522	OldStrata	-4.655908909	4.655908909	Down	DE	0	0	-2	0	0	-2	-2	0	0	1	1	0	2	12	-0.08	-0.48	0.0333	0.016	2.081236992
MvSl-1064-A1-R4_A1g00542	OldStrata	1.135990453	1.135990453	Up	DE	0	0	0	0	0	0	0	-1	0	1	1	0	0	0	-0.09	-0.26	0.003	0	30000
MvSl-1064-A1-R4_A1g00591	OldStrata	-4.272358924	4.272358924	Down	DE	0	1	2	-7	0	0	3	-2	-3	1.006772009	1.006756757	0	0	0	0.76	-0.03	0.4195	0.2049	2.047339167
MvSl-1064-A1-R4_A1g00594	OldStrata	-1.835910271	1.835910271	Down	DE	3	-2	1	2	0	0	0	0	1	1.17130621	1.170940171	-1	29.333	15	1	1.85	NA	NA	NA
MvSl-1064-A1-R4_A1g00624	OldStrata	-0.708893366	0.708893366	Down	DE	0	-2	-1	-1	1	3	0	-1	-2	1.00390625	1.003891051	0	8.286	58	-0.68	-1.31	0.0899	0.0656	1.37042474
MvSl-1064-A1-R4_A1g00635	OldStrata	-1.412656761	1.412656761	Down	DE	0	0	4	0	-3	-1	0	-2	-1	0.880573248	0.880763116	2	-21	-35	-0.21	-0.79	NA	NA	NA
MvSl-1064-A1-R4_A1g00642	OldStrata	5.102816982	5.102816982	Up	DE	0	0	2	0	-4	1	0	0	-1	0.802325581	0.804597701	0	0	0	-2.23	-1.2	NA	NA	NA
MvSl-1064-A1-R4_A1g00644	OldStrata	-1.306575235	1.306575235	Down	DE	0	0	0	0	4	0	-1	-1	3	0.993662864	0.993670886	0	111	111	0.17	0.14	0.0291	0.0318	0.915091462
MvSl-1064-A1-R4_A1g00646	OldStrata	-1.506373241	1.506373241	Down	DE	0	-1	-1	0	0	0	1	2	0	1	1	0	0	0	0.05	-0.15	0.0091	0.0065	1.399978462
MvSl-1064-A1-R4_A1g00648	OldStrata	0.646589946	0.646589946	Up	DE	0	2	0	0	0	-1	-1	2	0	0.994059406	0.994071146	0	0	0	-0.32	-0.04	0.0206	0.0181	1.138115259
MvSl-1064-A1-R4_A1g00668	ColorStrata	-5.711873018	5.711873018	Down	DE	0	-1	0	-2	0	-1	-3	0	-1	0.976958525	0.976993865	1	4.833	160	-0.38	-0.85	0.0454	0.0174	2.609180407
MvSl-1064-A1-R4_A1g00718	OldStrata	1.042239841	1.042239841	Up	DE	0	-3	0	-3	1	1	-6	-2	0	1	1	0	0.5	1	-0.28	-0.87	0.0446	0.0108	4.129591393
MvSl-1064-A1-R4_A1g00745	OldStrata	1.868153555	1.868153555	Up	DE	-3	-1	2	-2	0	0	1	0	0	0.557823129	0.559322034	-1	1.8333	-67	-2.96	-2.69	NA	NA	NA
MvSl-1064-A1-R4_A1g00752	OldStrata	-5.754454425	5.754454425	Down	DE	1	-2	-2	0	3	1	0	0	-1	1.46097561	1.459854015	-3	-36.2	-373	-0.46	-1.02	0.0693	0.0411	1.686127284
MvSl-1064-A1-R4_A1g00763	OldStrata	-4.029433889	4.029433889	Down	DE	1	-2	0	0	-2	0	0	-3	0	0.999190283	0.999190939	-1	-2.4333	-82	-1.88	-2.64	NA	NA	NA
MvSl-1064-A1-R4_A1g00779	OldStrata	0.677992555	0.677992555	Up	DE	0	1	2	2	1	-3	3	2	-1	1.008982036	1.008973081	0	0.8	8	0.3	-0.78	0.0444	0.0158	2.810108797
MvSl-1064-A1-R4_A1g00853	OldStrata	-1.487301401	1.487301401	Down	DE	0	2	2	2	3	-2	-1	-1	4	0.96559633	0.965635739	1	-44.767	-109	0.52	0.2	0.0339	0.0129	2.627886606
MvSl-1064-A1-R4_A1g00854	OldStrata	0.751578848	0.751578848	Up	DE	0	0	-2	-2	-2	-2	4	-3	1	1.046511628	1.046457607	-1	-2.0972	-116	-0.13	-0.01	0.0559	0.0268	2.085813113
MvSl-1064-A1-R4_A1g00923	OldStrata	1.125181115	1.125181115	Up	DE	0	0	0	0	-1	4	1	-4	2	1	1	0	0	0	-0.64	-2.88	NA	NA	NA
MvSl-1064-A1-R4_A1g00929	OldStrata	1.834083721	1.834083721	Up	DE	1	0	0	0	0	-2	-3	0	-1	1	1	0	0	0	0.63	0.48	NA	NA	NA
MvSl-1064-A1-R4_A1g00958	OldStrata	-0.561034724	0.561034724	Down	DE	0	0	1	0	1	2	0	1	-2	1	1	0	0.25	1	-0.2	-0.46	0.0202	0.0072	2.80551659
MvSl-1064-A1-R4_A1g00970	OldStrata	0.874880085	0.874880085	Up	DE	1	1	-1	0	0	-2	3	0	2	1	1	0	0	0	0.28	0.84	0.0159	0.0068	2.338200909
MvSl-1064-A1-R4_A1g00972	OldStrata	-1.734381671	1.734381671	Down	DE	-1	0	-1	0	3	0	-1	-2	-1	1	1	0	0	0	-0.17	0	0.018	0.0188	0.957441716
MvSl-1064-A1-R4_A1g00977	OldStrata	-3.065033979	3.065033979	Down	DE	0	2	0	0	1	-5	0	2	-1	0.838440111	0.838888889	0	-64.25	-257	-0.98	-1.71	NA	NA	NA
MvSl-1064-A1-R4_A1g00997	OldStrata	-3.509378289	3.509378289	Down	DE	0	0	0	-1	0	0	1	1	-3	1.098726115	1.098569157	0	3	12	-0.24	0.42	0.0258	0.0395	0.653162903
MvSl-1064-A1-R4_A1g01007	OldStrata	3.100208392	3.100208392	Up	DE	-4	-2	1	-2	0	0	0	2	1	0.994441637	0.994444444	0	-100.5	-402	1.17	-1.42	NA	NA	NA
MvSl-1064-A1-R4_A1g01021	OldStrata	4.38716508	4.38716508	Up	DE	0	1	3	1	0	4	-1	-1	-1	0.809210526	0.809836066	-4	14.5	-419	1.36	2.36	NA	NA	NA
MvSl-1064-A1-R4_A1g01049	Centro	0.997497083	0.997497083	Up	DE	1	-1	3	-2	-1	-2	-1	-1	-1	0.516666667	0.519337017	-2	-42	-216	0.76	6.64	NA	NA	NA
MvSl-1064-A1-R4_A1g01135	OldStrata	0.917019786	0.917019786	Up	DE	0	1	0	0	1	2	1	-1	-3	0.690104167	0.690909091	2	-6.3333	155	-0.43	-4.86	0.1527	0.0626	2.439293228
MvSl-1064-A1-R4_A1g01137	OldStrata	-0.592036629	0.592036629	Down	DE	0	-4	-2	0	0	0	1	3	0	1.003361345	1.003355705	0	1.6667	10	0.07	-0.48	0.03	0.0179	1.675968291
MvSl-1064-A1-R4_A1g01162	OldStrata	5.639008765	5.639008765	Up	DE	0	0	0	-1	0	0	-2	0	2	1.050847458	1.050561798	0	-0.5	-1	0.74	1.38	0.0389	0.0071	5.478796073
MvSl-1064-A1-R4_A1g01163	OldStrata	3.617225151	3.617225151	Up	DE	0	0	0	-1	0	0	-2	0	2	1.004424779	1.004405286	0	0.25	1	0.06	1.05	0.0408	0.0121	3.37187296
MvSl-1064-A1-R4_A1g01164	OldStrata	-0.782988706	0.782988706	Down	DE	0	0	0	1	0	2	-5	0	0	1.029154519	1.029126214	1	-0.0222	83	0.11	-0.03	NA	NA	NA
MvSl-1064-A1-R4_A1g01174	OldStrata	-1.343688683	1.343688683	Down	DE	0	-2	2	0	-1	0	-3	-1	1	0.790640394	0.791154791	0	-4.8	-24	1.54	2.7	0.0331	0.0141	2.347501082
MvSl-1064-A1-R4_A1g01212	OldStrata	-1.916759575	1.916759575	Down	DE	0	1	0	0	2	1	-2	-1	-4	0.917570499	0.917659805	1	3.4047	100	0.02	-2.95	0.0463	0.009	5.144387285
MvSl-1064-A1-R4_A1g01220	OldStrata	3.396664551	3.396664551	Up	DE	0	0	0	0	0	2	-4	2	3	1.160784314	1.16015625	1	-15.161	-20	0.82	0.58	NA	NA	NA
MvSl-1064-A1-R4_A1g01253	OldStrata	-0.854931713	0.854931713	Down	DE	0	0	-1	0	0	6	-7	1	0	0.928571429	0.928961749	0	10	40	1.07	-0.6	NA	NA	NA
MvSl-1064-A1-R4_A1g01261	ColorStrata	-2.188677548	2.188677548	Down	DE	0	4	0	2	0	-1	1	0	-2	1.000433088	1.0004329	0	9	63	0.2	0.11	0.0313	0.018	1.738879228
MvSl-1064-A1-R4_A1g01288	OldStrata	1.137327982	1.137327982	Up	DE	0	0	-1	3	0	0	1	3	1	1	1	0	0	0	-0.13	0.74	NA	NA	NA
MvSl-1064-A1-R4_A1g01290	OldStrata	1.448121849	1.448121849	Up	DE	0	0	2	3	0	0	1	2	0	0.933184855	0.933333333	0	12.8889	116	-0.09	-0.36	NA	NA	NA
MvSl-1064-A1-R4_A1g01302	OldStrata	6.307186831	6.307186831	Up	DE	1	1	-1	0	0	1	-1	-1	-1	1.645962733	1.644628099	3	30.6	312	1.03	3.5	NA	NA	NA
MvSl-1064-A1-R4_A1g01347	OldStrata	1.102009758	1.102009758	Up	DE	0	6	-2	-2	-22	0	-1	-1	0	1.000942063	1.00094162	0	0	0	0.04	0.31	0.0306	0.0123	2.487784652
MvSl-1064-A1-R4_A1g01375	OldStrata	0.846875736	0.846875736	Up	DE	0	0	1	0	2	0	1	1	2	0.913348946	0.913551402	0	5.5	11	-0.5	0.68	NA	NA	NA
MvSl-1064-A1-R4_A1g01376	OldStrata	0.760387737	0.760387737	Up	DE	0	1	-2	2	0	1	1	2	0	0.920043812	0.920131291	-1	-27.5151	-402	-0.59	2.62	NA	NA	NA
MvSl-1064-A1-R4_A1g01383	OldStrata	1.918429351	1.918429351	Up	DE	0	1	0	0	1	1	0	1	-1	1.005934718	1.005925926	2	-38.1714	-32	0.72	-0.04	NA	NA	NA
MvSl-1064-A1-R4_A1g01384	OldStrata	-0.947792045	0.947792045	Down	DE	0	-1	-5	1	-3	1	-6	-2	0	0.981150794	0.981169475	0	-52	-52	0.09	-0.76	0.0289	0.0201	1.437803792
MvSl-1064-A1-R4_A1g01404	OldStrata	-5.516663924	5.516663924	Down	DE	0	5	0	3	0	-4	-2	3	2	1.657608696	1.655826558	0	71	71	0.37	0.69	0.0823	0.0533	1.544087159
MvSl-1064-A1-R4_A1g01418	OldStrata	3.351221404	3.351221404	Up	DE	-1	3	0	3	-2	-2	0	-4	1	0.964781217	0.964818763	-1	-3.4444	-119	-0.09	-0.69	NA	NA	NA
MvSl-1064-A1-R4_A1g01432	OldStrata	1.19652809	1.19652809	Up	DE	0	0	-4	-1	-1	0	0	0	3	1	1	0	0.25	1	0	0.6	0.0663	0.0135	4.911074733
MvSl-1064-A1-R4_A1g01459	bPAR	5.483609744	5.483609744	Up	DE	0	0	0	0	0	0	0	0	0	1	1	0	0	0	0	0	NA	NA	NA
MvSl-1064-A1-R4_A1g01493	bPAR	-2.930023968	2.930023968	Down	DE	0	0	0	0	0	0	0	0	0	1	1	0	0	0	0	0	NA	NA	NA
MvSl-1064-A1-R4_A1g01494	bPAR	-0.924508323	0.924508323	Down	DE	0	0	0	0	0	0	0	0	0	1	1	0	0	0	0	0	NA	NA	NA
MvSl-1064-A1-R4_MC01-1g01699	Auto	-1.319583218	1.319583218	Down	DE	0	0	0	0	0	0	0	0	0	1	1	0	0	0	0	0	NA	NA	NA
MvSl-1064-A1-R4_MC01-1g01722	Auto	1.577594889	1.577594889	Up	DE	0	0	0	0	0	0	0	0	0	1	1	0	0	0	0	0	NA	NA	NA
MvSl-1064-A1-R4_MC01-1g01740	Auto	0.895446108	0.895446108	Up	DE	0	0	0	0	0	0	0	0	0	1	1	0	0	0	0	0	NA	NA	NA
MvSl-1064-A1-R4_MC01-1g01777	Auto	1.696559261	1.696559261	Up	DE	0	0	0	0	0	0	0	0	0	1	1	0	0	0	0	0	NA	NA	NA
MvSl-1064-A1-R4_MC01-1g01783	Auto	3.179057277	3.179057277	Up	DE	0	0	0	0	0	0	0	0	0	1	1	0	0	0	0	0	NA	NA	NA
MvSl-1064-A1-R4_MC01-1g01827	Auto	1.988514603	1.988514603	Up	DE	0	0	0	0	0	0	0	0	0	1	1	0	0	0	0	0	NA	NA	NA
MvSl-1064-A1-R4_MC01-1g01829	Auto	0.721753446	0.721753446	Up	DE	0	0	0	0	0	0	0	0	0	1	1	0	0	0	0	0	NA	NA	NA
MvSl-1064-A1-R4_MC01-1g01917	Auto	0.686271398	0.686271398	Up	DE	0	0	0	0	0	0	0	0	0	1	1	0	0	0	0	0	NA	NA	NA
MvSl-1064-A1-R4_MC01-1g01952	Auto	-0.607244261	0.607244261	Down	DE	0	0	0	0	0	0	0	0	0	1	1	0	0	0	0	0	0	0	0
MvSl-1064-A1-R4_MC01-1g01975	Auto	1.831454124	1.831454124	Up	DE	0	0	0	0	0	0	0	0	0	1	1	0	0	0	0	0	NA	NA	NA
MvSl-1064-A1-R4_MC01-1g01978	Auto	2.105009706	2.105009706	Up	DE	0	0	0	0	0	0	0	0	0	1	1	0	0	0	0	0	NA	NA	NA
MvSl-1064-A1-R4_MC01-1g01992	Auto	0.782766935	0.782766935	Up	DE	0	0	0	0	0	0	0	0	0	1	1	0	0	0	0	0	NA	NA	NA
MvSl-1064-A1-R4_MC01-1g02004	Auto	4.168341743	4.168341743	Up	DE	0	0	0	0	0	0	0	0	0	1	1	0	0	0	0	0	NA	NA	NA
MvSl-1064-A1-R4_MC01-1g02005	Auto	-1.562530536	1.562530536	Down	DE	0	0	0	0	0	0	0	0	0	1	1	0	0	0	0	0	NA	NA	NA
MvSl-1064-A1-R4_MC01-1g02007	Auto	0.729014747	0.729014747	Up	DE	0	0	0	0	0	0	0	0	0	1	1	0	0	0	0	0	NA	NA	NA
MvSl-1064-A1-R4_MC01-1g02008	Auto	-1.070633349	1.070633349	Down	DE	0	0	0	0	0	0	0	0	0	1	1	0	0	0	0	0	NA	NA	NA
MvSl-1064-A1-R4_MC01-1g02009	Auto	-0.88374669	0.88374669	Down	DE	0	0	0	0	0	0	0	0	0	1	1	0	0	0	0	0	NA	NA	NA
MvSl-1064-A1-R4_MC01-1g02022	Auto	1.684384058	1.684384058	Up	DE	0	0	0	0	0	0	0	0	0	1	1	0	0	0	0	0	NA	NA	NA
MvSl-1064-A1-R4_MC01-1g02046	Auto	1.06833939	1.06833939	Up	DE	0	0	0	0	0	0	0	0	0	1	1	0	0	0	0	0	NA	NA	NA
MvSl-1064-A1-R4_MC01-1g02082	Auto	-1.782062892	1.782062892	Down	DE	0	0	0	0	0	0	0	0	0	1	1	0	0	0	0	0	NA	NA	NA
MvSl-1064-A1-R4_MC01-1g02161	Auto	-1.612389211	1.612389211	Down	DE	0	0	0	0	0	0	0	0	0	1	1	0	0	0	0	0	0	0	0
MvSl-1064-A1-R4_MC01-1g02180	Auto	-1.019676864	1.019676864	Down	DE	0	0	0	0	0	0	0	0	0	1.038690476	1.038575668	-1	15.7381	38	-0.16	-0.22	NA	NA	NA
MvSl-1064-A1-R4_MC01-1g02186	Auto	0.865460841	0.865460841	Up	DE	0	0	0	0	0	0	0	0	0	1	1	0	0	0	0	0	NA	NA	NA
MvSl-1064-A1-R4_MC01-1g02207	Auto	8.932894877	8.932894877	Up	DE	0	0	0	0	0	0	0	0	0	1	1	0	0	0	0	0	NA	NA	NA
MvSl-1064-A1-R4_MC01-1g02258	Auto	0.709559331	0.709559331	Up	DE	0	0	0	0	0	0	0	0	0	1	1	0	0	0	0	0	NA	NA	NA
MvSl-1064-A1-R4_MC01-1g02267	Auto	-0.991272367	0.991272367	Down	DE	0	0	0	0	0	0	0	0	0	1	1	0	0	0	0	0	NA	NA	NA
MvSl-1064-A1-R4_MC01-1g02299	Auto	-0.871000447	0.871000447	Down	DE	0	0	0	0	0	0	0	0	0	1	1	0	0	0	0	0	0	0	0
MvSl-1064-A1-R4_MC01-1g02327	Auto	1.302089393	1.302089393	Up	DE	0	0	0	0	0	0	0	0	0	1	1	0	0	0	0	0	NA	NA	NA
MvSl-1064-A1-R4_MC01-1g02347	Auto	-3.643653614	3.643653614	Down	DE	0	0	0	0	0	0	0	0	0	1	1	0	0	0	0	0	NA	NA	NA
MvSl-1064-A1-R4_MC01-1g02351	Auto	-0.691663591	0.691663591	Down	DE	0	0	0	0	0	0	0	0	0	1	1	0	0	0	0	0	0	0	0
MvSl-1064-A1-R4_MC01-1g02352	Auto	1.313881112	1.313881112	Up	DE	0	0	0	0	0	0	0	0	0	1	1	0	0	0	0	0	NA	NA	NA
MvSl-1064-A1-R4_MC01-1g02353	Auto	1.002100063	1.002100063	Up	DE	0	0	0	0	0	0	0	0	0	1	1	0	0	0	0	0	NA	NA	NA
MvSl-1064-A1-R4_MC01-1g02359	Auto	-1.095470345	1.095470345	Down	DE	0	0	0	0	0	0	0	0	0	1	1	0	0	0	0	0	NA	NA	NA
MvSl-1064-A1-R4_MC01-1g02382	Auto	1.015600349	1.015600349	Up	DE	0	0	0	0	0	0	0	0	0	1	1	0	0	0	0	0	NA	NA	NA
MvSl-1064-A1-R4_MC01-1g02398	Auto	1.47762747	1.47762747	Up	DE	0	0	0	0	0	0	0	0	0	1	1	0	0	0	0	0	NA	NA	NA
MvSl-1064-A1-R4_MC01-1g02419	Auto	1.58694583	1.58694583	Up	DE	0	0	0	0	0	0	0	0	0	1	1	0	0	0	0	0	NA	NA	NA
MvSl-1064-A1-R4_MC01-1g02422	Auto	1.306802239	1.306802239	Up	DE	0	0	0	0	0	0	0	0	0	1	1	0	0	0	0	0	NA	NA	NA
MvSl-1064-A1-R4_MC01-1g02440	Auto	1.361133819	1.361133819	Up	DE	0	0	0	0	0	0	0	0	0	1	1	0	0	0	0	0	NA	NA	NA
MvSl-1064-A1-R4_MC01-1g02509	Auto	0.92421791	0.92421791	Up	DE	0	0	0	0	0	0	0	0	0	1	1	0	0	0	0	0	0	0	0
MvSl-1064-A1-R4_MC01-1g02511	Auto	1.269494285	1.269494285	Up	DE	0	0	0	0	0	0	0	0	0	1	1	0	0	0	0	0	NA	NA	NA
MvSl-1064-A1-R4_MC01-1g02545	Auto	0.713898684	0.713898684	Up	DE	0	0	0	0	0	0	-1	0	0	1	1	0	0	0	0	0	0	0	0
MvSl-1064-A1-R4_MC01-1g02603	Auto	-0.994476219	0.994476219	Down	DE	0	0	0	0	0	0	0	0	0	1	1	0	0	0	0	0	0	0	0
MvSl-1064-A1-R4_MC01-1g02647	Auto	0.684436817	0.684436817	Up	DE	0	0	0	0	0	0	0	0	0	1	1	0	0	0	0	0	NA	NA	NA
MvSl-1064-A1-R4_MC01-1g02686	Auto	1.067948881	1.067948881	Up	DE	0	0	0	0	0	0	0	0	0	1	1	0	0	0	0	0	NA	NA	NA
MvSl-1064-A1-R4_MC01-1g02724	Auto	-1.496333291	1.496333291	Down	DE	0	0	0	0	0	0	-1	0	0	1	1	0	0	0	0	0	NA	NA	NA
MvSl-1064-A1-R4_MC01-1g02725	Auto	1.206746158	1.206746158	Up	DE	0	0	0	0	0	1	0	0	0	1	1	0	0	0	0	0	NA	NA	NA
MvSl-1064-A1-R4_MC01-1g02736	Auto	1.788231827	1.788231827	Up	DE	0	0	1	0	0	0	0	0	0	1	1	0	0	0	0	0	NA	NA	NA
MvSl-1064-A1-R4_MC01-1g02744	Auto	0.989211157	0.989211157	Up	DE	0	0	0	0	0	0	0	0	0	1	1	0	0	0	0	0	NA	NA	NA
MvSl-1064-A1-R4_MC01-1g02763	Auto	0.787958756	0.787958756	Up	DE	0	0	0	0	0	0	0	0	0	1	1	0	0	0	0	0	0	0	0
MvSl-1064-A1-R4_MC01-1g02764	Auto	0.947348825	0.947348825	Up	DE	0	0	0	0	0	0	0	0	0	1	1	0	0	0	0	0	0	0	0
MvSl-1064-A1-R4_MC01-1g02787	Auto	2.286433325	2.286433325	Up	DE	0	0	0	0	0	0	0	0	0	1	1	0	0	0	0	0	NA	NA	NA
MvSl-1064-A1-R4_MC01-1g02828	Auto	-3.857269963	3.857269963	Down	DE	0	0	0	0	0	-1	-1	0	0	1	1	0	0	0	0	0	NA	NA	NA
MvSl-1064-A1-R4_MC01-1g02832	Auto	5.803490373	5.803490373	Up	DE	2	0	0	0	0	0	0	0	0	1	1	0	0	0	0	0	NA	NA	NA
MvSl-1064-A1-R4_MC01-1g02833	Auto	9.426932841	9.426932841	Up	DE	1	1	0	0	0	0	0	0	0	1	1	0	0	0	0	0	NA	NA	NA
MvSl-1064-A1-R4_MC01-1g02837	Auto	-1.876848734	1.876848734	Down	DE	0	0	-2	0	0	0	0	0	0	1	1	0	0	0	0	0	NA	NA	NA
MvSl-1064-A1-R4_MC01-1g02838	Auto	-0.8850548	0.8850548	Down	DE	0	0	-2	0	0	0	0	0	0	1	1	0	0	0	0	0	NA	NA	NA
MvSl-1064-A1-R4_MC01-1g02839	Auto	-1.671422591	1.671422591	Down	DE	0	0	0	-2	0	0	0	0	0	1	1	0	0	0	0	0	NA	NA	NA
MvSl-1064-A1-R4_MC01-1g02843	Auto	1.678077454	1.678077454	Up	DE	0	0	0	0	0	0	0	0	0	1	1	0	0	0	0	0	NA	NA	NA
MvSl-1064-A1-R4_MC01-1g02848	Auto	-0.704662556	0.704662556	Down	DE	0	0	0	0	0	0	0	0	0	1	1	0	0	0	0	0	NA	NA	NA
MvSl-1064-A1-R4_MC01-1g02849	Auto	-0.916923323	0.916923323	Down	DE	0	0	0	0	0	0	0	0	0	1	1	0	0	0	0	0	NA	NA	NA
MvSl-1064-A1-R4_MC01-1g02852	Auto	-1.693855885	1.693855885	Down	DE	0	0	0	0	0	0	0	0	-1	1	1	0	0	0	0	0	NA	NA	NA
MvSl-1064-A1-R4_MC01-1g02853	Auto	0.836664946	0.836664946	Up	DE	0	0	0	0	0	0	0	1	0	1	1	0	0	0	0	0	NA	NA	NA
MvSl-1064-A1-R4_MC01-1g02857	Auto	-5.478516142	5.478516142	Down	DE	0	0	0	0	0	0	-1	0	0	1	1	0	0	0	0	0	NA	NA	NA
MvSl-1064-A1-R4_MC01-1g02861	Auto	-1.842429842	1.842429842	Down	DE	0	0	0	0	0	-1	0	0	0	1	1	0	0	0	0	0	NA	NA	NA
MvSl-1064-A1-R4_MC01-1g02870	Auto	2.909305747	2.909305747	Up	DE	0	0	0	1	0	0	0	0	0	1	1	0	0	0	0	0	NA	NA	NA
MvSl-1064-A1-R4_MC01-1g02871	Auto	2.407514665	2.407514665	Up	DE	0	0	0	1	0	0	0	0	0	1	1	0	0	0	0	0	NA	NA	NA
MvSl-1064-A1-R4_MC01-1g02873	Auto	0.998863033	0.998863033	Up	DE	0	0	0	0	1	0	0	0	-1	1	1	0	0	0	0	0	NA	NA	NA
MvSl-1064-A1-R4_MC01-1g02885	Auto	4.060510593	4.060510593	Up	DE	0	0	0	0	0	0	-1	0	0	1	1	0	0	0	0	0	NA	NA	NA
MvSl-1064-A1-R4_MC01-1g02899	Auto	-1.512868526	1.512868526	Down	DE	0	0	0	0	1	0	0	0	0	1	1	0	0	0	0	0	NA	NA	NA
MvSl-1064-A1-R4_MC01-2g02957	Auto	2.559863191	2.559863191	Up	DE	0	0	2	0	0	0	0	0	0	1	1	0	0	0	0	0	NA	NA	NA
MvSl-1064-A1-R4_MC01-2g02960	Auto	2.87796983	2.87796983	Up	DE	0	0	0	2	0	0	0	0	0	1	1	0	0	0	0	0	NA	NA	NA
MvSl-1064-A1-R4_MC01-2g02966	Auto	2.759774207	2.759774207	Up	DE	0	0	0	0	0	0	0	0	0	1	1	0	0	0	0	0	NA	NA	NA
MvSl-1064-A1-R4_MC01-2g02969	Auto	3.836313458	3.836313458	Up	DE	0	0	0	0	0	0	0	0	0	1	1	0	0	0	0	0	NA	NA	NA
MvSl-1064-A1-R4_MC01-2g02970	Auto	1.648002224	1.648002224	Up	DE	0	0	0	0	0	0	0	0	0	1	1	0	0	0	0	0	NA	NA	NA
MvSl-1064-A1-R4_MC01-2g02971	Auto	-1.624207692	1.624207692	Down	DE	0	0	0	0	0	0	0	0	0	1	1	0	0	0	0	0	NA	NA	NA
MvSl-1064-A1-R4_MC01-2g02987	Auto	1.270185749	1.270185749	Up	DE	0	1	0	0	0	0	0	0	0	0.983322643	0.983333333	0	19.5	78	0.01	0.59	NA	NA	NA
MvSl-1064-A1-R4_MC01-2g03005	Auto	1.229831096	1.229831096	Up	DE	0	0	0	1	0	0	0	0	0	0.994417863	0.994422311	0	3.5	21	0	0.03	0	0	0
MvSl-1064-A1-R4_MC01-2g03006	Auto	7.968465271	7.968465271	Up	DE	0	0	0	0	1	0	0	0	0	1	1	0	0	0	0	0	NA	NA	NA
MvSl-1064-A1-R4_MC01-2g03070	Auto	1.345462198	1.345462198	Up	DE	0	0	0	0	0	0	0	0	0	1	1	0	0	0	0	0	NA	NA	NA
MvSl-1064-A1-R4_MC01-2g03077	Auto	0.562050944	0.562050944	Up	DE	0	0	0	0	0	0	0	0	0	1	1	0	0	0	0	0	0	0	0
MvSl-1064-A1-R4_MC01-2g03096	Auto	4.964591213	4.964591213	Up	DE	0	0	-1	-1	0	0	-6	4	0	1	1	0	0	0	0	0	NA	NA	NA
MvSl-1064-A1-R4_MC01-2g03112	Auto	-0.753072657	0.753072657	Down	DE	0	0	0	0	0	0	0	0	0	1	1	0	0	0	0	0	0	0	0
MvSl-1064-A1-R4_MC01-2g03113	Auto	-1.190902817	1.190902817	Down	DE	0	0	0	0	0	0	0	0	0	1	1	0	0	0	0	0	0	0	0
MvSl-1064-A1-R4_MC01-2g03117	Auto	0.833389279	0.833389279	Up	DE	0	0	0	0	0	0	0	0	0	1	1	0	0	0	0	0	0	0	0
MvSl-1064-A1-R4_MC01-2g03144	Auto	0.708243776	0.708243776	Up	DE	0	0	0	0	0	0	0	0	0	1	1	0	0	0	0	0	0	0	0
MvSl-1064-A1-R4_MC01-2g03166	Auto	3.777867735	3.777867735	Up	DE	0	0	0	0	0	0	0	0	0	1	1	0	0	0	0	0	NA	NA	NA
MvSl-1064-A1-R4_MC02g03205	Auto	0.993299368	0.993299368	Up	DE	0	0	0	0	0	0	0	0	0	1	1	0	0	0	0	0	0	0	0
MvSl-1064-A1-R4_MC02g03224	Auto	-0.827229126	0.827229126	Down	DE	0	0	0	0	0	0	0	0	0	1	1	0	0	0	0	0	0	0	0
MvSl-1064-A1-R4_MC02g03229	Auto	0.806135047	0.806135047	Up	DE	0	0	0	0	0	0	0	0	0	1	1	0	0	0	0	0	0	0	0
MvSl-1064-A1-R4_MC02g03274	Auto	1.646340887	1.646340887	Up	DE	0	0	0	0	0	0	0	0	0	1	1	0	0	0	0	0	NA	NA	NA
MvSl-1064-A1-R4_MC02g03288	Auto	0.990964441	0.990964441	Up	DE	0	0	0	0	0	0	0	0	0	1	1	0	0	0	0	0	NA	NA	NA
MvSl-1064-A1-R4_MC02g03297	Auto	1.458376395	1.458376395	Up	DE	0	0	0	0	0	0	0	0	0	1	1	0	0	0	0	0	NA	NA	NA
MvSl-1064-A1-R4_MC02g03352	Auto	1.094837538	1.094837538	Up	DE	0	0	0	0	0	0	0	0	0	1	1	0	0	0	0	0	NA	NA	NA
MvSl-1064-A1-R4_MC02g03359	Auto	1.252069275	1.252069275	Up	DE	0	0	0	0	0	-1	0	0	0	1	1	0	0	0	0	0	NA	NA	NA
MvSl-1064-A1-R4_MC02g03360	Auto	-1.932556102	1.932556102	Down	DE	1	0	0	0	0	0	0	0	0	1	1	0	0	0	0	0	NA	NA	NA
MvSl-1064-A1-R4_MC02g03362	Auto	2.042368447	2.042368447	Up	DE	0	-1	0	0	0	0	0	0	0	1	1	0	0	0	0	0	NA	NA	NA
MvSl-1064-A1-R4_MC02g03366	Auto	2.548127895	2.548127895	Up	DE	0	0	0	-1	0	0	0	0	0	1	1	0	0	0	0	0	NA	NA	NA
MvSl-1064-A1-R4_MC02g03373	Auto	1.105863354	1.105863354	Up	DE	0	0	0	0	0	0	0	3	0	1	1	0	0	0	0	0	NA	NA	NA
MvSl-1064-A1-R4_MC02g03374	Auto	0.689665321	0.689665321	Up	DE	0	0	0	0	0	0	3	0	0	1	1	0	0	0	0	0	NA	NA	NA
MvSl-1064-A1-R4_MC02g03384	Auto	2.468218596	2.468218596	Up	DE	0	0	0	0	3	0	0	0	0	1	1	0	0	0	0	0	NA	NA	NA
MvSl-1064-A1-R4_MC02g03392	Auto	-1.90387515	1.90387515	Down	DE	0	0	0	0	0	0	0	0	0	1	1	0	0	0	0	0	NA	NA	NA
MvSl-1064-A1-R4_MC02g03394	Auto	1.829171379	1.829171379	Up	DE	0	0	0	0	0	0	0	0	4	1	1	0	0	0	0	0	NA	NA	NA
MvSl-1064-A1-R4_MC02g03432	Auto	-3.710587015	3.710587015	Down	DE	0	0	0	-1	1	0	0	3	-3	0.932871972	0.932918396	2	-49.167	95	-0.14	-0.17	NA	NA	NA
MvSl-1064-A1-R4_MC02g03433	Auto	-6.158073001	6.158073001	Down	DE	0	0	0	0	-1	0	0	0	0	1	1	0	0	0	0	0	NA	NA	NA
MvSl-1064-A1-R4_MC02g03442	Auto	-5.153117119	5.153117119	Down	DE	0	0	0	0	0	1	2	-1	2	0.932871972	0.932918396	2	-49.167	95	-0.15	-0.17	NA	NA	NA
MvSl-1064-A1-R4_MC02g03451	Auto	-2.668968539	2.668968539	Down	DE	0	2	0	1	0	0	0	0	0	1	1	0	0	0	0	0	NA	NA	NA
MvSl-1064-A1-R4_MC02g03455	Auto	2.515322922	2.515322922	Up	DE	0	0	-1	-1	0	0	0	0	0	1	1	0	0	0	0	0	NA	NA	NA
MvSl-1064-A1-R4_MC02g03469	Auto	2.571153308	2.571153308	Up	DE	0	0	0	0	0	0	-2	0	0	1	1	0	0	0	0	0	NA	NA	NA
MvSl-1064-A1-R4_MC02g03482	Auto	1.174197786	1.174197786	Up	DE	0	0	0	-2	0	0	0	0	0	1	1	0	0	0	0	0	NA	NA	NA
MvSl-1064-A1-R4_MC02g03493	Auto	0.873272705	0.873272705	Up	DE	0	0	0	0	0	0	0	0	0	1	1	0	0	0	0	0	NA	NA	NA
MvSl-1064-A1-R4_MC02g03495	Auto	1.675742645	1.675742645	Up	DE	0	0	0	0	0	0	0	0	0	1	1	0	0	0	0	0	NA	NA	NA
MvSl-1064-A1-R4_MC02g03508	Auto	-2.300600211	2.300600211	Down	DE	0	0	0	0	0	0	0	0	0	1	1	0	0	0	0	0	NA	NA	NA
MvSl-1064-A1-R4_MC02g03522	Auto	-4.51041666	4.51041666	Down	DE	0	0	0	0	0	0	0	0	0	1.034965035	1.034904014	-1	-10.5	-72	-0.43	-0.21	NA	NA	NA
MvSl-1064-A1-R4_MC02g03579	Auto	5.13562295	5.13562295	Up	DE	0	0	0	0	0	0	0	0	0	1	1	0	0	0	0	0	NA	NA	NA
MvSl-1064-A1-R4_MC02g03584	Auto	1.425187622	1.425187622	Up	DE	0	0	0	0	0	0	0	0	0	0.980836237	0.980869565	-1	13.083	-74	0.03	0.43	NA	NA	NA
MvSl-1064-A1-R4_MC02g03606	Auto	1.354539397	1.354539397	Up	DE	0	0	0	0	0	-1	0	0	0	1	1	0	0	0	0	0	NA	NA	NA
MvSl-1064-A1-R4_MC02g03617	Auto	0.854666215	0.854666215	Up	DE	0	0	0	0	0	0	0	0	0	1	1	0	0	0	0	0	0	0	0
MvSl-1064-A1-R4_MC02g03663	Auto	3.428231195	3.428231195	Up	DE	0	0	0	0	0	0	0	0	0	1	1	0	0	0	0	0	NA	NA	NA
MvSl-1064-A1-R4_MC02g03664	Auto	-0.84941929	0.84941929	Down	DE	0	0	0	0	0	0	0	0	0	1	1	0	0	0	0	0	0	0	0
MvSl-1064-A1-R4_MC02g03676	Auto	2.189753815	2.189753815	Up	DE	0	0	0	0	0	0	0	0	0	1	1	0	0	0	0	0	NA	NA	NA
MvSl-1064-A1-R4_MC02g03772	Auto	1.342986243	1.342986243	Up	DE	0	0	0	0	0	0	0	0	0	1	1	0	0	0	0	0	NA	NA	NA
MvSl-1064-A1-R4_MC02g03808	Auto	1.722787903	1.722787903	Up	DE	0	0	0	0	0	0	0	0	0	1	1	0	0	0	0	0	NA	NA	NA
MvSl-1064-A1-R4_MC02g03872	Auto	1.133635611	1.133635611	Up	DE	0	0	0	0	0	0	0	0	0	1	1	0	0	0	0	0	NA	NA	NA
MvSl-1064-A1-R4_MC02g03891	Auto	2.21026572	2.21026572	Up	DE	0	0	0	0	0	0	0	0	0	1	1	0	0	0	0	0	NA	NA	NA
MvSl-1064-A1-R4_MC02g03893	Auto	1.925451973	1.925451973	Up	DE	0	0	0	0	0	0	0	0	0	1	1	0	0	0	0	0	NA	NA	NA
MvSl-1064-A1-R4_MC02g03915	Auto	0.900234537	0.900234537	Up	DE	0	0	0	0	0	0	0	0	0	1	1	0	0	0	0	0	0	0	0
MvSl-1064-A1-R4_MC02g03922	Auto	1.258934942	1.258934942	Up	DE	0	0	0	0	0	0	0	0	0	1	1	0	0	0	0	0	0	0	0
MvSl-1064-A1-R4_MC02g04109	Auto	1.278810482	1.278810482	Up	DE	0	0	0	0	0	0	0	0	0	1	1	0	0	0	0	0	NA	NA	NA
MvSl-1064-A1-R4_MC02g04171	Auto	-0.712761873	0.712761873	Down	DE	0	0	0	0	0	0	0	0	0	1	1	0	0	0	0	0	0	0	0
MvSl-1064-A1-R4_MC02g04181	Auto	-0.798356861	0.798356861	Down	DE	0	0	0	0	0	0	0	0	0	1	1	0	0	0	0	0	NA	NA	NA
MvSl-1064-A1-R4_MC02g04185	Auto	-2.522903041	2.522903041	Down	DE	0	0	0	0	0	0	0	0	0	1	1	0	0	0	0	0	NA	NA	NA
MvSl-1064-A1-R4_MC02g04198	Auto	1.982177055	1.982177055	Up	DE	0	0	0	0	0	0	0	0	0	1	1	0	0	0	0	0	NA	NA	NA
MvSl-1064-A1-R4_MC02g04206	Auto	1.296123341	1.296123341	Up	DE	0	0	0	0	0	0	0	0	0	1	1	0	0	0	0	0	0	0	0
MvSl-1064-A1-R4_MC02g04208	Auto	0.905097022	0.905097022	Up	DE	0	0	0	0	0	0	0	0	0	1	1	0	0	0	0	0	NA	NA	NA
MvSl-1064-A1-R4_MC02g04217	Auto	-2.060362229	2.060362229	Down	DE	0	0	0	0	0	0	0	0	0	1	1	0	0	0	0	0	NA	NA	NA
MvSl-1064-A1-R4_MC02g04224	Auto	1.166539328	1.166539328	Up	DE	0	0	0	0	0	0	0	0	0	1	1	0	0	0	0	0	0	0	0
MvSl-1064-A1-R4_MC02g04225	Auto	-3.336924952	3.336924952	Down	DE	0	0	0	0	0	0	0	0	0	1	1	0	0	0	0	0	NA	NA	NA
MvSl-1064-A1-R4_MC02g04245	Auto	3.568390977	3.568390977	Up	DE	0	0	0	0	0	0	0	0	0	1	1	0	0	0	0	0	NA	NA	NA
MvSl-1064-A1-R4_MC02g04246	Auto	-1.470663338	1.470663338	Down	DE	0	0	0	0	0	0	0	0	0	1	1	0	0	0	0	0	NA	NA	NA
MvSl-1064-A1-R4_MC03g04350	Auto	9.706419946	9.706419946	Up	DE	0	0	0	0	0	0	0	0	0	1	1	0	0	0	0	0	NA	NA	NA
MvSl-1064-A1-R4_MC03g04352	Auto	-0.813359118	0.813359118	Down	DE	0	0	0	0	0	0	0	0	0	1	1	0	0	0	0	0	NA	NA	NA
MvSl-1064-A1-R4_MC03g04419	Auto	2.351411102	2.351411102	Up	DE	0	0	0	0	0	0	0	0	0	1	1	0	0	0	0	0	NA	NA	NA
MvSl-1064-A1-R4_MC03g04423	Auto	0.841987833	0.841987833	Up	DE	0	0	0	0	0	0	0	0	0	1	1	0	0	0	0	0	NA	NA	NA
MvSl-1064-A1-R4_MC03g04424	Auto	3.05218518	3.05218518	Up	DE	0	0	0	0	0	0	0	0	0	1.009001637	1.008994276	0	-5.3333	-32	0.24	0.46	NA	NA	NA
MvSl-1064-A1-R4_MC03g04474	Auto	-1.570200753	1.570200753	Down	DE	0	0	0	0	0	0	0	0	0	1	1	0	0	0	0	0	NA	NA	NA
MvSl-1064-A1-R4_MC03g04565	Auto	1.623364984	1.623364984	Up	DE	0	0	0	0	0	0	0	0	0	1	1	0	0	0	0	0	NA	NA	NA
MvSl-1064-A1-R4_MC03g04585	Auto	1.842880175	1.842880175	Up	DE	0	0	0	0	0	0	0	0	0	1	1	0	0	0	0	0	NA	NA	NA
MvSl-1064-A1-R4_MC03g04642	Auto	-1.07257881	1.07257881	Down	DE	0	0	0	0	0	0	0	0	0	1	1	0	0	0	0	0	0	0	0
MvSl-1064-A1-R4_MC03g04650	Auto	0.794465156	0.794465156	Up	DE	0	0	0	0	0	0	0	0	0	1	1	0	0	0	0	0	NA	NA	NA
MvSl-1064-A1-R4_MC03g04706	Auto	8.665064922	8.665064922	Up	DE	0	0	0	0	0	0	0	0	0	1	1	0	0	0	0	0	NA	NA	NA
MvSl-1064-A1-R4_MC03g04707	Auto	4.42885232	4.42885232	Up	DE	0	0	0	0	0	0	0	0	0	1	1	0	0	0	0	0	NA	NA	NA
MvSl-1064-A1-R4_MC03g04730	Auto	0.941309491	0.941309491	Up	DE	0	0	0	0	0	0	0	0	0	1	1	0	0	0	0	0	NA	NA	NA
MvSl-1064-A1-R4_MC03g04747	Auto	-0.837537799	0.837537799	Down	DE	0	0	0	0	0	0	0	0	0	1	1	0	0	0	0	0	0	0	0
MvSl-1064-A1-R4_MC03g04760	Auto	4.062554469	4.062554469	Up	DE	0	0	0	0	0	0	0	0	0	1	1	0	1	1	0	0	NA	NA	NA
MvSl-1064-A1-R4_MC03g04777	Auto	0.860788238	0.860788238	Up	DE	0	0	0	0	0	0	0	0	0	1	1	0	0	0	0	0	NA	NA	NA
MvSl-1064-A1-R4_MC03g04791	Auto	0.942533901	0.942533901	Up	DE	0	0	0	0	0	0	0	0	0	1	1	0	0	0	0	0	NA	NA	NA
MvSl-1064-A1-R4_MC03g04792	Auto	1.501846069	1.501846069	Up	DE	0	0	0	0	0	0	0	0	0	0.945378151	0.945492662	0	0	0	-0.01	-0.86	NA	NA	NA
MvSl-1064-A1-R4_MC03g04807	Auto	-1.761008869	1.761008869	Down	DE	0	0	0	0	0	0	0	0	0	1	1	0	0	0	0	0	NA	NA	NA
MvSl-1064-A1-R4_MC03g04822	Auto	1.693889296	1.693889296	Up	DE	0	0	0	0	0	0	0	0	0	1	1	0	0	0	0	0	NA	NA	NA
MvSl-1064-A1-R4_MC03g04831	Auto	1.048826104	1.048826104	Up	DE	0	0	0	0	0	0	0	0	0	1	1	0	0	0	0	0	NA	NA	NA
MvSl-1064-A1-R4_MC03g04840	Auto	-1.277030027	1.277030027	Down	DE	0	0	0	0	0	0	0	0	0	1	1	0	0	0	0	0	NA	NA	NA
MvSl-1064-A1-R4_MC03g04877	Auto	5.334386647	5.334386647	Up	DE	0	0	0	0	0	0	0	0	0	1	1	0	0	0	0	0	NA	NA	NA
MvSl-1064-A1-R4_MC03g04879	Auto	-1.84868273	1.84868273	Down	DE	0	0	0	0	0	0	0	0	0	1	1	0	0	0	0	0	NA	NA	NA
MvSl-1064-A1-R4_MC03g04884	Auto	3.487763833	3.487763833	Up	DE	0	0	0	0	0	0	0	0	0	1	1	0	0	0	0	0	NA	NA	NA
MvSl-1064-A1-R4_MC03g04885	Auto	-5.478775526	5.478775526	Down	DE	0	0	0	0	0	0	0	0	0	1	1	0	0	0	0	0	NA	NA	NA
MvSl-1064-A1-R4_MC03g04895	Auto	-0.997991256	0.997991256	Down	DE	0	0	0	0	0	0	0	0	0	1	1	0	0	0	0	0	NA	NA	NA
MvSl-1064-A1-R4_MC03g04909	Auto	1.966043025	1.966043025	Up	DE	0	0	0	0	0	0	0	0	0	1	1	0	0	0	0	0	NA	NA	NA
MvSl-1064-A1-R4_MC03g04915	Auto	-1.008182435	1.008182435	Down	DE	0	0	0	0	0	0	0	0	0	1	1	0	0	0	0	0	NA	NA	NA
MvSl-1064-A1-R4_MC03g04929	Auto	-1.536562786	1.536562786	Down	DE	0	0	0	0	0	0	0	0	0	1	1	0	0	0	0	0	0	0	0
MvSl-1064-A1-R4_MC03g04931	Auto	1.218626164	1.218626164	Up	DE	0	0	0	0	0	0	0	0	0	1	1	0	0	0	0	0	NA	NA	NA
MvSl-1064-A1-R4_MC03g05014	Auto	1.556657673	1.556657673	Up	DE	0	0	0	0	0	0	0	0	0	1	1	0	0	0	0	0	NA	NA	NA
MvSl-1064-A1-R4_MC03g05016	Auto	1.58973385	1.58973385	Up	DE	0	0	0	0	0	0	0	0	0	1	1	0	0	0	0	0	NA	NA	NA
MvSl-1064-A1-R4_MC03g05022	Auto	3.407276008	3.407276008	Up	DE	0	0	0	0	0	0	0	0	0	1	1	0	0	0	0	0	NA	NA	NA
MvSl-1064-A1-R4_MC03g05037	Auto	1.584511224	1.584511224	Up	DE	0	0	0	0	0	0	0	0	0	1	1	0	0	0	0	0	NA	NA	NA
MvSl-1064-A1-R4_MC03g05043	Auto	-0.850427141	0.850427141	Down	DE	0	0	0	0	0	0	0	0	0	1	1	0	0	0	0	0	NA	NA	NA
MvSl-1064-A1-R4_MC03g05077	Auto	0.720775829	0.720775829	Up	DE	0	0	0	0	0	0	0	0	0	1	1	0	0	0	0	0	0	0	0
MvSl-1064-A1-R4_MC03g05082	Auto	-1.887609074	1.887609074	Down	DE	0	0	0	0	0	0	0	0	0	1	1	0	0	0	0	0	NA	NA	NA
MvSl-1064-A1-R4_MC03g05094	Auto	1.476143872	1.476143872	Up	DE	0	0	0	0	0	0	0	0	0	1	1	0	0	0	0	0	NA	NA	NA
MvSl-1064-A1-R4_MC03g05097	Auto	4.287244089	4.287244089	Up	DE	0	0	0	0	0	0	0	0	0	1	1	0	0	0	0	0	NA	NA	NA
MvSl-1064-A1-R4_MC03g05099	Auto	1.871965153	1.871965153	Up	DE	0	0	0	0	0	0	0	0	0	1	1	0	0	0	0	0	NA	NA	NA
MvSl-1064-A1-R4_MC03g05112	Auto	0.767192914	0.767192914	Up	DE	0	0	0	0	0	0	0	0	0	1	1	0	0	0	0	0	0	0	0
MvSl-1064-A1-R4_MC03g05134	Auto	4.124870169	4.124870169	Up	DE	0	0	0	0	0	0	0	0	0	1	1	0	0	0	0	0	NA	NA	NA
MvSl-1064-A1-R4_MC03g05141	Auto	-0.964512004	0.964512004	Down	DE	0	0	0	0	0	0	0	0	0	1	1	0	0	0	0	0	NA	NA	NA
MvSl-1064-A1-R4_MC03g05149	Auto	1.65530861	1.65530861	Up	DE	0	0	0	0	0	0	0	0	0	1	1	0	0	0	0	0	NA	NA	NA
MvSl-1064-A1-R4_MC03g05154	Auto	-1.253849334	1.253849334	Down	DE	0	0	0	0	0	0	0	0	0	1	1	0	0	0	0	0	0	0	0
MvSl-1064-A1-R4_MC03g05159	Auto	-1.075091541	1.075091541	Down	DE	0	0	0	0	0	0	0	0	0	1	1	0	0	0	0	0	0	0	0
MvSl-1064-A1-R4_MC03g05187	Auto	1.436737543	1.436737543	Up	DE	0	0	0	0	0	0	0	0	0	1	1	0	0	0	0	0	NA	NA	NA
MvSl-1064-A1-R4_MC03g05222	Auto	1.350894625	1.350894625	Up	DE	0	0	0	0	0	0	0	0	0	1	1	0	0	0	0	0	NA	NA	NA
MvSl-1064-A1-R4_MC03g05233	Auto	1.441384271	1.441384271	Up	DE	0	0	0	0	0	0	0	0	0	1	1	0	0	0	0	0	NA	NA	NA
MvSl-1064-A1-R4_MC03g05235	Auto	-1.764312444	1.764312444	Down	DE	0	0	0	0	0	0	0	0	0	1	1	0	0	0	0	0	0	0	0
MvSl-1064-A1-R4_MC03g05244	Auto	0.951125142	0.951125142	Up	DE	0	0	0	0	0	0	0	0	0	1	1	0	0	0	0	0	NA	NA	NA
MvSl-1064-A1-R4_MC03g05260	Auto	0.65769881	0.65769881	Up	DE	0	0	0	0	0	0	0	0	0	1	1	0	0	0	0	0	NA	NA	NA
MvSl-1064-A1-R4_MC04-1g05279	Auto	-1.7146887	1.7146887	Down	DE	0	0	0	0	0	0	0	0	0	1	1	0	0	0	0	0	NA	NA	NA
MvSl-1064-A1-R4_MC04-1g05282	Auto	5.175785008	5.175785008	Up	DE	0	0	0	0	0	0	0	0	0	1	1	0	0	0	0	0	NA	NA	NA
MvSl-1064-A1-R4_MC04-1g05308	Auto	0.991324397	0.991324397	Up	DE	0	0	0	0	0	0	0	0	0	1	1	0	0	0	0	0	0	0	0
MvSl-1064-A1-R4_MC04-1g05310	Auto	-0.667337928	0.667337928	Down	DE	0	0	0	0	0	0	0	0	0	1	1	0	0	0	0	0	NA	NA	NA
MvSl-1064-A1-R4_MC04-1g05312	Auto	2.569657342	2.569657342	Up	DE	0	0	0	0	0	0	0	0	0	1	1	0	0	0	0	0	NA	NA	NA
MvSl-1064-A1-R4_MC04-1g05313	Auto	2.983108569	2.983108569	Up	DE	0	0	0	0	0	0	0	0	0	1	1	0	0	0	0	0	NA	NA	NA
MvSl-1064-A1-R4_MC04-1g05315	Auto	5.661959534	5.661959534	Up	DE	0	0	0	0	0	0	0	0	0	1	1	0	0	0	0	0	NA	NA	NA
MvSl-1064-A1-R4_MC04-1g05323	Auto	0.644965672	0.644965672	Up	DE	0	0	0	0	0	0	0	0	0	1	1	0	0	0	0	0	NA	NA	NA
MvSl-1064-A1-R4_MC04-1g05376	Auto	1.730684959	1.730684959	Up	DE	0	0	0	0	0	-1	0	0	0	1	1	0	0	0	0	0	NA	NA	NA
MvSl-1064-A1-R4_MC04-1g05378	Auto	0.970073278	0.970073278	Up	DE	-1	0	0	0	0	0	0	0	0	1	1	0	0	0	0	0	NA	NA	NA
MvSl-1064-A1-R4_MC04-1g05382	Auto	1.250773282	1.250773282	Up	DE	0	0	-1	0	0	0	0	0	0	1	1	0	0	0	0	0	NA	NA	NA
MvSl-1064-A1-R4_MC04-1g05388	Auto	2.153663353	2.153663353	Up	DE	0	0	0	0	-1	0	0	0	0	1	1	0	0	0	0	0	NA	NA	NA
MvSl-1064-A1-R4_MC04-1g05389	Auto	3.436033959	3.436033959	Up	DE	0	0	0	0	0	0	0	0	0	1	1	0	0	0	0	0	NA	NA	NA
MvSl-1064-A1-R4_MC04-1g05411	Auto	1.224964151	1.224964151	Up	DE	0	0	0	0	0	0	0	2	-1	0.982000837	0.982008368	-2	-0.5	-116	0.12	0.16	NA	NA	NA
MvSl-1064-A1-R4_MC04-1g05437	Auto	3.227926308	3.227926308	Up	DE	0	0	1	0	0	0	0	0	0	1	1	0	0	0	0	0	NA	NA	NA
MvSl-1064-A1-R4_MC04-1g05441	Auto	-0.66247332	0.66247332	Down	DE	0	0	0	0	-1	0	0	0	0	1	1	0	0	0	0	0	0	0	0
MvSl-1064-A1-R4_MC04-1g05493	Auto	0.591446878	0.591446878	Up	DE	0	0	0	0	0	0	0	0	0	1	1	0	0	0	0	0	NA	NA	NA
MvSl-1064-A1-R4_MC04-1g05504	Auto	-1.156400131	1.156400131	Down	DE	0	0	0	0	0	0	0	0	0	1	1	0	0	0	0	0	NA	NA	NA
MvSl-1064-A1-R4_MC04-1g05546	Auto	1.26427804	1.26427804	Up	DE	0	0	0	0	0	0	0	0	0	1	1	0	0	0	0	0	NA	NA	NA
MvSl-1064-A1-R4_MC04-1g05592	Auto	1.000413436	1.000413436	Up	DE	0	0	0	0	0	0	0	0	0	1	1	0	0	0	0	0	0	0	0
MvSl-1064-A1-R4_MC04-1g05677	Auto	0.976347781	0.976347781	Up	DE	0	0	0	0	0	0	0	0	0	1	1	0	0	0	0	0	NA	NA	NA
MvSl-1064-A1-R4_MC04-1g05729	Auto	-0.7976718	0.7976718	Down	DE	0	0	0	0	0	0	0	0	0	1	1	0	0	0	0	0	0	0	0
MvSl-1064-A1-R4_MC04-1g05744	Auto	-1.064099059	1.064099059	Down	DE	0	0	0	0	0	0	0	0	0	1	1	0	0	0	0	0	0	0	0
MvSl-1064-A1-R4_MC04-1g05801	Auto	1.30398895	1.30398895	Up	DE	0	0	0	0	0	0	0	0	0	1	1	0	0	0	0	0	0	0	0
MvSl-1064-A1-R4_MC04-1g05803	Auto	4.496130829	4.496130829	Up	DE	0	0	0	0	0	0	0	0	0	1	1	0	0	0	0	0	NA	NA	NA
MvSl-1064-A1-R4_MC04-1g05832	Auto	4.670637681	4.670637681	Up	DE	0	0	0	0	0	0	0	0	0	1	1	0	0	0	0	0	NA	NA	NA
MvSl-1064-A1-R4_MC04-1g05833	Auto	4.106005149	4.106005149	Up	DE	0	0	0	0	0	0	0	0	0	1	1	0	0	0	0	0	NA	NA	NA
MvSl-1064-A1-R4_MC04-1g05863	Auto	1.886897546	1.886897546	Up	DE	0	0	0	0	0	0	0	0	0	1	1	0	0	0	0	0	NA	NA	NA
MvSl-1064-A1-R4_MC04-1g05865	Auto	-0.799610004	0.799610004	Down	DE	0	0	0	0	0	0	0	0	0	1	1	0	0	0	0	0	0	0	0
MvSl-1064-A1-R4_MC04-1g05907	Auto	1.820048438	1.820048438	Up	DE	0	0	-2	2	0	0	0	0	0	1	1	0	0	0	0	0	NA	NA	NA
MvSl-1064-A1-R4_MC04-1g05942	Auto	0.757018715	0.757018715	Up	DE	0	0	0	0	0	0	0	0	0	1	1	0	0	0	0	0	0	0	0
MvSl-1064-A1-R4_MC04-1g05945	Auto	-0.846596623	0.846596623	Down	DE	0	0	0	0	0	0	0	0	0	1	1	0	0	0	0	0	0	0	0
MvSl-1064-A1-R4_MC04-1g06004	Auto	1.420965945	1.420965945	Up	DE	0	0	0	0	0	0	0	0	0	1	1	0	0	0	0	0	NA	NA	NA
MvSl-1064-A1-R4_MC04-1g06022	Auto	0.940585564	0.940585564	Up	DE	0	0	0	0	0	0	0	0	0	1	1	0	0	0	0	0	NA	NA	NA
MvSl-1064-A1-R4_MC04-1g06027	Auto	4.799070086	4.799070086	Up	DE	0	0	0	0	0	0	0	0	0	1	1	0	0	0	0	0	NA	NA	NA
MvSl-1064-A1-R4_MC04-1g06041	Auto	1.24047057	1.24047057	Up	DE	0	0	0	0	0	0	0	0	0	1	1	0	0	0	0	0	NA	NA	NA
MvSl-1064-A1-R4_MC04-1g06073	Auto	-2.404658963	2.404658963	Down	DE	-1	0	0	0	0	0	-2	0	0	1	1	0	0	0	0	0	NA	NA	NA
MvSl-1064-A1-R4_MC04-2g06086	Auto	2.668295191	2.668295191	Up	DE	0	0	0	0	0	0	0	0	0	1	1	0	0	0	0	0	NA	NA	NA
MvSl-1064-A1-R4_MC05-1g06125	Auto	0.998850301	0.998850301	Up	DE	0	0	0	0	0	0	0	0	0	1	1	0	0	0	0	0	NA	NA	NA
MvSl-1064-A1-R4_MC05-1g06149	Auto	-0.678128307	0.678128307	Down	DE	0	0	0	0	0	0	0	0	0	1	1	0	0	0	0	0	0	0	0
MvSl-1064-A1-R4_MC05-1g06164	Auto	2.787799389	2.787799389	Up	DE	0	0	0	0	0	0	0	0	0	1	1	0	0	0	0	0	NA	NA	NA
MvSl-1064-A1-R4_MC05-1g06215	Auto	0.969286676	0.969286676	Up	DE	0	0	0	0	0	0	0	0	0	1	1	0	0	0	0	0	NA	NA	NA
MvSl-1064-A1-R4_MC05-1g06264	Auto	1.525133551	1.525133551	Up	DE	1	1	0	0	0	0	0	0	0	1	1	0	0	0	0	0	NA	NA	NA
MvSl-1064-A1-R4_MC05-2g06305	Auto	1.529982122	1.529982122	Up	DE	0	0	-1	0	1	0	0	0	0	1	1	0	0	0	0	0	NA	NA	NA
MvSl-1064-A1-R4_MC05-2g06306	Auto	1.066954713	1.066954713	Up	DE	0	0	0	0	-1	0	0	0	0	1	1	0	0	0	0	0	NA	NA	NA
MvSl-1064-A1-R4_MC05-2g06312	Auto	1.524409022	1.524409022	Up	DE	0	0	0	0	0	0	0	0	0	1.015873016	1.015856237	-1	4.4667	-46	0.34	0.43	NA	NA	NA
MvSl-1064-A1-R4_MC05-2g06318	Auto	2.561929224	2.561929224	Up	DE	0	0	0	0	0	0	0	0	0	1	1	0	0	0	0	0	NA	NA	NA
MvSl-1064-A1-R4_MC05-2g06335	Auto	3.089655278	3.089655278	Up	DE	0	0	0	0	0	-8	0	1	0	1	1	0	0	0	0	0	NA	NA	NA
MvSl-1064-A1-R4_MC05-2g06338	Auto	1.456580705	1.456580705	Up	DE	-8	0	0	0	0	0	1	0	0	1	1	0	0	0	0	0	NA	NA	NA
MvSl-1064-A1-R4_MC05-2g06342	Auto	0.858692768	0.858692768	Up	DE	-3	-4	0	0	0	0	0	0	0	1	1	0	0	0	0	0	NA	NA	NA
MvSl-1064-A1-R4_MC05-2g06373	Auto	0.772612795	0.772612795	Up	DE	0	0	0	0	0	0	0	0	0	1	1	0	0	0	0	0	NA	NA	NA
MvSl-1064-A1-R4_MC05-2g06375	Auto	1.014309577	1.014309577	Up	DE	0	0	0	0	0	0	0	0	0	1	1	0	0	0	0	0	NA	NA	NA
MvSl-1064-A1-R4_MC05-2g06394	Auto	-0.615043751	0.615043751	Down	DE	0	0	0	0	0	0	0	0	0	1	1	0	0	0	0	0	NA	NA	NA
MvSl-1064-A1-R4_MC05-2g06418	Auto	1.360669113	1.360669113	Up	DE	0	0	0	0	0	0	0	0	0	1	1	0	0	0	0	0	NA	NA	NA
MvSl-1064-A1-R4_MC05-2g06420	Auto	-2.531381084	2.531381084	Down	DE	0	0	0	0	0	0	0	0	0	1	1	0	0	0	0	0	NA	NA	NA
MvSl-1064-A1-R4_MC05-2g06438	Auto	2.967757884	2.967757884	Up	DE	0	0	0	0	0	0	0	0	0	1	1	0	0	0	0	0	NA	NA	NA
MvSl-1064-A1-R4_MC05-2g06483	Auto	-0.837132444	0.837132444	Down	DE	0	0	0	0	0	0	0	0	0	1	1	0	0	0	0	0	NA	NA	NA
MvSl-1064-A1-R4_MC05-2g06485	Auto	-1.429571067	1.429571067	Down	DE	0	0	0	0	0	0	0	0	0	1	1	0	0	0	0	0	NA	NA	NA
MvSl-1064-A1-R4_MC05-3g06511	Auto	-1.323522772	1.323522772	Down	DE	0	0	0	0	0	0	0	0	0	1	1	0	0	0	0	0	0	0	0
MvSl-1064-A1-R4_MC05-3g06513	Auto	-1.224846913	1.224846913	Down	DE	0	0	0	0	0	0	0	0	0	1	1	0	0	0	0	0	NA	NA	NA
MvSl-1064-A1-R4_MC05-3g06514	Auto	-1.117604784	1.117604784	Down	DE	0	0	0	0	0	0	0	0	0	1	1	0	0	0	0	0	0	0	0
MvSl-1064-A1-R4_MC05-3g06515	Auto	-1.154134943	1.154134943	Down	DE	0	0	0	0	0	0	0	0	0	1	1	0	0	0	0	0	0	0	0
MvSl-1064-A1-R4_MC05-3g06516	Auto	-0.748506772	0.748506772	Down	DE	0	0	0	0	0	0	0	0	0	1	1	0	0	0	0	0	0	0	0
MvSl-1064-A1-R4_MC05-3g06517	Auto	-1.030728333	1.030728333	Down	DE	0	0	0	0	0	0	0	0	0	1	1	0	0	0	0	0	0	0	0
MvSl-1064-A1-R4_MC05-3g06518	Auto	-1.068391232	1.068391232	Down	DE	0	0	0	0	0	0	0	0	0	1	1	0	0	0	0	0	0	0	0
MvSl-1064-A1-R4_MC05-3g06519	Auto	-0.96196907	0.96196907	Down	DE	0	0	0	0	0	0	0	0	0	1	1	0	0	0	0	0	0	0	0
MvSl-1064-A1-R4_MC05-3g06520	Auto	-1.351995767	1.351995767	Down	DE	0	0	0	0	0	0	0	0	0	1	1	0	0	0	0	0	0	0	0
MvSl-1064-A1-R4_MC05-3g06523	Auto	-2.427079998	2.427079998	Down	DE	0	0	0	0	0	0	0	0	0	1	1	0	0	0	0	0	NA	NA	NA
MvSl-1064-A1-R4_MC05-3g06538	Auto	0.781271572	0.781271572	Up	DE	0	0	0	0	0	0	0	0	0	1	1	0	0	0	0	0	NA	NA	NA
MvSl-1064-A1-R4_MC05-3g06566	Auto	1.286824258	1.286824258	Up	DE	0	0	0	0	0	0	0	0	0	1	1	0	0	0	0	0	NA	NA	NA
MvSl-1064-A1-R4_MC05-3g06591	Auto	0.707273927	0.707273927	Up	DE	0	0	0	0	0	0	0	0	0	0.9743083	0.974333662	-1	14.5303	79	-0.06	-0.27	NA	NA	NA
MvSl-1064-A1-R4_MC05-3g06707	Auto	-1.033030577	1.033030577	Down	DE	0	0	0	0	0	0	0	0	0	1	1	0	0	0	0	0	0	0	0
MvSl-1064-A1-R4_MC05-3g06731	Auto	-1.110557998	1.110557998	Down	DE	0	0	0	0	0	0	0	0	0	1	1	0	0	0	0	0	NA	NA	NA
MvSl-1064-A1-R4_MC05-3g06733	Auto	2.074478968	2.074478968	Up	DE	0	0	0	0	0	0	0	0	0	1	1	0	0	0	0	0	NA	NA	NA
MvSl-1064-A1-R4_MC05-3g06742	Auto	0.637597379	0.637597379	Up	DE	0	0	0	0	0	0	0	0	0	1	1	0	0.25	1	0	0	NA	NA	NA
MvSl-1064-A1-R4_MC05-3g06747	Auto	-3.253641177	3.253641177	Down	DE	0	0	0	0	0	0	0	0	0	1	1	0	0	0	0	0	NA	NA	NA
MvSl-1064-A1-R4_MC05-3g06760	Auto	2.406505	2.406505	Up	DE	0	0	0	0	0	0	0	0	0	1	1	0	0	0	0	0	NA	NA	NA
MvSl-1064-A1-R4_MC05-3g06813	Auto	2.412579449	2.412579449	Up	DE	0	0	0	0	0	0	0	0	0	1	1	0	0	0	0	0	NA	NA	NA
MvSl-1064-A1-R4_MC06g06875	Auto	1.007242061	1.007242061	Up	DE	4	0	0	0	0	0	0	0	0	1	1	0	0	0	0	0	NA	NA	NA
MvSl-1064-A1-R4_MC06g06896	Auto	-1.014107806	1.014107806	Down	DE	0	0	0	0	0	0	1	0	0	1	1	0	0	0	0	0	0	0	0
MvSl-1064-A1-R4_MC06g06907	Auto	1.740398534	1.740398534	Up	DE	0	0	0	0	-1	0	0	0	0	1	1	0	0	0	0	0	NA	NA	NA
MvSl-1064-A1-R4_MC06g06910	Auto	0.90645564	0.90645564	Up	DE	0	0	0	0	0	0	0	0	0	1	1	0	-0.6667	-2	0	0	NA	NA	NA
MvSl-1064-A1-R4_MC06g06929	Auto	0.844566611	0.844566611	Up	DE	0	0	0	0	0	0	0	0	0	1	1	0	0	0	0	0	0	0	0
MvSl-1064-A1-R4_MC06g06943	Auto	0.808477899	0.808477899	Up	DE	0	0	0	0	0	0	0	0	0	1	1	0	0	0	0	0	0	0	0
MvSl-1064-A1-R4_MC06g06944	Auto	-1.980106975	1.980106975	Down	DE	0	0	0	0	0	0	0	0	0	1	1	0	0	0	0	0	0	0	0
MvSl-1064-A1-R4_MC06g06945	Auto	-2.948332512	2.948332512	Down	DE	0	0	0	0	0	0	0	0	0	1	1	0	0	0	0	0	0	0	0
MvSl-1064-A1-R4_MC06g06946	Auto	-2.605561205	2.605561205	Down	DE	0	0	0	0	0	0	0	0	0	1	1	0	0	0	0	0	NA	NA	NA
MvSl-1064-A1-R4_MC06g06947	Auto	-2.990309692	2.990309692	Down	DE	0	0	0	0	0	0	0	0	0	1	1	0	0	0	0	0	NA	NA	NA
MvSl-1064-A1-R4_MC06g06972	Auto	-1.410101842	1.410101842	Down	DE	0	0	0	0	0	0	0	0	0	1	1	0	0	0	0	0	NA	NA	NA
MvSl-1064-A1-R4_MC06g07032	Auto	2.952178564	2.952178564	Up	DE	0	0	0	0	0	0	0	0	0	1	1	0	0	0	0	0	NA	NA	NA
MvSl-1064-A1-R4_MC06g07033	Auto	1.357013949	1.357013949	Up	DE	0	0	0	0	0	0	0	0	0	1	1	0	0	0	0	0	NA	NA	NA
MvSl-1064-A1-R4_MC06g07064	Auto	1.960960458	1.960960458	Up	DE	-1	0	0	0	0	0	0	0	-1	1	1	0	0	0	0	0	NA	NA	NA
MvSl-1064-A1-R4_MC06g07078	Auto	1.364209618	1.364209618	Up	DE	2	-1	-1	0	0	0	0	0	0	1	1	0	0	0	0	0	NA	NA	NA
MvSl-1064-A1-R4_MC06g07079	Auto	-1.993922013	1.993922013	Down	DE	0	-2	1	0	1	0	0	0	0	1	1	0	0	0	0	0	NA	NA	NA
MvSl-1064-A1-R4_MC06g07081	Auto	-1.461367666	1.461367666	Down	DE	0	0	-2	0	1	0	0	0	0	1	1	0	0	0	0	0	NA	NA	NA
MvSl-1064-A1-R4_MC06g07136	Auto	-1.428404869	1.428404869	Down	DE	0	0	0	0	0	0	0	0	0	1	1	0	0	0	0	0	0	0	0
MvSl-1064-A1-R4_MC06g07137	Auto	-4.958388394	4.958388394	Down	DE	0	0	0	0	0	0	0	0	0	1	1	0	0	0	0	0	0	0	0
MvSl-1064-A1-R4_MC06g07138	Auto	4.561588205	4.561588205	Up	DE	0	0	0	0	0	0	0	0	0	1	1	0	0	0	0	0	0	0	0
MvSl-1064-A1-R4_MC06g07140	Auto	-1.114499409	1.114499409	Down	DE	0	0	0	0	0	0	0	0	0	1	1	0	0	0	0	0	NA	NA	NA
MvSl-1064-A1-R4_MC06g07191	Auto	1.258732923	1.258732923	Up	DE	0	0	0	0	0	0	0	0	0	1	1	0	0	0	0	0	0	0	0
MvSl-1064-A1-R4_MC06g07295	Auto	9.850540835	9.850540835	Up	DE	0	0	0	0	0	0	0	0	0	1	1	0	0	0	0	0	NA	NA	NA
MvSl-1064-A1-R4_MC06g07296	Auto	1.929546221	1.929546221	Up	DE	0	0	0	0	0	0	0	0	0	1	1	0	0	0	0	0	NA	NA	NA
MvSl-1064-A1-R4_MC06g07297	Auto	3.364025075	3.364025075	Up	DE	0	0	0	0	0	0	0	0	0	1	1	0	0	0	0	0	NA	NA	NA
MvSl-1064-A1-R4_MC06g07298	Auto	-0.785742372	0.785742372	Down	DE	0	0	0	0	0	0	0	0	0	1	1	0	0	0	0	0	0	0	0
MvSl-1064-A1-R4_MC06g07412	Auto	-1.99287112	1.99287112	Down	DE	0	0	0	0	0	0	0	0	0	1	1	0	0	0	0	0	NA	NA	NA
MvSl-1064-A1-R4_MC06g07471	Auto	1.30414905	1.30414905	Up	DE	0	0	0	0	0	0	0	0	0	1	1	0	0	0	0	0	NA	NA	NA
MvSl-1064-A1-R4_MC06g07527	Auto	0.869316531	0.869316531	Up	DE	0	0	0	0	0	0	0	0	0	1	1	0	0	0	0	0	NA	NA	NA
MvSl-1064-A1-R4_MC07g07592	Auto	1.144536887	1.144536887	Up	DE	0	0	0	0	0	0	0	0	0	1	1	0	0	0	0	0	NA	NA	NA
MvSl-1064-A1-R4_MC07g07597	Auto	0.704108271	0.704108271	Up	DE	0	0	0	0	0	0	0	0	0	1	1	0	0	0	0	0	NA	NA	NA
MvSl-1064-A1-R4_MC07g07612	Auto	0.782407567	0.782407567	Up	DE	0	0	0	0	0	0	0	0	0	1	1	0	0	0	0	0	0	0	0
MvSl-1064-A1-R4_MC07g07648	Auto	-7.309841352	7.309841352	Down	DE	0	0	0	0	0	0	0	0	0	1	1	0	0	0	0	0	NA	NA	NA
MvSl-1064-A1-R4_MC07g07754	Auto	1.400437442	1.400437442	Up	DE	0	0	0	0	0	0	0	0	0	1	1	0	0	0	0	0	NA	NA	NA
MvSl-1064-A1-R4_MC07g07835	Auto	1.362783364	1.362783364	Up	DE	0	0	0	0	0	0	0	0	0	1	1	0	0	0	0	0	NA	NA	NA
MvSl-1064-A1-R4_MC07g07850	Auto	3.069014089	3.069014089	Up	DE	0	0	0	0	0	0	0	0	0	1	1	0	0	0	0	0	NA	NA	NA
MvSl-1064-A1-R4_MC07g07851	Auto	1.378408857	1.378408857	Up	DE	0	0	0	0	0	0	0	0	0	1	1	0	0	0	0	0	NA	NA	NA
MvSl-1064-A1-R4_MC07g07855	Auto	-0.839449408	0.839449408	Down	DE	0	0	0	0	0	0	0	0	0	1	1	0	0	0	0	0	0	0	0
MvSl-1064-A1-R4_MC07g07868	Auto	0.693606166	0.693606166	Up	DE	0	0	0	0	0	0	0	0	0	1	1	0	0	0	0	0	NA	NA	NA
MvSl-1064-A1-R4_MC07g07960	Auto	1.134160386	1.134160386	Up	DE	0	0	0	0	0	0	0	0	0	1	1	0	0	0	0	0	NA	NA	NA
MvSl-1064-A1-R4_MC07g07963	Auto	1.543742683	1.543742683	Up	DE	0	0	0	0	0	0	0	0	0	1	1	0	0	0	0	0	NA	NA	NA
MvSl-1064-A1-R4_MC07g07981	Auto	0.903544842	0.903544842	Up	DE	0	0	0	0	0	0	0	0	0	1	1	0	0	0	0	0	NA	NA	NA
MvSl-1064-A1-R4_MC07g07983	Auto	0.998664546	0.998664546	Up	DE	0	0	0	0	0	0	0	0	0	1	1	0	0	0	0	0	NA	NA	NA
MvSl-1064-A1-R4_MC07g07984	Auto	-1.570091356	1.570091356	Down	DE	0	0	0	0	0	0	0	0	0	1	1	0	0	0	0	0	NA	NA	NA
MvSl-1064-A1-R4_MC07g08004	Auto	2.069579251	2.069579251	Up	DE	0	0	0	0	0	0	0	0	0	1	1	0	0	0	0	0	NA	NA	NA
MvSl-1064-A1-R4_MC07g08057	Auto	-1.074575189	1.074575189	Down	DE	0	0	0	0	0	0	0	0	0	1	1	0	0	0	0	0	0	0	0
MvSl-1064-A1-R4_MC07g08076	Auto	1.375843913	1.375843913	Up	DE	0	0	0	0	0	0	0	0	0	1	1	0	0	0	0	0	NA	NA	NA
MvSl-1064-A1-R4_MC07g08078	Auto	1.094428264	1.094428264	Up	DE	0	0	0	0	0	0	0	0	0	1.03515625	1.035019455	-2	-0.733	-247	-0.09	-4.5	NA	NA	NA
MvSl-1064-A1-R4_MC07g08097	Auto	-1.422474269	1.422474269	Down	DE	0	0	0	0	0	0	0	0	0	1	1	0	0	0	0	0	0	0	0
MvSl-1064-A1-R4_MC07g08104	Auto	-0.819537186	0.819537186	Down	DE	0	0	0	0	0	0	0	0	0	1	1	0	0	0	0	0	0	0	0
MvSl-1064-A1-R4_MC07g08138	Auto	-0.826312022	0.826312022	Down	DE	0	0	0	0	0	0	0	0	0	1	1	0	0	0	0	0	0	0	0
MvSl-1064-A1-R4_MC07g08153	Auto	1.763257008	1.763257008	Up	DE	0	0	0	0	0	0	0	0	0	1	1	0	0	0	0	0	NA	NA	NA
MvSl-1064-A1-R4_MC07g08233	Auto	-2.188232416	2.188232416	Down	DE	0	0	0	0	0	0	0	0	0	1	1	0	0	0	0	0	NA	NA	NA
MvSl-1064-A1-R4_MC07g08235	Auto	1.213794313	1.213794313	Up	DE	0	0	0	0	0	0	0	0	0	1	1	0	0	0	0	0	NA	NA	NA
MvSl-1064-A1-R4_MC07g08249	Auto	1.469973676	1.469973676	Up	DE	0	0	0	0	0	0	0	0	0	1	1	0	0	0	0	0	NA	NA	NA
MvSl-1064-A1-R4_MC08g08310	Auto	1.261635656	1.261635656	Up	DE	0	0	0	0	0	0	0	0	0	1	1	0	0	0	0	0	NA	NA	NA
MvSl-1064-A1-R4_MC08g08311	Auto	3.48446359	3.48446359	Up	DE	0	0	0	0	0	0	0	0	0	1	1	0	0	0	0	0	NA	NA	NA
MvSl-1064-A1-R4_MC08g08318	Auto	-2.383547533	2.383547533	Down	DE	0	0	0	0	0	0	0	0	0	1	1	0	0	0	0	0	0	0	0
MvSl-1064-A1-R4_MC08g08367	Auto	2.150414622	2.150414622	Up	DE	0	0	0	0	0	0	0	0	0	1	1	0	0	0	0	0	NA	NA	NA
MvSl-1064-A1-R4_MC08g08368	Auto	1.652782076	1.652782076	Up	DE	0	0	0	0	0	0	0	0	0	1	1	0	0	0	0	0	NA	NA	NA
MvSl-1064-A1-R4_MC08g08369	Auto	3.920386229	3.920386229	Up	DE	0	0	0	0	0	0	0	0	0	1	1	0	0	0	0	0	NA	NA	NA
MvSl-1064-A1-R4_MC08g08437	Auto	-1.091716353	1.091716353	Down	DE	0	0	0	0	0	0	0	0	0	1	1	0	0	0	0	0	NA	NA	NA
MvSl-1064-A1-R4_MC08g08450	Auto	-4.156850851	4.156850851	Down	DE	0	0	0	0	0	0	0	0	0	1	1	0	0	0	0	0	NA	NA	NA
MvSl-1064-A1-R4_MC08g08472	Auto	0.805701023	0.805701023	Up	DE	0	0	0	0	0	0	0	0	0	1	1	0	0	0	0	0	0	0	0
MvSl-1064-A1-R4_MC08g08498	Auto	1.023726587	1.023726587	Up	DE	0	0	0	0	0	0	0	0	0	1	1	0	0	0	0	0	0	0	0
MvSl-1064-A1-R4_MC08g08595	Auto	0.627776268	0.627776268	Up	DE	0	0	0	0	0	0	0	0	0	1	1	0	0	0	0	0	0	0	0
MvSl-1064-A1-R4_MC08g08647	Auto	-1.164412299	1.164412299	Down	DE	0	0	0	0	0	0	0	0	0	1	1	0	0	0	0	0	NA	NA	NA
MvSl-1064-A1-R4_MC08g08762	Auto	1.023509393	1.023509393	Up	DE	0	0	0	0	0	0	0	0	0	1	1	0	0	0	0	0	NA	NA	NA
MvSl-1064-A1-R4_MC08g08768	Auto	-0.726763597	0.726763597	Down	DE	0	0	0	0	0	0	0	0	0	1	1	0	0	0	0	0	NA	NA	NA
MvSl-1064-A1-R4_MC08g08800	Auto	2.90765464	2.90765464	Up	DE	0	0	0	0	0	0	0	0	0	1	1	0	0	0	0	0	NA	NA	NA
MvSl-1064-A1-R4_MC08g08840	Auto	-0.653726695	0.653726695	Down	DE	0	0	0	0	0	0	0	0	0	1	1	0	0	0	0	0	NA	NA	NA
MvSl-1064-A1-R4_MC09-2g08943	Auto	1.793207713	1.793207713	Up	DE	0	0	0	0	0	0	0	0	0	1	1	0	0	0	0	0	NA	NA	NA
MvSl-1064-A1-R4_MC09-2g08965	Auto	1.345593134	1.345593134	Up	DE	0	0	0	0	0	0	0	0	0	1	1	0	0	0	0	0	NA	NA	NA
MvSl-1064-A1-R4_MC09-2g08966	Auto	2.05949936	2.05949936	Up	DE	0	0	0	0	0	0	0	0	0	1	1	0	0	0	0	0	NA	NA	NA
MvSl-1064-A1-R4_MC09-2g09067	Auto	5.758129797	5.758129797	Up	DE	0	0	0	0	0	0	0	0	0	1	1	0	0	0	0	0	0	0	0
MvSl-1064-A1-R4_MC09-2g09089	Auto	0.76236208	0.76236208	Up	DE	0	0	0	0	0	0	0	0	0	1	1	0	0	0	0	0	0	0	0
MvSl-1064-A1-R4_MC09-2g09142	Auto	-0.657293378	0.657293378	Down	DE	0	0	0	0	0	0	0	0	0	1	1	0	0.143	1	0	0	0	0	0
MvSl-1064-A1-R4_MC09-2g09143	Auto	0.924462066	0.924462066	Up	DE	0	0	0	0	0	0	0	0	0	1	1	0	0	0	0	0	NA	NA	NA
MvSl-1064-A1-R4_MC09-2g09144	Auto	11.71176652	11.71176652	Up	DE	0	0	0	0	0	0	0	0	0	1	1	0	0	0	0	0	NA	NA	NA
MvSl-1064-A1-R4_MC09-2g09201	Auto	-0.583817052	0.583817052	Down	DE	0	0	0	0	0	0	0	0	0	1	1	0	0	0	0	0	0	0	0
MvSl-1064-A1-R4_MC09-2g09215	Auto	-1.518359073	1.518359073	Down	DE	0	0	0	0	0	0	0	0	0	1	1	0	0	0	0	0	NA	NA	NA
MvSl-1064-A1-R4_MC09-2g09232	Auto	-1.679549321	1.679549321	Down	DE	0	0	0	0	0	0	0	0	0	1	1	0	0	0	0	0	0	0	0
MvSl-1064-A1-R4_MC09-2g09242	Auto	0.607954176	0.607954176	Up	DE	0	0	0	0	0	-1	1	0	0	0.965517241	0.965539247	-1	-17.05	-165	0.06	0.32	NA	NA	NA
MvSl-1064-A1-R4_MC09-2g09340	Auto	-0.702099413	0.702099413	Down	DE	0	0	0	0	0	0	0	0	0	1	1	0	0	0	0	0	0	0	0
MvSl-1064-A1-R4_MC09-2g09380	Auto	1.275877969	1.275877969	Up	DE	0	0	0	0	0	0	0	0	0	1	1	0	0	0	0	0	0	0	0
MvSl-1064-A1-R4_MC09-2g09466	Auto	1.396756011	1.396756011	Up	DE	0	0	0	0	0	0	0	0	0	1	1	0	0	0	0	0	NA	NA	NA
MvSl-1064-A1-R4_MC09-2g09478	Auto	1.508203407	1.508203407	Up	DE	0	0	0	0	0	0	0	0	0	1	1	0	0	0	0	0	NA	NA	NA
MvSl-1064-A1-R4_MC09-2g09490	Auto	1.281188675	1.281188675	Up	DE	0	0	0	0	0	0	0	0	0	1	1	0	0	0	0	0	NA	NA	NA
MvSl-1064-A1-R4_MC09-2g09506	Auto	1.052940038	1.052940038	Up	DE	0	0	0	0	0	0	0	0	0	1	1	0	0	0	0	0	NA	NA	NA
MvSl-1064-A1-R4_MC09-2g09524	Auto	0.61874627	0.61874627	Up	DE	0	0	0	0	0	0	0	0	0	1	1	0	0	0	0	0	0	0	0
MvSl-1064-A1-R4_MC09-2g09527	Auto	0.662388126	0.662388126	Up	DE	0	0	0	0	0	0	0	0	0	1	1	0	0	0	0	0	0	0	0
MvSl-1064-A1-R4_MC09-2g09545	Auto	1.013232718	1.013232718	Up	DE	0	0	0	0	0	0	0	0	0	1	1	0	0	0	0	0	NA	NA	NA
MvSl-1064-A1-R4_MC09-2g09566	Auto	3.777916732	3.777916732	Up	DE	0	0	0	0	0	0	0	0	-1	1	1	0	0	0	0	0	NA	NA	NA
MvSl-1064-A1-R4_MC09-2g09580	Auto	-1.359168185	1.359168185	Down	DE	0	0	0	1	2	0	0	-1	0	1	1	0	0	0	0	0	NA	NA	NA
MvSl-1064-A1-R4_MC10-1g09620	Auto	-1.130350536	1.130350536	Down	DE	0	0	0	0	0	0	0	0	0	1	1	0	0	0	0	0	NA	NA	NA
MvSl-1064-A1-R4_MC10-1g09718	Auto	-0.781146008	0.781146008	Down	DE	0	0	0	0	0	0	0	0	0	1	1	0	0	0	0	0	0	0	0
MvSl-1064-A1-R4_MC10-1g09726	Auto	0.803651532	0.803651532	Up	DE	0	0	0	0	0	0	0	0	0	1	1	0	0	0	0	0	NA	NA	NA
MvSl-1064-A1-R4_MC10-1g09729	Auto	0.958533649	0.958533649	Up	DE	0	0	0	0	0	0	0	0	0	1	1	0	0	0	0	0	NA	NA	NA
MvSl-1064-A1-R4_MC10-1g09730	Auto	4.870518345	4.870518345	Up	DE	0	0	0	0	0	0	0	0	0	1	1	0	0	0	0	0	NA	NA	NA
MvSl-1064-A1-R4_MC10-1g09732	Auto	1.148159284	1.148159284	Up	DE	0	0	0	0	0	0	0	0	0	1	1	0	0	0	0	0	0	0	0
MvSl-1064-A1-R4_MC10-1g09785	Auto	-1.544787561	1.544787561	Down	DE	0	0	0	0	0	0	0	0	0	1	1	0	0	0	0	0	NA	NA	NA
MvSl-1064-A1-R4_MC10-1g09794	Auto	1.942385937	1.942385937	Up	DE	0	0	0	0	0	0	0	0	0	1	1	0	0	0	0	0	NA	NA	NA
MvSl-1064-A1-R4_MC10-1g09796	Auto	1.222016796	1.222016796	Up	DE	0	0	0	0	0	0	0	0	0	1	1	0	0	0	0	0	NA	NA	NA
MvSl-1064-A1-R4_MC10-1g09803	Auto	2.808228437	2.808228437	Up	DE	0	0	0	0	0	0	0	0	0	1	1	0	0	0	0	0	NA	NA	NA
MvSl-1064-A1-R4_MC10-1g09809	Auto	1.037371183	1.037371183	Up	DE	0	0	0	0	0	0	0	0	0	1	1	0	0	0	0	0	NA	NA	NA
MvSl-1064-A1-R4_MC10-1g09814	Auto	-1.374157275	1.374157275	Down	DE	0	0	0	0	0	0	0	0	0	1	1	0	0	0	0	0	NA	NA	NA
MvSl-1064-A1-R4_MC10-1g09819	Auto	-4.350527616	4.350527616	Down	DE	0	0	0	0	0	0	0	0	0	1	1	0	0	0	0	0	NA	NA	NA
MvSl-1064-A1-R4_MC10-1g09820	Auto	-2.726059901	2.726059901	Down	DE	0	0	0	0	0	0	0	0	0	1	1	0	0	0	0	0	NA	NA	NA
MvSl-1064-A1-R4_MC10-1g09822	Auto	3.354716109	3.354716109	Up	DE	-1	1	0	0	0	0	0	0	0	1	1	0	0	0	0	0	NA	NA	NA
MvSl-1064-A1-R4_MC10-1g09823	Auto	2.050451786	2.050451786	Up	DE	-1	1	0	0	0	0	0	0	0	1	1	0	0	0	0	0	NA	NA	NA
MvSl-1064-A1-R4_MC10-1g09827	Auto	2.9356142	2.9356142	Up	DE	0	-1	1	0	0	0	0	0	0	1	1	0	0	0	0	0	NA	NA	NA
MvSl-1064-A1-R4_MC10-1g09833	Auto	1.387141088	1.387141088	Up	DE	0	0	0	-1	1	0	0	0	0	1	1	0	0	0	0	0	NA	NA	NA
MvSl-1064-A1-R4_MC10-1g09843	Auto	-4.963022564	4.963022564	Down	DE	0	0	0	0	0	0	1	0	0	1	1	0	0	0	0	0	NA	NA	NA
MvSl-1064-A1-R4_MC10-2g09889	Auto	1.255242646	1.255242646	Up	DE	0	0	0	0	0	0	0	0	0	1	1	0	0	0	0	0	NA	NA	NA
MvSl-1064-A1-R4_MC10-2g09908	Auto	1.888184347	1.888184347	Up	DE	0	0	0	0	0	0	0	0	0	1	1	0	0	0	0	0	NA	NA	NA
MvSl-1064-A1-R4_MC10-2g09910	Auto	2.747021883	2.747021883	Up	DE	0	0	0	0	0	0	0	0	0	1	1	0	0	0	0	0	NA	NA	NA
MvSl-1064-A1-R4_MC10-2g09942	Auto	0.918180283	0.918180283	Up	DE	0	0	0	0	0	0	0	0	0	1.030487805	1.030425963	0	-11	-44	-0.4	-1.49	NA	NA	NA
MvSl-1064-A1-R4_MC10-2g09962	Auto	1.078304162	1.078304162	Up	DE	0	0	0	0	0	0	0	0	0	1	1	0	0	0	0	0	NA	NA	NA
MvSl-1064-A1-R4_MC10-2g09967	Auto	0.656538065	0.656538065	Up	DE	0	0	0	0	0	0	0	0	0	1	1	0	0	0	0	0	0	0	0
MvSl-1064-A1-R4_MC10-2g09980	Auto	1.101777122	1.101777122	Up	DE	0	0	0	0	0	0	0	0	0	1	1	0	0	0	0	0	NA	NA	NA
MvSl-1064-A1-R4_MC10-2g09992	Auto	0.65989928	0.65989928	Up	DE	0	0	0	0	0	0	0	0	0	1	1	0	0	0	0	0	NA	NA	NA
MvSl-1064-A1-R4_MC10-2g10026	Auto	-0.600349985	0.600349985	Down	DE	0	0	0	0	0	0	0	0	0	1	1	0	0	0	0	0	0	0	0
MvSl-1064-A1-R4_MC10-2g10037	Auto	0.775713973	0.775713973	Up	DE	0	0	0	0	0	0	0	0	0	1	1	0	0	0	0	0	NA	NA	NA
MvSl-1064-A1-R4_MC10-2g10050	Auto	0.856270191	0.856270191	Up	DE	0	0	0	0	0	0	0	0	0	1	1	0	0	0	0	0	0	0	0
MvSl-1064-A1-R4_MC10-2g10078	Auto	-1.900034164	1.900034164	Down	DE	0	0	0	0	0	0	0	0	0	1	1	0	0	0	0	0	NA	NA	NA
MvSl-1064-A1-R4_MC10-2g10098	Auto	-1.143945715	1.143945715	Down	DE	0	0	0	0	0	0	0	0	0	1	1	0	0	0	0	0	0	0	0
MvSl-1064-A1-R4_MC10-2g10100	Auto	0.999784759	0.999784759	Up	DE	0	0	0	0	0	0	0	0	0	1	1	0	0	0	0	0	NA	NA	NA
MvSl-1064-A1-R4_MC10-2g10108	Auto	0.914203981	0.914203981	Up	DE	0	0	0	0	0	0	0	0	0	1	1	0	0	0	0	0	0	0	0
MvSl-1064-A1-R4_MC10-2g10116	Auto	0.89561803	0.89561803	Up	DE	0	0	0	0	0	0	0	0	0	1	1	0	0	0	0	0	0	0	0
MvSl-1064-A1-R4_MC10-2g10125	Auto	1.127381508	1.127381508	Up	DE	0	0	0	0	0	0	0	0	0	1	1	0	0	0	0	0	NA	NA	NA
MvSl-1064-A1-R4_MC11g10177	Auto	1.656768508	1.656768508	Up	DE	0	0	0	0	0	0	0	0	0	1	1	0	0	0	0	0	NA	NA	NA
MvSl-1064-A1-R4_MC11g10186	Auto	3.292341455	3.292341455	Up	DE	0	0	0	0	0	0	0	0	0	1	1	0	0	0	0	0	NA	NA	NA
MvSl-1064-A1-R4_MC11g10204	Auto	1.547066366	1.547066366	Up	DE	0	0	0	0	0	0	0	0	0	1	1	0	0	0	0	0	NA	NA	NA
MvSl-1064-A1-R4_MC11g10213	Auto	0.753413712	0.753413712	Up	DE	0	0	0	0	0	0	0	0	0	1	1	0	0	0	0	0	0	0	0
MvSl-1064-A1-R4_MC11g10214	Auto	-0.947429324	0.947429324	Down	DE	0	0	0	0	0	0	0	0	0	1	1	0	0	0	0	0	NA	NA	NA
MvSl-1064-A1-R4_MC11g10232	Auto	0.717466385	0.717466385	Up	DE	0	0	0	0	0	0	0	-1	0	1	1	0	0	0	0	0	NA	NA	NA
MvSl-1064-A1-R4_MC11g10236	Auto	-1.307956371	1.307956371	Down	DE	1	0	0	0	0	0	0	0	0	1.112676056	1.112280702	1	-64	55	-0.03	-0.28	NA	NA	NA
MvSl-1064-A1-R4_MC11g10239	Auto	0.849148153	0.849148153	Up	DE	0	0	-1	0	0	0	0	0	0	1	1	0	0	0	0	0	0	0	0
MvSl-1064-A1-R4_MC11g10248	Auto	1.456453453	1.456453453	Up	DE	0	0	0	0	0	0	0	0	0	1	1	0	0	0	0	0	NA	NA	NA
MvSl-1064-A1-R4_MC11g10255	Auto	1.514154433	1.514154433	Up	DE	0	0	0	0	0	0	0	0	0	1	1	0	0	0	0	0	0	0	0
MvSl-1064-A1-R4_MC11g10303	Auto	-1.538649848	1.538649848	Down	DE	0	0	0	0	0	0	0	0	0	1	1	0	0	0	0	0	NA	NA	NA
MvSl-1064-A1-R4_MC11g10335	Auto	0.685980401	0.685980401	Up	DE	0	0	0	0	0	0	0	0	0	1	1	0	0	0	0	0	NA	NA	NA
MvSl-1064-A1-R4_MC11g10344	Auto	-0.669008997	0.669008997	Down	DE	0	0	0	0	0	0	0	0	0	1	1	0	0	0	0	0	0	0	0
MvSl-1064-A1-R4_MC11g10351	Auto	1.266743838	1.266743838	Up	DE	0	0	0	0	0	0	0	0	0	1	1	0	0	0	0	0	0	0	0
MvSl-1064-A1-R4_MC11g10369	Auto	1.000204055	1.000204055	Up	DE	0	0	0	0	0	0	0	0	0	1	1	0	0	0	0	0	0	0	0
MvSl-1064-A1-R4_MC11g10384	Auto	1.400624731	1.400624731	Up	DE	0	0	0	0	0	0	0	0	0	1	1	0	0	0	0	0	NA	NA	NA
MvSl-1064-A1-R4_MC11g10390	Auto	1.20786005	1.20786005	Up	DE	0	0	0	0	0	0	0	0	0	1	1	0	0	0	0	0	NA	NA	NA
MvSl-1064-A1-R4_MC11g10508	Auto	1.475281117	1.475281117	Up	DE	0	0	0	0	0	0	0	0	0	1	1	0	0	0	0	0	0	0	0
MvSl-1064-A1-R4_MC11g10517	Auto	0.6934159	0.6934159	Up	DE	0	0	0	0	0	0	0	0	0	1	1	0	0	0	0	0	0	0	0
MvSl-1064-A1-R4_MC11g10554	Auto	1.586851029	1.586851029	Up	DE	0	0	0	0	0	0	0	0	0	1	1	0	0	0	0	0	NA	NA	NA
MvSl-1064-A1-R4_MC11g10558	Auto	0.950311916	0.950311916	Up	DE	0	0	0	0	0	0	0	0	0	1	1	0	0	0	0	0	NA	NA	NA
MvSl-1064-A1-R4_MC11g10573	Auto	2.371397114	2.371397114	Up	DE	0	0	0	0	0	0	0	0	0	1.498637602	1.498185118	-1	-1.0889	-89	0.84	-0.26	NA	NA	NA
MvSl-1064-A1-R4_MC11g10576	Auto	7.060461854	7.060461854	Up	DE	0	0	0	0	0	0	0	0	0	1	1	0	0	0	0	0	NA	NA	NA
MvSl-1064-A1-R4_MC11g10585	Auto	-0.880292822	0.880292822	Down	DE	0	0	0	0	0	0	0	0	0	1	1	0	0	0	0	0	0	0	0
MvSl-1064-A1-R4_MC11g10592	Auto	1.285857282	1.285857282	Up	DE	0	0	0	0	0	0	0	0	0	1	1	0	0	0	0	0	0	0	0
MvSl-1064-A1-R4_MC11g10594	Auto	-1.179155962	1.179155962	Down	DE	0	0	0	0	0	0	0	0	0	1	1	0	0	0	0	0	0	0	0
MvSl-1064-A1-R4_MC11g10617	Auto	2.919051001	2.919051001	Up	DE	0	0	0	0	0	0	0	0	0	1	1	0	0	0	0	0	NA	NA	NA
MvSl-1064-A1-R4_MC11g10624	Auto	1.142115258	1.142115258	Up	DE	0	0	0	0	0	0	0	0	0	1	1	0	0	0	0	0	NA	NA	NA
MvSl-1064-A1-R4_MC11g10626	Auto	1.123876553	1.123876553	Up	DE	0	0	0	0	0	0	0	0	0	1	1	0	0	0	0	0	NA	NA	NA
MvSl-1064-A1-R4_MC11g10627	Auto	1.837999833	1.837999833	Up	DE	0	0	0	0	0	0	0	0	0	1	1	0	0	0	0	0	NA	NA	NA
MvSl-1064-A1-R4_MC11g10628	Auto	1.960889372	1.960889372	Up	DE	0	0	0	0	0	0	0	0	0	1	1	0	0	0	0	0	NA	NA	NA
MvSl-1064-A1-R4_MC11g10629	Auto	1.553788472	1.553788472	Up	DE	0	0	0	0	0	0	0	0	0	1	1	0	0	0	0	0	NA	NA	NA
MvSl-1064-A1-R4_MC11g10630	Auto	1.991407592	1.991407592	Up	DE	0	0	0	0	0	0	0	0	0	1	1	0	0	0	0	0	NA	NA	NA
MvSl-1064-A1-R4_MC11g10647	Auto	2.921963186	2.921963186	Up	DE	0	1	0	0	0	0	0	0	0	1	1	0	0	0	0	0	NA	NA	NA
MvSl-1064-A1-R4_MC11g10654	Auto	1.567776314	1.567776314	Up	DE	0	0	0	0	0	0	0	-2	0	1	1	0	0	0	0	0	NA	NA	NA
MvSl-1064-A1-R4_MC11g10656	Auto	0.836865651	0.836865651	Up	DE	0	0	0	0	0	-1	-1	0	0	1	1	0	0	0	0	0	NA	NA	NA
MvSl-1064-A1-R4_MC11g10686	Auto	3.561324445	3.561324445	Up	DE	0	0	0	0	0	0	0	0	0	1	1	0	0	0	0	0	NA	NA	NA
MvSl-1064-A1-R4_MC11g10688	Auto	-1.582352777	1.582352777	Down	DE	0	0	0	0	0	0	0	0	0	1	1	0	0	0	0	0	NA	NA	NA
MvSl-1064-A1-R4_MC11g10721	Auto	0.913470449	0.913470449	Up	DE	0	0	0	0	0	0	0	0	1	1	1	0	0	0	0	0	NA	NA	NA
MvSl-1064-A1-R4_MC11g10722	Auto	-1.116450817	1.116450817	Down	DE	0	0	0	0	0	0	0	0	-1	1	1	0	0	0	0	0	NA	NA	NA
MvSl-1064-A1-R4_MC11g10730	Auto	-1.806977046	1.806977046	Down	DE	0	-1	0	0	0	1	1	0	0	1	1	0	0	0	0	0	NA	NA	NA
MvSl-1064-A1-R4_MC11g10735	Auto	2.004357253	2.004357253	Up	DE	-1	-1	0	1	0	0	0	0	0	1	1	0	0	0	0	0	NA	NA	NA
MvSl-1064-A1-R4_MC12g10761	Auto	-0.721254003	0.721254003	Down	DE	0	0	0	0	0	0	0	0	0	1	1	0	0	0	0	0	NA	NA	NA
MvSl-1064-A1-R4_MC12g10776	Auto	-0.812700819	0.812700819	Down	DE	0	0	0	0	0	0	0	0	0	1	1	0	0	0	0	0	NA	NA	NA
MvSl-1064-A1-R4_MC12g10779	Auto	1.346904255	1.346904255	Up	DE	0	0	0	0	0	0	0	0	0	1	1	0	0	0	0	0	NA	NA	NA
MvSl-1064-A1-R4_MC12g10792	Auto	0.987346729	0.987346729	Up	DE	0	0	0	0	0	0	0	0	0	1	1	0	0	0	0	0	0	0	0
MvSl-1064-A1-R4_MC12g10807	Auto	4.741697158	4.741697158	Up	DE	0	0	0	0	0	0	0	0	0	1	1	0	0	0	0	0	NA	NA	NA
MvSl-1064-A1-R4_MC12g10810	Auto	-3.479844036	3.479844036	Down	DE	0	0	0	0	0	0	0	0	0	1	1	0	0	0	0	0	NA	NA	NA
MvSl-1064-A1-R4_MC12g10896	Auto	1.206044552	1.206044552	Up	DE	0	0	0	0	0	0	0	0	0	1	1	0	0	0	0	0	NA	NA	NA
MvSl-1064-A1-R4_MC12g10912	Auto	0.948054165	0.948054165	Up	DE	0	0	0	0	0	0	0	0	0	1	1	0	0	0	0	0	NA	NA	NA
MvSl-1064-A1-R4_MC12g10944	Auto	-0.549908584	0.549908584	Down	DE	0	0	0	0	0	0	0	0	0	1	1	0	0	0	0	0	0	0	0
MvSl-1064-A1-R4_MC12g10966	Auto	2.12623426	2.12623426	Up	DE	0	0	0	0	0	0	0	0	0	1	1	0	0	0	0	0	NA	NA	NA
MvSl-1064-A1-R4_MC12g10989	Auto	-0.932000816	0.932000816	Down	DE	0	0	0	0	0	0	0	0	0	1	1	0	0	0	0	0	NA	NA	NA
MvSl-1064-A1-R4_MC12g11005	Auto	1.009915293	1.009915293	Up	DE	0	0	0	0	0	0	0	0	0	1	1	0	0	0	0	0	NA	NA	NA
MvSl-1064-A1-R4_MC12g11020	Auto	0.753556187	0.753556187	Up	DE	0	0	0	0	0	0	0	0	0	1	1	0	0	0	0	0	0	0	0
MvSl-1064-A1-R4_MC12g11112	Auto	1.578143114	1.578143114	Up	DE	0	0	0	0	0	0	0	0	0	1	1	0	0	0	0	0	0	0	0
MvSl-1064-A1-R4_MC12g11139	Auto	4.251451781	4.251451781	Up	DE	0	0	0	0	0	0	0	0	0	1	1	0	0	0	0	0	NA	NA	NA
MvSl-1064-A1-R4_MC12g11142	Auto	1.294840708	1.294840708	Up	DE	0	0	0	0	0	0	0	0	0	1	1	0	0	0	0	0	NA	NA	NA
MvSl-1064-A1-R4_MC12g11205	Auto	-1.294487564	1.294487564	Down	DE	0	0	0	0	0	0	0	0	0	1	1	0	0	0	0	0	NA	NA	NA
MvSl-1064-A1-R4_MC12g11233	Auto	-0.874554805	0.874554805	Down	DE	0	0	0	0	0	0	0	0	0	1	1	0	0	0	0	0	NA	NA	NA
MvSl-1064-A1-R4_MC12g11242	Auto	1.282149404	1.282149404	Up	DE	0	0	0	0	0	0	0	0	0	1	1	0	0	0	0	0	NA	NA	NA
MvSl-1064-A1-R4_MC12g11273	Auto	-1.606021691	1.606021691	Down	DE	0	0	0	0	0	0	0	0	0	1	1	0	0	0	0	0	NA	NA	NA
MvSl-1064-A1-R4_MC13g11307	Auto	1.00224516	1.00224516	Up	DE	0	0	0	0	0	0	0	0	0	1	1	0	0	0	0	0	NA	NA	NA
MvSl-1064-A1-R4_MC13g11325	Auto	1.128857814	1.128857814	Up	DE	0	0	0	0	0	0	0	0	0	1	1	0	0	0	0	0	NA	NA	NA
MvSl-1064-A1-R4_MC13g11330	Auto	-0.637160617	0.637160617	Down	DE	0	0	0	0	0	0	0	0	0	1	1	0	0	0	0	0	NA	NA	NA
MvSl-1064-A1-R4_MC13g11333	Auto	1.236517272	1.236517272	Up	DE	0	0	0	0	0	0	0	0	0	1	1	0	0	0	0	0	NA	NA	NA
MvSl-1064-A1-R4_MC13g11416	Auto	1.277265877	1.277265877	Up	DE	0	0	0	0	0	0	0	0	0	1	1	0	0	0	0	0	NA	NA	NA
MvSl-1064-A1-R4_MC13g11418	Auto	1.324401231	1.324401231	Up	DE	0	0	0	0	0	0	0	0	0	1	1	0	0	0	0	0	0	0	0
MvSl-1064-A1-R4_MC13g11443	Auto	0.688327726	0.688327726	Up	DE	0	0	0	0	0	0	0	0	0	1	1	0	0	0	0	0	0	0	0
MvSl-1064-A1-R4_MC13g11462	Auto	0.807174573	0.807174573	Up	DE	0	0	0	0	0	0	0	0	0	1	1	0	0	0	0	0	NA	NA	NA
MvSl-1064-A1-R4_MC13g11558	Auto	3.920682846	3.920682846	Up	DE	0	0	0	0	0	0	0	0	0	1	1	0	0	0	0	0	NA	NA	NA
MvSl-1064-A1-R4_MC13g11584	Auto	0.897924097	0.897924097	Up	DE	0	0	0	0	0	0	0	0	0	1	1	0	0	0	0	0	0	0	0
MvSl-1064-A1-R4_MC13g11612	Auto	4.338193165	4.338193165	Up	DE	0	0	0	0	0	0	0	0	0	1	1	0	0	0	0	0	NA	NA	NA
MvSl-1064-A1-R4_MC13g11616	Auto	0.561011114	0.561011114	Up	DE	0	0	0	0	0	0	0	0	0	1	1	0	0	0	0	0	0	0	0
MvSl-1064-A1-R4_MC13g11645	Auto	-0.981775324	0.981775324	Down	DE	0	0	0	0	0	0	0	0	0	1	1	0	0	0	0	0	0	0	0
MvSl-1064-A1-R4_MC13g11692	Auto	0.76049825	0.76049825	Up	DE	0	0	0	0	0	0	0	0	0	1	1	0	0	0	0	0	0	0	0
MvSl-1064-A1-R4_MC13g11715	Auto	2.720484396	2.720484396	Up	DE	0	0	0	0	0	0	0	0	0	0.934579439	0.934883721	1	-32.667	41	0.18	-0.14	NA	NA	NA
MvSl-1064-A1-R4_MC14g11747	Auto	1.355370256	1.355370256	Up	DE	0	0	0	0	0	0	0	0	0	1	1	0	0	0	0	0	NA	NA	NA
MvSl-1064-A1-R4_MC14g11748	Auto	-0.6216778	0.6216778	Down	DE	0	0	0	0	0	0	0	0	0	1	1	0	0	0	0	0	0	0	0
MvSl-1064-A1-R4_MC14g11772	Auto	1.078405774	1.078405774	Up	DE	0	0	0	0	0	0	0	0	0	1	1	0	0	0	0	0	NA	NA	NA
MvSl-1064-A1-R4_MC14g11775	Auto	0.871340089	0.871340089	Up	DE	0	0	0	0	0	0	0	0	0	1	1	0	0	0	0	0	0	0	0
MvSl-1064-A1-R4_MC14g11805	Auto	0.621999685	0.621999685	Up	DE	0	0	0	0	0	0	0	0	0	1	1	0	0	0	0	0	NA	NA	NA
MvSl-1064-A1-R4_MC14g11878	Auto	3.084526249	3.084526249	Up	DE	0	0	0	0	0	0	0	0	0	1	1	0	0	0	0	0	NA	NA	NA
MvSl-1064-A1-R4_MC14g11898	Auto	-4.083415488	4.083415488	Down	DE	0	0	0	0	0	0	0	0	0	1	1	0	0	0	0	0	NA	NA	NA
MvSl-1064-A1-R4_MC14g11916	Auto	0.959937246	0.959937246	Up	DE	0	0	0	0	0	0	0	0	0	1	1	0	0	0	0	0	0	0	0
MvSl-1064-A1-R4_MC14g11962	Auto	2.963976662	2.963976662	Up	DE	0	0	0	0	0	0	-1	0	0	1	1	0	0	0	0	0	NA	NA	NA
MvSl-1064-A1-R4_MC14g11964	Auto	1.283737944	1.283737944	Up	DE	0	0	0	0	0	-1	0	0	0	1	1	0	0	0	0	0	NA	NA	NA
MvSl-1064-A1-R4_MC14g11965	Auto	2.034267952	2.034267952	Up	DE	-1	0	0	0	0	0	0	0	0	1	1	0	0	0	0	0	NA	NA	NA
MvSl-1064-A1-R4_MC14g11969	Auto	1.39565136	1.39565136	Up	DE	0	0	-1	0	0	0	0	0	0	1	1	0	0	0	0	0	NA	NA	NA
MvSl-1064-A1-R4_MC14g11979	Auto	1.487069027	1.487069027	Up	DE	0	0	0	0	0	0	-5	0	0	1	1	0	0	0	0	0	NA	NA	NA
MvSl-1064-A1-R4_MC14g11980	Auto	-1.769421928	1.769421928	Down	DE	0	0	0	0	0	0	5	0	1	1	1	0	0	0	0	0	NA	NA	NA
MvSl-1064-A1-R4_MC14g11984	Auto	1.858524207	1.858524207	Up	DE	0	0	0	0	0	-5	0	-1	1	1.041666667	1.041584158	-1	8.528	-54	-0.26	-0.44	NA	NA	NA
MvSl-1064-A1-R4_MC14g11989	Auto	2.306650565	2.306650565	Up	DE	0	0	-5	0	0	0	0	-1	0	1	1	0	0	0	0	0	0	0	0
MvSl-1064-A1-R4_MC15g12018	Auto	1.414007835	1.414007835	Up	DE	0	0	0	0	0	0	0	0	0	1	1	0	0	0	0	0	0	0	0
MvSl-1064-A1-R4_MC15g12029	Auto	-0.754645564	0.754645564	Down	DE	0	0	0	0	0	0	0	0	0	1	1	0	0	0	0	0	0	0	0
MvSl-1064-A1-R4_MC15g12050	Auto	1.608824084	1.608824084	Up	DE	0	0	0	0	0	0	0	0	0	1	1	0	0	0	0	0	NA	NA	NA
MvSl-1064-A1-R4_MC15g12082	Auto	-1.788336519	1.788336519	Down	DE	0	0	0	0	0	0	0	0	0	1	1	0	0	0	0	0	0	0	0
MvSl-1064-A1-R4_MC15g12121	Auto	1.909067798	1.909067798	Up	DE	0	0	0	0	0	0	0	0	0	1	1	0	0	0	0	0	NA	NA	NA
MvSl-1064-A1-R4_MC15g12135	Auto	1.527747495	1.527747495	Up	DE	0	0	0	0	0	0	0	0	0	1	1	0	0	0	0	0	NA	NA	NA
MvSl-1064-A1-R4_MC15g12144	Auto	7.970795062	7.970795062	Up	DE	0	0	0	0	0	0	0	0	0	1	1	0	0	0	0	0	NA	NA	NA
MvSl-1064-A1-R4_MC15g12147	Auto	1.020123424	1.020123424	Up	DE	0	0	0	0	0	0	0	0	0	1	1	0	0	0	0	0	NA	NA	NA
MvSl-1064-A1-R4_MC15g12148	Auto	3.539818991	3.539818991	Up	DE	0	0	0	0	0	0	0	0	0	1	1	0	0	0	0	0	NA	NA	NA
MvSl-1064-A1-R4_MC16g12187	Auto	1.473637401	1.473637401	Up	DE	0	0	0	0	0	2	0	0	0	1	1	0	0	0	0	0	NA	NA	NA
MvSl-1064-A1-R4_MC16g12190	Auto	0.759085015	0.759085015	Up	DE	2	0	0	0	0	0	0	0	0	1	1	0	0	0	0	0	NA	NA	NA
MvSl-1064-A1-R4_MC16g12194	Auto	2.218431815	2.218431815	Up	DE	3	-1	0	0	0	0	0	0	0	1	1	0	0	0	0	0	NA	NA	NA
MvSl-1064-A1-R4_MC18g12256	Auto	-1.312042703	1.312042703	Down	DE	0	0	0	0	0	0	0	0	0	1	1	0	0	0	0	0	NA	NA	NA
MvSl-1064-A1-R4_MC18g12262	Auto	3.600671827	3.600671827	Up	DE	0	0	0	0	0	0	0	0	0	1	1	0	0	0	0	0	NA	NA	NA