MvSl-1064-A1-R4_A1g00081	MvSl-1064-A2-R4_A2g00081	363	363	100	100	363	98.072	728
MvSl-1064-A1-R4_A1g00083	MvSl-1064-A2-R4_A2g00083	343	343	100	100	343	99.708	708
MvSl-1064-A1-R4_A1g00084	MvSl-1064-A2-R4_A2g00084	106	104	100	100	106	98.113	210
MvSl-1064-A1-R4_A1g00085;MvSl-1064-A1-R4_MC03g04441;MvSl-1064-A1-R4_MC03g05018;MvSl-1064-A1-R4_MC12g11237	MvSl-1064-A2-R4_A2g00085;MvSl-1064-A2-R4_A2g00104;MvSl-1064-A2-R4_A2g00115;MvSl-1064-A2-R4_MC03g04719;MvSl-1064-A2-R4_MC03g05295;MvSl-1064-A2-R4_MC12g11500	61	61	100	100	61	100.000	125
MvSl-1064-A1-R4_A1g00091	MvSl-1064-A2-R4_A2g00098;MvSl-1064-A2-R4_A2g00109	215	219	95	96	219	80.365	337
MvSl-1064-A1-R4_A1g00092	MvSl-1064-A2-R4_A2g00099;MvSl-1064-A2-R4_A2g00110	195	201	100	100	201	94.030	385
MvSl-1064-A1-R4_A1g00098	MvSl-1064-A2-R4_A2g00655	64	64	100	100	64	98.438	129
MvSl-1064-A1-R4_A1g00104	MvSl-1064-A2-R4_A2g00100;MvSl-1064-A2-R4_A2g00111	73	73	100	100	73	98.630	147
MvSl-1064-A1-R4_A1g00106	MvSl-1064-A2-R4_A2g00116	452	452	100	100	452	99.336	931
MvSl-1064-A1-R4_A1g00107	MvSl-1064-A2-R4_A2g00117	444	444	100	100	444	99.324	916
MvSl-1064-A1-R4_A1g00108	MvSl-1064-A2-R4_A2g00118	55	55	100	100	55	100.000	115
MvSl-1064-A1-R4_A1g00116	MvSl-1064-A2-R4_A2g00882;MvSl-1064-A2-R4_A2g01094	1646	1646	100	100	1646	99.939	3373
MvSl-1064-A1-R4_A1g00118	MvSl-1064-A2-R4_A2g01692	230	233	98	100	233	90.987	361
MvSl-1064-A1-R4_A1g00144	MvSl-1064-A2-R4_A2g00759	157	160	100	100	160	93.125	305
MvSl-1064-A1-R4_A1g00150	MvSl-1064-A2-R4_A2g01565	49	49	100	100	49	97.959	101
MvSl-1064-A1-R4_A1g00153	MvSl-1064-A2-R4_A2g01431	1373	1339	100	100	1373	95.193	2693
MvSl-1064-A1-R4_A1g00154	MvSl-1064-A2-R4_A2g01432	220	220	100	100	220	97.273	440
MvSl-1064-A1-R4_A1g00155	MvSl-1064-A2-R4_A2g01433	508	508	100	100	508	96.654	994
MvSl-1064-A1-R4_A1g00163	MvSl-1064-A2-R4_A2g01041	79	79	100	100	79	97.468	161
MvSl-1064-A1-R4_A1g00165	MvSl-1064-A2-R4_A2g00290	889	904	99	98	892	96.637	1738
MvSl-1064-A1-R4_A1g00193	MvSl-1064-A2-R4_A2g00991	467	424	89	98	415	96.627	822
MvSl-1064-A1-R4_A1g00209	MvSl-1064-A2-R4_A2g00160	621	580	92	99	577	90.641	1073
MvSl-1064-A1-R4_A1g00210	MvSl-1064-A2-R4_A2g00699	252	252	100	100	252	100.000	496
MvSl-1064-A1-R4_A1g00211	MvSl-1064-A2-R4_A2g00698	827	827	100	100	827	98.912	1682
MvSl-1064-A1-R4_A1g00215	MvSl-1064-A2-R4_A2g00258	55	62	100	89	55	98.182	108
MvSl-1064-A1-R4_A1g00233	MvSl-1064-A2-R4_A2g00289	85	81	86	90	73	91.781	136
MvSl-1064-A1-R4_A1g00240	MvSl-1064-A2-R4_A2g00313	487	530	97	92	487	81.520	775
MvSl-1064-A1-R4_A1g00241	MvSl-1064-A2-R4_A2g00643	346	342	100	100	346	95.954	628
MvSl-1064-A1-R4_A1g00242	MvSl-1064-A2-R4_A2g00644	191	191	100	100	191	97.906	384
MvSl-1064-A1-R4_A1g00245	MvSl-1064-A2-R4_A2g00611	94	94	100	100	94	97.872	177
MvSl-1064-A1-R4_A1g00246	MvSl-1064-A2-R4_A2g00241	344	344	100	100	344	98.837	694
MvSl-1064-A1-R4_A1g00254	MvSl-1064-A2-R4_A2g00300	738	746	100	99	743	96.231	1452
MvSl-1064-A1-R4_A1g00270	MvSl-1064-A2-R4_A2g00647	380	380	100	100	380	97.105	768
MvSl-1064-A1-R4_A1g00272;MvSl-1064-A1-R4_MC02g03556;MvSl-1064-A1-R4_MC02g03861;MvSl-1064-A1-R4_MC11g10700	MvSl-1064-A2-R4_A2g01203;MvSl-1064-A2-R4_MC02g03834;MvSl-1064-A2-R4_MC02g04139;MvSl-1064-A2-R4_MC11g10964	69	69	100	100	69	100.000	144
MvSl-1064-A1-R4_A1g00280	MvSl-1064-A2-R4_A2g00304	1470	1470	100	100	1470	97.551	2967
MvSl-1064-A1-R4_A1g00281	MvSl-1064-A2-R4_A2g00303	1324	1289	96	99	1273	96.858	2492
MvSl-1064-A1-R4_A1g00290	MvSl-1064-A2-R4_A2g00169	1078	1078	100	100	1078	97.495	2182
MvSl-1064-A1-R4_A1g00292	MvSl-1064-A2-R4_A2g00711	547	547	100	100	547	96.709	1088
MvSl-1064-A1-R4_A1g00307	MvSl-1064-A2-R4_A2g01256	287	287	93	95	268	92.701	440
MvSl-1064-A1-R4_A1g00311	MvSl-1064-A2-R4_A2g00915	1497	1499	100	100	1499	97.198	2956
MvSl-1064-A1-R4_A1g00312	MvSl-1064-A2-R4_A2g00914	159	185	99	85	158	93.671	303
MvSl-1064-A1-R4_A1g00326	MvSl-1064-A2-R4_A2g00819	196	192	100	100	196	89.286	290
MvSl-1064-A1-R4_A1g00327	MvSl-1064-A2-R4_A2g00818	207	215	100	100	215	90.698	360
MvSl-1064-A1-R4_A1g00351	MvSl-1064-A2-R4_A2g00969	1299	1300	100	100	1307	94.950	2430
MvSl-1064-A1-R4_A1g00352	MvSl-1064-A2-R4_A2g00968	263	252	100	100	263	95.057	502
MvSl-1064-A1-R4_A1g00359	MvSl-1064-A2-R4_A2g00301	340	340	100	100	340	98.529	678
MvSl-1064-A1-R4_A1g00386	MvSl-1064-A2-R4_A2g00384;MvSl-1064-A2-R4_A2g00386	52	52	100	100	52	94.231	95.5
MvSl-1064-A1-R4_A1g00432	MvSl-1064-A2-R4_A2g00994	97	97	100	100	97	100.000	196
MvSl-1064-A1-R4_A1g00433	MvSl-1064-A2-R4_A2g00993	565	565	100	100	565	94.336	1072
MvSl-1064-A1-R4_A1g00453	MvSl-1064-A2-R4_A2g01682	129	100	80	88	103	80.583	159
MvSl-1064-A1-R4_A1g00481	MvSl-1064-A2-R4_A2g00295	182	174	100	99	182	85.165	318
MvSl-1064-A1-R4_A1g00492	MvSl-1064-A2-R4_A2g00319	1483	1543	99	95	1464	93.129	2852
MvSl-1064-A1-R4_A1g00501;MvSl-1064-A1-R4_MC11g10646	MvSl-1064-A2-R4_A2g01098;MvSl-1064-A2-R4_A2g01238;MvSl-1064-A2-R4_A2g01454;MvSl-1064-A2-R4_A2g01471;MvSl-1064-A2-R4_MC11g10910	76	76	100	100	76	100.000	158
MvSl-1064-A1-R4_A1g00503	MvSl-1064-A2-R4_A2g01265	651	651	100	100	651	99.539	1335
MvSl-1064-A1-R4_A1g00504	MvSl-1064-A2-R4_A2g01266	319	319	100	100	319	100.000	658
MvSl-1064-A1-R4_A1g00505	MvSl-1064-A2-R4_A2g01267	991	945	100	100	991	95.055	1891
MvSl-1064-A1-R4_A1g00506	MvSl-1064-A2-R4_A2g01268	463	463	100	100	463	99.784	953
MvSl-1064-A1-R4_A1g00507	MvSl-1064-A2-R4_A2g01269	1401	1291	92	99	1284	96.573	2299
MvSl-1064-A1-R4_A1g00510	MvSl-1064-A2-R4_A2g01274	319	319	100	100	319	100.000	659
MvSl-1064-A1-R4_A1g00511	MvSl-1064-A2-R4_A2g01275	353	353	100	100	353	100.000	722
MvSl-1064-A1-R4_A1g00512	MvSl-1064-A2-R4_A2g01276	207	207	100	100	207	99.517	410
MvSl-1064-A1-R4_A1g00513	MvSl-1064-A2-R4_A2g01277	575	562	96	98	552	98.551	1109
MvSl-1064-A1-R4_A1g00514	MvSl-1064-A2-R4_A2g01252	1572	1554	100	100	1580	93.861	2749
MvSl-1064-A1-R4_A1g00515	MvSl-1064-A2-R4_A2g01249	1039	1038	100	100	1039	98.364	2058
MvSl-1064-A1-R4_A1g00516	MvSl-1064-A2-R4_A2g01504	327	335	98	96	321	98.442	639
MvSl-1064-A1-R4_A1g00517	MvSl-1064-A2-R4_A2g01505	78	78	100	100	78	100.000	158
MvSl-1064-A1-R4_A1g00518	MvSl-1064-A2-R4_A2g01506	424	424	100	100	424	99.764	872
MvSl-1064-A1-R4_A1g00519	MvSl-1064-A2-R4_A2g01511	695	695	100	100	695	99.712	1406
MvSl-1064-A1-R4_A1g00520	MvSl-1064-A2-R4_A2g01512	655	655	100	100	655	99.847	1341
MvSl-1064-A1-R4_A1g00521	MvSl-1064-A2-R4_A2g01513	888	887	100	100	888	98.986	1766
MvSl-1064-A1-R4_A1g00522	MvSl-1064-A2-R4_A2g00889	418	418	100	100	418	96.651	819
MvSl-1064-A1-R4_A1g00523	MvSl-1064-A2-R4_A2g00888	80	80	100	100	80	100.000	167
MvSl-1064-A1-R4_A1g00524	MvSl-1064-A2-R4_A2g00887	42	42	100	100	42	92.857	82.4
MvSl-1064-A1-R4_A1g00525	MvSl-1064-A2-R4_A2g00886	342	334	98	100	334	97.006	657
MvSl-1064-A1-R4_A1g00527	MvSl-1064-A2-R4_A2g00885	542	510	93	99	504	97.024	1006
MvSl-1064-A1-R4_A1g00528	MvSl-1064-A2-R4_A2g01700	169	169	100	100	169	98.817	343
MvSl-1064-A1-R4_A1g00529	MvSl-1064-A2-R4_A2g01694	77	77	100	100	77	98.701	150
MvSl-1064-A1-R4_A1g00530	MvSl-1064-A2-R4_A2g01693	869	868	99	100	868	98.041	1768
MvSl-1064-A1-R4_A1g00532	MvSl-1064-A2-R4_A2g01664	620	620	100	100	620	98.065	1263
MvSl-1064-A1-R4_A1g00533	MvSl-1064-A2-R4_A2g00864	318	307	87	91	278	99.640	557
MvSl-1064-A1-R4_A1g00534	MvSl-1064-A2-R4_A2g00865	377	377	100	100	377	99.469	753
MvSl-1064-A1-R4_A1g00541	MvSl-1064-A2-R4_A2g00866	2042	2040	100	100	2042	98.286	4100
MvSl-1064-A1-R4_A1g00542	MvSl-1064-A2-R4_A2g00867	390	390	100	100	390	100.000	807
MvSl-1064-A1-R4_A1g00543	MvSl-1064-A2-R4_A2g00868	729	729	100	100	729	99.588	1490
MvSl-1064-A1-R4_A1g00544	MvSl-1064-A2-R4_A2g00869	580	640	100	91	580	99.655	1193
MvSl-1064-A1-R4_A1g00575	MvSl-1064-A2-R4_A2g00559	991	994	100	100	994	96.378	1930
MvSl-1064-A1-R4_A1g00576	MvSl-1064-A2-R4_A2g00560	161	136	81	96	130	80.769	148
MvSl-1064-A1-R4_A1g00594	MvSl-1064-A2-R4_A2g00575	467	547	99	91	498	83.534	752
MvSl-1064-A1-R4_A1g00635	MvSl-1064-A2-R4_A2g00615	628	553	90	99	575	81.391	865
MvSl-1064-A1-R4_A1g00641	MvSl-1064-A2-R4_A2g00231	53	54	100	100	54	90.741	99.0
MvSl-1064-A1-R4_A1g00644	MvSl-1064-A2-R4_A2g01002	789	784	99	99	782	94.885	1343
MvSl-1064-A1-R4_A1g00645	MvSl-1064-A2-R4_A2g01535	842	839	99	100	839	98.570	1675
MvSl-1064-A1-R4_A1g00646	MvSl-1064-A2-R4_A2g01534	696	696	100	100	696	98.563	1403
MvSl-1064-A1-R4_A1g00648	MvSl-1064-A2-R4_A2g00314	502	505	99	99	501	96.208	947
MvSl-1064-A1-R4_A1g00651;MvSl-1064-A1-R4_MC01-1g02178	MvSl-1064-A2-R4_MC01g02460	52	52	100	100	52	100.000	107
MvSl-1064-A1-R4_A1g00693	MvSl-1064-A2-R4_A2g00976	334	334	100	100	334	100.000	690
MvSl-1064-A1-R4_A1g00694	MvSl-1064-A2-R4_A2g00975	781	782	100	100	782	98.721	1578
MvSl-1064-A1-R4_A1g00718	MvSl-1064-A2-R4_A2g00298	460	460	100	100	460	97.609	929
MvSl-1064-A1-R4_A1g00726	MvSl-1064-A2-R4_A2g00239	261	270	94	91	246	94.309	479
MvSl-1064-A1-R4_A1g00732	MvSl-1064-A2-R4_A2g01321	422	422	100	100	422	99.526	852
MvSl-1064-A1-R4_A1g00749	MvSl-1064-A2-R4_A2g00576	1116	1110	100	100	1117	93.465	1763
MvSl-1064-A1-R4_A1g00750	MvSl-1064-A2-R4_A2g00570	728	728	100	100	728	99.725	1502
MvSl-1064-A1-R4_A1g00751	MvSl-1064-A2-R4_A2g00569	972	971	100	100	972	98.560	1976
MvSl-1064-A1-R4_A1g00756	MvSl-1064-A2-R4_A2g00566	71	71	100	100	71	91.549	132
MvSl-1064-A1-R4_A1g00757	MvSl-1064-A2-R4_A2g00565	297	284	95	98	281	91.815	533
MvSl-1064-A1-R4_A1g00778	MvSl-1064-A2-R4_A2g00328	827	826	100	100	827	95.889	1595
MvSl-1064-A1-R4_A1g00779	MvSl-1064-A2-R4_A2g00329	1011	1002	99	99	1013	95.755	1970
MvSl-1064-A1-R4_A1g00794	MvSl-1064-A2-R4_A2g01610	113	113	100	100	113	98.230	232
MvSl-1064-A1-R4_A1g00800	MvSl-1064-A2-R4_A2g00203	445	457	98	95	436	99.312	893
MvSl-1064-A1-R4_A1g00804	MvSl-1064-A2-R4_A2g01310	1423	1423	100	100	1423	99.649	2882
MvSl-1064-A1-R4_A1g00820	MvSl-1064-A2-R4_A2g01706	115	115	100	100	115	92.174	223
MvSl-1064-A1-R4_A1g00832	MvSl-1064-A2-R4_A2g01747	785	790	100	100	791	95.954	1544
MvSl-1064-A1-R4_A1g00835	MvSl-1064-A2-R4_A2g01032	90	83	80	87	72	84.722	124
MvSl-1064-A1-R4_A1g00840	MvSl-1064-A2-R4_A2g01736	575	594	100	100	594	91.077	1016
MvSl-1064-A1-R4_A1g00842	MvSl-1064-A2-R4_A2g00923	466	519	100	100	534	80.899	819
MvSl-1064-A1-R4_A1g00843	MvSl-1064-A2-R4_A2g00924	371	342	100	100	371	90.566	674
MvSl-1064-A1-R4_A1g00844	MvSl-1064-A2-R4_A2g00925	258	258	100	100	258	96.124	436
MvSl-1064-A1-R4_A1g00845	MvSl-1064-A2-R4_A2g01038	1538	1506	100	100	1538	93.563	2711
MvSl-1064-A1-R4_A1g00855	MvSl-1064-A2-R4_A2g00467;MvSl-1064-A2-R4_A2g00477;MvSl-1064-A2-R4_A2g00486	123	116	93	100	116	96.552	212
MvSl-1064-A1-R4_A1g00856	MvSl-1064-A2-R4_A2g00466;MvSl-1064-A2-R4_A2g00476;MvSl-1064-A2-R4_A2g00485	319	319	100	100	319	98.746	653
MvSl-1064-A1-R4_A1g00869	MvSl-1064-A2-R4_A2g00351	609	609	100	100	609	97.865	1238
MvSl-1064-A1-R4_A1g00886	MvSl-1064-A2-R4_A2g01477	611	577	100	100	611	91.326	1123
MvSl-1064-A1-R4_A1g00911	MvSl-1064-A2-R4_A2g01609	87	87	100	100	87	100.000	184
MvSl-1064-A1-R4_A1g00912	MvSl-1064-A2-R4_A2g01608	341	341	100	100	341	99.120	706
MvSl-1064-A1-R4_A1g00920	MvSl-1064-A2-R4_A2g01577	1991	1628	82	100	1635	94.801	2799
MvSl-1064-A1-R4_A1g00921	MvSl-1064-A2-R4_A2g01578	552	550	97	99	544	94.853	936
MvSl-1064-A1-R4_A1g00922	MvSl-1064-A2-R4_A2g01580	456	470	99	96	451	96.674	836
MvSl-1064-A1-R4_A1g00923	MvSl-1064-A2-R4_A2g01579	103	103	100	100	103	97.087	204
MvSl-1064-A1-R4_A1g00929	MvSl-1064-A2-R4_A2g01687	210	210	100	100	210	96.190	408
MvSl-1064-A1-R4_A1g00956	MvSl-1064-A2-R4_A2g01182	766	779	100	100	780	89.872	1095
MvSl-1064-A1-R4_A1g00957	MvSl-1064-A2-R4_A2g01186	237	237	100	100	237	95.359	456
MvSl-1064-A1-R4_A1g00958	MvSl-1064-A2-R4_A2g01187	649	649	100	100	649	98.459	1281
MvSl-1064-A1-R4_A1g00959	MvSl-1064-A2-R4_A2g01188	37	36	92	94	34	97.059	70.9
MvSl-1064-A1-R4_A1g00960	MvSl-1064-A2-R4_A2g01189	227	216	100	100	227	90.749	387
MvSl-1064-A1-R4_A1g00968	MvSl-1064-A2-R4_A2g01198	243	275	100	100	275	86.182	474
MvSl-1064-A1-R4_A1g00969	MvSl-1064-A2-R4_A2g01286	78	78	100	100	78	100.000	153
MvSl-1064-A1-R4_A1g00970	MvSl-1064-A2-R4_A2g01287	470	470	100	100	470	98.511	940
MvSl-1064-A1-R4_A1g00971	MvSl-1064-A2-R4_A2g01288	265	259	97	99	258	95.349	473
MvSl-1064-A1-R4_A1g00972	MvSl-1064-A2-R4_A2g01289	382	382	100	100	382	96.073	715
MvSl-1064-A1-R4_A1g00977	MvSl-1064-A2-R4_A2g01566	359	301	83	99	298	95.973	583
MvSl-1064-A1-R4_A1g01127	MvSl-1064-A2-R4_A2g01563	171	178	82	87	141	87.179	260
MvSl-1064-A1-R4_A1g01129	MvSl-1064-A2-R4_A2g01028	756	791	99	95	752	95.213	1455
MvSl-1064-A1-R4_A1g01136	MvSl-1064-A2-R4_A2g00826	367	367	100	100	367	91.553	496
MvSl-1064-A1-R4_A1g01137	MvSl-1064-A2-R4_A2g00825	595	597	100	99	595	95.966	1146
MvSl-1064-A1-R4_A1g01148;MvSl-1064-A1-R4_MC03g04339;MvSl-1064-A1-R4_MC03g04346;MvSl-1064-A1-R4_MC03g04911;MvSl-1064-A1-R4_MC03g04939;MvSl-1064-A1-R4_MC03g04942;MvSl-1064-A1-R4_MC03g04957;MvSl-1064-A1-R4_MC04-1g06024;MvSl-1064-A1-R4_MC04-1g06028;MvSl-1064-A1-R4_MC05-3g06831;MvSl-1064-A1-R4_MC06g07436;MvSl-1064-A1-R4_MC08g08882;MvSl-1064-A1-R4_MC09-2g09260;MvSl-1064-A1-R4_MC10-2g09872;MvSl-1064-A1-R4_MC11g10557;MvSl-1064-A1-R4_MC11g10643	MvSl-1064-A2-R4_A2g01106;MvSl-1064-A2-R4_A2g01583;MvSl-1064-A2-R4_MC03g04617;MvSl-1064-A2-R4_MC03g04624;MvSl-1064-A2-R4_MC03g05189;MvSl-1064-A2-R4_MC03g05219;MvSl-1064-A2-R4_MC03g05234;MvSl-1064-A2-R4_MC04-2g06306;MvSl-1064-A2-R4_MC04-2g06310;MvSl-1064-A2-R4_MC05g07095;MvSl-1064-A2-R4_MC06-2g07701;MvSl-1064-A2-R4_MC08-2g09163;MvSl-1064-A2-R4_MC09g09534;MvSl-1064-A2-R4_MC10g10136;MvSl-1064-A2-R4_MC11g10819;MvSl-1064-A2-R4_MC11g10907	66	66	100	100	66	100.000	135
MvSl-1064-A1-R4_A1g01164	MvSl-1064-A2-R4_A2g01564	1029	1059	100	100	1105	85.158	1869
MvSl-1064-A1-R4_A1g01173	MvSl-1064-A2-R4_A2g01393	517	562	99	91	540	88.333	712
MvSl-1064-A1-R4_A1g01184	MvSl-1064-A2-R4_A2g01305	586	584	99	99	582	95.533	991
MvSl-1064-A1-R4_A1g01189	MvSl-1064-A2-R4_A2g00403	347	347	100	100	347	95.965	560
MvSl-1064-A1-R4_A1g01212	MvSl-1064-A2-R4_A2g00841	922	846	92	100	846	98.109	1710
MvSl-1064-A1-R4_A1g01219	MvSl-1064-A2-R4_A2g01387	1022	1024	100	100	1048	90.363	1211
MvSl-1064-A1-R4_A1g01220	MvSl-1064-A2-R4_A2g01388	296	255	91	96	269	86.245	459
MvSl-1064-A1-R4_A1g01228	MvSl-1064-A2-R4_A2g01520	183	183	100	100	183	99.454	376
MvSl-1064-A1-R4_A1g01253	MvSl-1064-A2-R4_A2g00196	182	169	93	100	169	95.266	314
MvSl-1064-A1-R4_A1g01271	MvSl-1064-A2-R4_A2g01394	130	137	100	100	137	94.891	262
MvSl-1064-A1-R4_A1g01272	MvSl-1064-A2-R4_A2g01395	183	183	100	100	183	98.907	362
MvSl-1064-A1-R4_A1g01282	MvSl-1064-A2-R4_A2g00349	224	224	99	100	224	89.286	400
MvSl-1064-A1-R4_A1g01288	MvSl-1064-A2-R4_A2g00799	270	270	100	100	270	97.778	538
MvSl-1064-A1-R4_A1g01289	MvSl-1064-A2-R4_A2g00676;MvSl-1064-A2-R4_A2g00798	172	172	100	100	172	99.419	347
MvSl-1064-A1-R4_A1g01290	MvSl-1064-A2-R4_A2g00797	419	449	100	100	449	90.423	830
MvSl-1064-A1-R4_A1g01291	MvSl-1064-A2-R4_A2g00678;MvSl-1064-A2-R4_A2g00796	336	336	100	100	336	96.131	674
MvSl-1064-A1-R4_A1g01347	MvSl-1064-A2-R4_A2g01555	2125	2123	100	100	2125	97.412	4127
MvSl-1064-A1-R4_A1g01348	MvSl-1064-A2-R4_A2g01556	791	791	100	100	791	98.862	1575
MvSl-1064-A1-R4_A1g01350	MvSl-1064-A2-R4_A2g01557	629	629	100	100	629	98.887	1254
MvSl-1064-A1-R4_A1g01351	MvSl-1064-A2-R4_A2g01558	279	279	100	100	279	99.283	568
MvSl-1064-A1-R4_A1g01357	MvSl-1064-A2-R4_A2g01442;MvSl-1064-A2-R4_A2g01529	449	451	100	100	451	96.009	882
MvSl-1064-A1-R4_A1g01358	MvSl-1064-A2-R4_A2g01109	154	165	99	92	152	96.053	300
MvSl-1064-A1-R4_A1g01359	MvSl-1064-A2-R4_A2g01110	455	494	99	96	472	94.703	929
MvSl-1064-A1-R4_A1g01366	MvSl-1064-A2-R4_A2g00776	758	758	100	100	758	96.834	1462
MvSl-1064-A1-R4_A1g01367	MvSl-1064-A2-R4_A2g00775	542	581	100	100	581	90.878	1051
MvSl-1064-A1-R4_A1g01368	MvSl-1064-A2-R4_A2g00774	1872	1851	100	100	1874	94.717	3380
MvSl-1064-A1-R4_A1g01369	MvSl-1064-A2-R4_A2g00773	631	609	100	100	631	93.978	1197
MvSl-1064-A1-R4_A1g01376	MvSl-1064-A2-R4_A2g00418	840	913	95	88	827	82.588	1246
MvSl-1064-A1-R4_A1g01384	MvSl-1064-A2-R4_A2g01135	1008	989	100	100	1008	93.948	1740
MvSl-1064-A1-R4_A1g01385	MvSl-1064-A2-R4_A2g01134	517	516	100	99	517	95.358	935
MvSl-1064-A1-R4_A1g01388	MvSl-1064-A2-R4_A2g00186	748	858	100	87	748	96.791	1467
MvSl-1064-A1-R4_A1g01389	MvSl-1064-A2-R4_A2g00185	97	95	100	100	97	94.845	170
MvSl-1064-A1-R4_A1g01392	MvSl-1064-A2-R4_A2g00153	1213	1207	100	100	1213	96.538	2379
MvSl-1064-A1-R4_A1g01406	MvSl-1064-A2-R4_A2g01323	1224	1222	100	100	1224	99.510	2494
MvSl-1064-A1-R4_A1g01407	MvSl-1064-A2-R4_A2g01322	490	489	100	100	491	96.334	950
MvSl-1064-A1-R4_A1g01413	MvSl-1064-A2-R4_A2g01640	75	75	100	100	75	100.000	149
MvSl-1064-A1-R4_A1g01415	MvSl-1064-A2-R4_A2g00163	364	364	100	100	364	98.901	744
MvSl-1064-A1-R4_A1g01418	MvSl-1064-A2-R4_A2g00702	904	937	100	96	905	94.475	1741
