MvSl-1064-A1-R4_A1g00002	MvSl-1064-A2-R4_A2g00002	97	97	100	100	97	100.000	194
MvSl-1064-A1-R4_A1g00109	MvSl-1064-A2-R4_A2g00119	238	234	100	100	238	98.319	447
MvSl-1064-A1-R4_A1g00110	MvSl-1064-A2-R4_A2g00120	856	856	100	100	856	99.766	1696
MvSl-1064-A1-R4_A1g00111	MvSl-1064-A2-R4_A2g00121	40	40	100	100	40	100.000	84.0
MvSl-1064-A1-R4_A1g00112	MvSl-1064-A2-R4_A2g00122	107	113	93	88	100	100.000	197
MvSl-1064-A1-R4_A1g00113	MvSl-1064-A2-R4_A2g00123	899	899	100	100	899	99.666	1831
MvSl-1064-A1-R4_A1g00175	MvSl-1064-A2-R4_A2g01447	840	639	84	99	705	80.993	1044
MvSl-1064-A1-R4_A1g00184	MvSl-1064-A2-R4_A2g01227	87	87	100	100	87	100.000	181
MvSl-1064-A1-R4_A1g00185	MvSl-1064-A2-R4_A2g00443	926	926	100	100	926	97.408	1817
MvSl-1064-A1-R4_A1g00186	MvSl-1064-A2-R4_A2g00444	450	450	100	100	450	98.222	900
MvSl-1064-A1-R4_A1g00367	MvSl-1064-A2-R4_A2g00124	543	543	98	98	534	95.318	969
MvSl-1064-A1-R4_A1g00368	MvSl-1064-A2-R4_A2g00125	400	400	100	100	400	99.750	816
MvSl-1064-A1-R4_A1g00369	MvSl-1064-A2-R4_A2g00126	649	649	100	100	649	99.846	1339
MvSl-1064-A1-R4_A1g00370	MvSl-1064-A2-R4_A2g00127	678	672	100	100	678	98.968	1371
MvSl-1064-A1-R4_A1g00371	MvSl-1064-A2-R4_A2g00128	1141	1130	100	100	1143	98.688	2307
MvSl-1064-A1-R4_A1g00372	MvSl-1064-A2-R4_A2g00129	877	875	100	100	877	98.974	1788
MvSl-1064-A1-R4_A1g00373	MvSl-1064-A2-R4_A2g00130	354	354	100	100	354	100.000	704
MvSl-1064-A1-R4_A1g00374	MvSl-1064-A2-R4_A2g00131	703	703	100	100	703	99.858	1459
MvSl-1064-A1-R4_A1g00375	MvSl-1064-A2-R4_A2g00132	133	138	100	100	138	96.377	261
MvSl-1064-A1-R4_A1g00379	MvSl-1064-A2-R4_A2g00394	56	56	100	100	56	92.857	109
MvSl-1064-A1-R4_A1g00380	MvSl-1064-A2-R4_A2g00393	72	72	100	100	72	97.222	146
MvSl-1064-A1-R4_A1g00390	MvSl-1064-A2-R4_A2g00380	377	377	100	100	377	98.674	734
MvSl-1064-A1-R4_A1g00391	MvSl-1064-A2-R4_A2g00379	588	616	100	100	616	94.643	1178
MvSl-1064-A1-R4_A1g00392	MvSl-1064-A2-R4_A2g00378	65	65	100	100	65	100.000	133
MvSl-1064-A1-R4_A1g00393	MvSl-1064-A2-R4_A2g00377	67	67	100	100	67	100.000	128
MvSl-1064-A1-R4_A1g00394	MvSl-1064-A2-R4_A2g00376	114	114	100	100	114	100.000	233
MvSl-1064-A1-R4_A1g00395	MvSl-1064-A2-R4_A2g00375	1363	1363	100	100	1363	99.707	2810
MvSl-1064-A1-R4_A1g00396	MvSl-1064-A2-R4_A2g00374	293	293	100	100	293	99.659	601
MvSl-1064-A1-R4_A1g00397	MvSl-1064-A2-R4_A2g00373	124	124	100	100	124	100.000	249
MvSl-1064-A1-R4_A1g00398	MvSl-1064-A2-R4_A2g00372	123	123	100	100	123	100.000	244
MvSl-1064-A1-R4_A1g00399	MvSl-1064-A2-R4_A2g00371	160	160	100	100	160	100.000	332
MvSl-1064-A1-R4_A1g00400	MvSl-1064-A2-R4_A2g00370	787	787	100	100	787	97.459	1573
MvSl-1064-A1-R4_A1g00401	MvSl-1064-A2-R4_A2g00369	331	330	99	100	330	99.394	659
MvSl-1064-A1-R4_A1g00402	MvSl-1064-A2-R4_A2g00368	1560	1530	100	100	1560	96.474	3034
MvSl-1064-A1-R4_A1g00403	MvSl-1064-A2-R4_A2g00367	1342	1342	100	100	1342	100.000	2795
MvSl-1064-A1-R4_A1g00404	MvSl-1064-A2-R4_A2g00366	266	264	100	100	266	98.496	542
MvSl-1064-A1-R4_A1g00405	MvSl-1064-A2-R4_A2g00365	548	548	100	100	548	99.453	1095
MvSl-1064-A1-R4_A1g00406	MvSl-1064-A2-R4_A2g00732	179	179	100	100	179	100.000	359
MvSl-1064-A1-R4_A1g00441	MvSl-1064-A2-R4_A2g00737	342	342	100	100	342	98.830	694
MvSl-1064-A1-R4_A1g00478	MvSl-1064-A2-R4_A2g01653	739	753	98	94	725	90.897	1327
MvSl-1064-A1-R4_A1g00495	MvSl-1064-A2-R4_A2g01715	342	387	100	100	387	83.979	518
MvSl-1064-A1-R4_A1g00593	MvSl-1064-A2-R4_A2g00210	1188	1188	100	100	1188	97.811	2382
MvSl-1064-A1-R4_A1g00624	MvSl-1064-A2-R4_A2g00431	256	257	100	100	273	84.249	449
MvSl-1064-A1-R4_A1g00668	MvSl-1064-A2-R4_A2g00904	651	636	100	100	653	92.496	1208
MvSl-1064-A1-R4_A1g00669	MvSl-1064-A2-R4_A2g00902	711	725	100	100	725	94.069	1177
MvSl-1064-A1-R4_A1g00772	MvSl-1064-A2-R4_A2g00179	343	360	100	100	360	90.833	646
MvSl-1064-A1-R4_A1g00801	MvSl-1064-A2-R4_A2g00204	348	348	100	100	348	99.425	704
MvSl-1064-A1-R4_A1g00853	MvSl-1064-A2-R4_A2g01112	872	842	100	100	872	93.922	1653
MvSl-1064-A1-R4_A1g00854	MvSl-1064-A2-R4_A2g01111	900	860	100	100	900	92.000	1616
MvSl-1064-A1-R4_A1g00997	MvSl-1064-A2-R4_A2g01153	628	690	100	93	643	90.513	1057
MvSl-1064-A1-R4_A1g00998	MvSl-1064-A2-R4_A2g01154	230	230	100	100	230	96.957	460
MvSl-1064-A1-R4_A1g01017	MvSl-1064-A2-R4_A2g01279	1051	1066	100	100	1066	96.529	2111
MvSl-1064-A1-R4_A1g01154	MvSl-1064-A2-R4_A2g00832	184	184	100	100	184	97.283	365
MvSl-1064-A1-R4_A1g01159	MvSl-1064-A2-R4_A2g00833	424	424	100	100	424	97.642	843
MvSl-1064-A1-R4_A1g01160	MvSl-1064-A2-R4_A2g00834	474	473	100	100	474	99.156	971
MvSl-1064-A1-R4_A1g01161	MvSl-1064-A2-R4_A2g00835	478	390	82	100	390	99.487	753
MvSl-1064-A1-R4_A1g01162	MvSl-1064-A2-R4_A2g00836	186	177	100	100	186	93.548	358
MvSl-1064-A1-R4_A1g01163	MvSl-1064-A2-R4_A2g00837	227	226	100	100	227	97.357	441
MvSl-1064-A1-R4_A1g01227	MvSl-1064-A2-R4_A2g01519	172	173	100	100	173	96.532	340
MvSl-1064-A1-R4_A1g01252	MvSl-1064-A2-R4_A2g00195	321	294	100	100	321	86.293	462
MvSl-1064-A1-R4_A1g01261	MvSl-1064-A2-R4_A2g01419	2309	2310	100	100	2312	96.151	4519
MvSl-1064-A1-R4_A1g01431	MvSl-1064-A2-R4_A2g01151	1705	1644	95	100	1644	95.620	3215
MvSl-1064-A1-R4_A1g01432	MvSl-1064-A2-R4_A2g01152	167	167	100	100	167	97.006	322
