gene	logFC	FDR
1	MvSl-1064-A2-R4_A2g00013	-0.848371189885608	2.57715736112795e-05
2	MvSl-1064-A2-R4_A2g00015	-1.35387636134792	0.0368410320791041
3	MvSl-1064-A2-R4_A2g00023	-1.77136201843929	0.000176771210819256
4	MvSl-1064-A2-R4_A2g00024	-10.9645684228242	8.47067569103241e-35
5	MvSl-1064-A2-R4_A2g00052	-5.47468482398201	2.10304163229931e-39
6	MvSl-1064-A2-R4_A2g00053	-0.512169209863938	0.0258574867368581
7	MvSl-1064-A2-R4_A2g00063	-0.599875343116989	0.0217965081333011
8	MvSl-1064-A2-R4_A2g00067	-4.44135195142971	4.84458467561037e-36
9	MvSl-1064-A2-R4_A2g00068	-3.61239956287155	1.05032575454249e-19
10	MvSl-1064-A2-R4_A2g00071	-1.0103859104708	0.00116704510620141
11	MvSl-1064-A2-R4_A2g00079	-0.907183847932571	0.00192583649003911
12	MvSl-1064-A2-R4_A2g00081	-1.42855358779841	0.000403502657208143
13	MvSl-1064-A2-R4_A2g00117	-1.81791316094911	0.00406598869877175
14	MvSl-1064-A2-R4_A2g00124	-1.3993164579207	1.81316572337472e-07
15	MvSl-1064-A2-R4_A2g00166	-1.03814565070087	0.0353286521225701
16	MvSl-1064-A2-R4_A2g00196	-0.692875523360218	0.00607402535573386
17	MvSl-1064-A2-R4_A2g00205	-6.55161101829377	5.8044465554225e-86
18	MvSl-1064-A2-R4_A2g00208	-7.14090244400916	3.40786060449952e-104
19	MvSl-1064-A2-R4_A2g00209	-4.26238756762453	2.93124823152685e-48
20	MvSl-1064-A2-R4_A2g00214	-1.10553916263589	0.00669000597524224
21	MvSl-1064-A2-R4_A2g00231	-2.44590678411194	5.33279881307047e-12
22	MvSl-1064-A2-R4_A2g00233	-5.62305976682776	7.61322134935533e-18
23	MvSl-1064-A2-R4_A2g00238	-4.75852989512589	2.89905065211464e-17
24	MvSl-1064-A2-R4_A2g00285	-10.1170306645733	3.51890347290511e-24
25	MvSl-1064-A2-R4_A2g00292	-1.21824208799895	0.0282791163221392
26	MvSl-1064-A2-R4_A2g00300	-1.90747915487505	2.55796261988974e-14
27	MvSl-1064-A2-R4_A2g00310	-2.63176184655806	0.000183099467925629
28	MvSl-1064-A2-R4_A2g00318	-2.80839122550312	1.72076963512105e-06
29	MvSl-1064-A2-R4_A2g00322	-2.33098844280784	0.000298755078033726
30	MvSl-1064-A2-R4_A2g00362	-2.4330232225155	2.82409538202815e-05
31	MvSl-1064-A2-R4_A2g00366	-0.69949353833434	0.0314522005684901
32	MvSl-1064-A2-R4_A2g00370	-1.9188179456773	4.76280190019001e-10
33	MvSl-1064-A2-R4_A2g00380	-3.87792390525194	2.39322781838243e-51
34	MvSl-1064-A2-R4_A2g00400	-2.44451836471583	2.16734332050282e-06
35	MvSl-1064-A2-R4_A2g00402	-2.54896547800443	3.47984973851395e-07
36	MvSl-1064-A2-R4_A2g00425	-1.50241112859651	0.00018021971464483
37	MvSl-1064-A2-R4_A2g00426	-5.03434927964764	2.23215946344558e-13
38	MvSl-1064-A2-R4_A2g00431	-0.683293756852279	0.00219258539645367
39	MvSl-1064-A2-R4_A2g00506	-2.8782137542311	5.28171277440691e-16
40	MvSl-1064-A2-R4_A2g00549	-1.15065156078851	0.00935875696259989
41	MvSl-1064-A2-R4_A2g00558	-8.66736020659392	5.74702114609807e-54
42	MvSl-1064-A2-R4_A2g00568	-6.1153065863812	7.28826320374984e-55
43	MvSl-1064-A2-R4_A2g00575	-1.54620612841284	0.00444138336156879
44	MvSl-1064-A2-R4_A2g00576	-1.72255926379504	1.030343642653e-07
45	MvSl-1064-A2-R4_A2g00578	-1.4269290102939	0.000711734345520693
46	MvSl-1064-A2-R4_A2g00621	-2.01185102110116	1.69913640661464e-05
47	MvSl-1064-A2-R4_A2g00622	-2.93866159266375	2.64479824875229e-23
48	MvSl-1064-A2-R4_A2g00627	-1.79153612586924	9.28670266247767e-06
49	MvSl-1064-A2-R4_A2g00639	-1.96668391755126	1.17605831240949e-08
50	MvSl-1064-A2-R4_A2g00648	-8.42116986837522	3.74237126756266e-94
51	MvSl-1064-A2-R4_A2g00651	-2.90902656416907	1.45179258165897e-24
52	MvSl-1064-A2-R4_A2g00652	-8.39314010929632	2.38594328521612e-38
53	MvSl-1064-A2-R4_A2g00663	-1.08114633515866	0.0111172083631498
54	MvSl-1064-A2-R4_A2g00664	-2.65944688527721	6.04569883226691e-16
55	MvSl-1064-A2-R4_A2g00689	-4.6341722410363	2.0151500295899e-12
56	MvSl-1064-A2-R4_A2g00758	-3.8982237152488	1.32036944475312e-22
57	MvSl-1064-A2-R4_A2g00811	-7.14214585843587	2.28676715961831e-14
58	MvSl-1064-A2-R4_A2g00821	-4.37846086366541	3.24853366646495e-16
59	MvSl-1064-A2-R4_A2g00826	-2.96156822645881	1.56081634932257e-18
60	MvSl-1064-A2-R4_A2g00841	-1.46451053821259	8.14161215204688e-06
61	MvSl-1064-A2-R4_A2g00843	-1.44638733677661	2.62509589054653e-08
62	MvSl-1064-A2-R4_A2g00878	-1.62585060977315	0.00277383687612612
63	MvSl-1064-A2-R4_A2g00904	-6.2450902275997	1.09383990931084e-95
64	MvSl-1064-A2-R4_A2g01002	-0.915771026709129	0.00249684225895948
65	MvSl-1064-A2-R4_A2g01023	-1.28737638765573	0.00298694517786725
66	MvSl-1064-A2-R4_A2g01038	-0.612938083283137	0.017733536340977
67	MvSl-1064-A2-R4_A2g01086	-5.13970765247192	7.32909467566692e-29
68	MvSl-1064-A2-R4_A2g01089	-3.38146203417194	6.25550144303807e-08
69	MvSl-1064-A2-R4_A2g01108	-0.966159580308122	0.0126058581477783
70	MvSl-1064-A2-R4_A2g01112	-1.20000796927457	2.43067434883404e-09
71	MvSl-1064-A2-R4_A2g01153	-2.56565899455874	5.91815909286512e-24
72	MvSl-1064-A2-R4_A2g01165	-1.86454230587697	0.00311527006488062
73	MvSl-1064-A2-R4_A2g01172	-4.65439643260903	1.93321896397117e-15
74	MvSl-1064-A2-R4_A2g01190	-3.61820950449105	2.83224417802943e-10
75	MvSl-1064-A2-R4_A2g01213	-1.22439240555092	0.0148153360913764
76	MvSl-1064-A2-R4_A2g01227	-0.84016365731765	0.00012566475334848
77	MvSl-1064-A2-R4_A2g01252	-0.674924595519434	0.01189926286513
78	MvSl-1064-A2-R4_A2g01272	-1.15075936735866	0.00377514258128258
79	MvSl-1064-A2-R4_A2g01281	-1.19753971847781	0.00110030822040878
80	MvSl-1064-A2-R4_A2g01288	-0.751611511249633	0.00737209763824648
81	MvSl-1064-A2-R4_A2g01289	-2.39844280323174	3.96324774984959e-32
82	MvSl-1064-A2-R4_A2g01310	-1.58922278740235	3.68312391734906e-05
83	MvSl-1064-A2-R4_A2g01311	-2.62376512289777	4.85666604771975e-11
84	MvSl-1064-A2-R4_A2g01322	-0.536986708851647	0.013454583481077
85	MvSl-1064-A2-R4_A2g01366	-1.45426587349819	0.0180477322121056
86	MvSl-1064-A2-R4_A2g01379	-1.04804392370997	0.0379720222927454
87	MvSl-1064-A2-R4_A2g01391	-3.31895496761843	2.10552421526761e-07
88	MvSl-1064-A2-R4_A2g01392	-0.723013139791212	0.000906388716714587
89	MvSl-1064-A2-R4_A2g01417	-6.42456642250934	3.33010319365233e-22
90	MvSl-1064-A2-R4_A2g01426	-0.927356114530941	3.56369335140523e-05
91	MvSl-1064-A2-R4_A2g01442	-2.60655750169361	9.63104058914394e-06
92	MvSl-1064-A2-R4_A2g01476	-2.00348121835757	2.68487016346694e-08
93	MvSl-1064-A2-R4_A2g01494	-2.65006245200481	5.26610925854772e-08
94	MvSl-1064-A2-R4_A2g01506	-0.797391404161066	8.91361651336785e-05
95	MvSl-1064-A2-R4_A2g01507	-1.44322965623583	0.00772760553637317
96	MvSl-1064-A2-R4_A2g01529	-2.60655755209027	9.59418870440262e-06
97	MvSl-1064-A2-R4_A2g01534	-0.678128267981485	0.00358808381618019
98	MvSl-1064-A2-R4_A2g01564	-0.769616558428958	0.00141393035671599
99	MvSl-1064-A2-R4_A2g01566	-1.76735988481471	3.33307176977691e-13
100	MvSl-1064-A2-R4_A2g01571	-1.07040411570183	0.0475293896556546
101	MvSl-1064-A2-R4_A2g01587	-5.68548422340279	2.73012145942433e-14
102	MvSl-1064-A2-R4_A2g01589	-1.0954396611697	0.0330021403061366
103	MvSl-1064-A2-R4_A2g01590	-2.4589506691703	2.88046395892388e-06
104	MvSl-1064-A2-R4_A2g01593	-4.52729074179189	1.8127983909902e-11
105	MvSl-1064-A2-R4_A2g01595	-1.9776045441624	0.00054489440547679
106	MvSl-1064-A2-R4_A2g01616	-1.31197705486454	0.00352937822333666
107	MvSl-1064-A2-R4_A2g01642	-0.762976795260116	0.0172042956510783
108	MvSl-1064-A2-R4_A2g01651	-1.22036208305772	1.15821335741486e-06
109	MvSl-1064-A2-R4_A2g01702	-1.65479588140479	0.0066265123274272
110	MvSl-1064-A2-R4_A2g01703	-5.38567939290605	4.15198147579503e-11
111	MvSl-1064-A2-R4_A2g01715	-0.932579106419558	2.02155777477183e-05
112	MvSl-1064-A2-R4_A2g01717	-4.75902636855648	6.60241359410153e-11
113	MvSl-1064-A2-R4_A2g01753	-0.625164932514892	0.00278343853882825
114	MvSl-1064-A2-R4_A2g01761	-0.952259583669146	0.0277619994660191
115	MvSl-1064-A2-R4_A2g01762	-1.46288140715858	0.0112019347772236
116	MvSl-1064-A2-R4_A2g01763	-1.03738566510084	0.00767699343222819
117	MvSl-1064-A2-R4_A2g01797	-2.13260762357203	3.82234880575854e-07
118	MvSl-1064-A2-R4_A2g01810	-0.708658381262938	0.00219258539645367
119	MvSl-1064-A2-R4_C26g01892	-0.81995897953617	0.0193553818712658
120	MvSl-1064-A2-R4_C28g01908	-1.28633902328858	0.00719395180462664
121	MvSl-1064-A2-R4_C28g01909	-9.39600167454951	2.32950225712962e-17
122	MvSl-1064-A2-R4_C33g01957	-0.819958977863715	0.0193553818712658
123	MvSl-1064-A2-R4_MC01g02010	-0.823730871620601	0.00590025702153683
124	MvSl-1064-A2-R4_MC01g02038	-1.92470825696264	0.000140623646779453
125	MvSl-1064-A2-R4_MC01g02040	-4.87727748010688	2.81288918038525e-23
126	MvSl-1064-A2-R4_MC01g02041	-4.86737489532262	2.76661449765326e-28
127	MvSl-1064-A2-R4_MC01g02086	-0.94802989585214	6.10672907402459e-06
128	MvSl-1064-A2-R4_MC01g02095	-0.691507313600702	0.0373471557586497
129	MvSl-1064-A2-R4_MC01g02115	-2.75290587801993	1.63440686426645e-12
130	MvSl-1064-A2-R4_MC01g02117	-1.38776791226571	0.0151445794635081
131	MvSl-1064-A2-R4_MC01g02120	-5.10963949533257	1.27193475570873e-14
132	MvSl-1064-A2-R4_MC01g02121	-2.82069258098967	5.3225501937344e-22
133	MvSl-1064-A2-R4_MC01g02171	-1.21692068787889	1.96684084061804e-07
134	MvSl-1064-A2-R4_MC01g02173	-3.34578838259372	1.9039599780074e-43
135	MvSl-1064-A2-R4_MC01g02177	-0.804503688216338	0.00238925010639031
136	MvSl-1064-A2-R4_MC01g02192	-0.913645587007891	0.0224610082889924
137	MvSl-1064-A2-R4_MC01g02193	-0.741161612842374	0.000665682807175434
138	MvSl-1064-A2-R4_MC01g02197	-0.533095874313252	0.0372698391781601
139	MvSl-1064-A2-R4_MC01g02204	-1.2970434073362	4.40746389630527e-08
140	MvSl-1064-A2-R4_MC01g02215	-0.58113301384484	0.0274666667336409
141	MvSl-1064-A2-R4_MC01g02225	-0.788232690249525	0.00132769794152711
142	MvSl-1064-A2-R4_MC01g02248	-0.57705590527393	0.0369713741007711
143	MvSl-1064-A2-R4_MC01g02256	-0.719542226159427	0.00332136081646572
144	MvSl-1064-A2-R4_MC01g02283	-0.722099096509213	0.00165481406594811
145	MvSl-1064-A2-R4_MC01g02286	-4.73154097439529	4.45901985820856e-32
146	MvSl-1064-A2-R4_MC01g02292	-0.836666997285063	0.0106981073169829
147	MvSl-1064-A2-R4_MC01g02301	-0.820577494604899	0.000602873026319065
148	MvSl-1064-A2-R4_MC01g02307	-0.989475215668147	0.000404371892901302
149	MvSl-1064-A2-R4_MC01g02326	-1.2338253655149	1.0735809712031e-06
150	MvSl-1064-A2-R4_MC01g02335	-0.633372497743157	0.0044932182311447
151	MvSl-1064-A2-R4_MC01g02341	-1.30852951931161	9.66033076395277e-11
152	MvSl-1064-A2-R4_MC01g02349	-0.747691572280768	0.00154305966192243
153	MvSl-1064-A2-R4_MC01g02353	-0.760426817576918	0.0123618351040941
154	MvSl-1064-A2-R4_MC01g02363	-0.597847717997586	0.0167187891035863
155	MvSl-1064-A2-R4_MC01g02369	-0.694556639532654	0.0486256802217058
156	MvSl-1064-A2-R4_MC01g02370	-1.03377701714159	3.54949805631797e-05
157	MvSl-1064-A2-R4_MC01g02374	-0.774361799739238	0.000464355715945162
158	MvSl-1064-A2-R4_MC01g02403	-0.911510288323763	1.2431074209062e-05
159	MvSl-1064-A2-R4_MC01g02431	-1.1510473631849	5.45726425771839e-07
160	MvSl-1064-A2-R4_MC01g02438	-1.2959341601817	6.53467780942892e-10
161	MvSl-1064-A2-R4_MC01g02442	-3.90727066214219	3.16659026595931e-23
162	MvSl-1064-A2-R4_MC01g02458	-1.27847541929453	0.000976593108207575
163	MvSl-1064-A2-R4_MC01g02463	-0.843745726292189	2.80089719626294e-05
164	MvSl-1064-A2-R4_MC01g02471	-0.686786264884567	0.0447153074753963
165	MvSl-1064-A2-R4_MC01g02481	-0.928186732009602	0.00104034850455059
166	MvSl-1064-A2-R4_MC01g02484	-1.21229376345761	0.000187870590841692
167	MvSl-1064-A2-R4_MC01g02486	-1.06839993943673	7.32216285993342e-08
168	MvSl-1064-A2-R4_MC01g02494	-2.75067813521982	3.55330161974907e-16
169	MvSl-1064-A2-R4_MC01g02513	-0.515332657589467	0.0336280946462014
170	MvSl-1064-A2-R4_MC01g02514	-4.33094981833115	1.92620270612581e-26
171	MvSl-1064-A2-R4_MC01g02516	-0.517255601707512	0.0294305960543648
172	MvSl-1064-A2-R4_MC01g02524	-0.850789791110824	0.00444138336156879
173	MvSl-1064-A2-R4_MC01g02525	-0.878920575178646	0.000960050594252793
174	MvSl-1064-A2-R4_MC01g02526	-0.604403512196303	0.0155848190351977
175	MvSl-1064-A2-R4_MC01g02563	-0.937010454829573	2.5197614165892e-06
176	MvSl-1064-A2-R4_MC01g02581	-2.03048606798995	4.81757378919446e-11
177	MvSl-1064-A2-R4_MC01g02582	-2.63157725914114	0.00310969519023869
178	MvSl-1064-A2-R4_MC01g02587	-0.767989060529302	0.00129071367421703
179	MvSl-1064-A2-R4_MC01g02593	-0.655322359046484	0.0158817825158814
180	MvSl-1064-A2-R4_MC01g02594	-0.837283325635429	0.00716809542116579
181	MvSl-1064-A2-R4_MC01g02616	-1.16463544702246	6.05453572815905e-05
182	MvSl-1064-A2-R4_MC01g02620	-0.829762372138921	0.000487868041640707
183	MvSl-1064-A2-R4_MC01g02631	-0.794100715064549	0.00132396343279662
184	MvSl-1064-A2-R4_MC01g02639	-0.864093998345432	3.54995877568477e-05
185	MvSl-1064-A2-R4_MC01g02645	-0.541793327610009	0.0193328801379038
186	MvSl-1064-A2-R4_MC01g02654	-0.644495797922301	0.0197246732895784
187	MvSl-1064-A2-R4_MC01g02703	-0.733762719884259	0.00110125773266226
188	MvSl-1064-A2-R4_MC01g02715	-0.807858675977448	0.000806176145324381
189	MvSl-1064-A2-R4_MC01g02747	-0.80448586970648	0.0391232567861147
190	MvSl-1064-A2-R4_MC01g02758	-1.79826921917772	2.59342733041519e-11
191	MvSl-1064-A2-R4_MC01g02766	-1.25019683246278	2.07429317446948e-10
192	MvSl-1064-A2-R4_MC01g02805	-0.803243134104212	0.000738436306889904
193	MvSl-1064-A2-R4_MC01g02813	-0.634888818548937	0.0145983783083725
194	MvSl-1064-A2-R4_MC01g02821	-0.546811336262698	0.0163363298141585
195	MvSl-1064-A2-R4_MC01g02827	-0.984844370729512	1.04480044931157e-05
196	MvSl-1064-A2-R4_MC01g02829	-1.31182264873414	0.0341056832217134
197	MvSl-1064-A2-R4_MC01g02838	-0.462049649302546	0.047132913992196
198	MvSl-1064-A2-R4_MC01g02847	-2.84620669497292	4.99088256836724e-13
199	MvSl-1064-A2-R4_MC01g02851	-2.08470391961113	9.64564842021396e-14
200	MvSl-1064-A2-R4_MC01g02852	-1.61497901922458	1.74892884387325e-14
201	MvSl-1064-A2-R4_MC01g02854	-0.611307628395632	0.0170307202205701
202	MvSl-1064-A2-R4_MC01g02858	-0.534911527075572	0.0283714679493187
203	MvSl-1064-A2-R4_MC01g02859	-1.10596142608907	7.13920713773385e-05
204	MvSl-1064-A2-R4_MC01g02884	-0.629484062621251	0.00385150384124119
205	MvSl-1064-A2-R4_MC01g02885	-1.60436877480698	4.52324108068972e-05
206	MvSl-1064-A2-R4_MC01g02891	-0.848477249991553	0.00113032591710075
207	MvSl-1064-A2-R4_MC01g02907	-0.671003541028535	0.0238734371196
208	MvSl-1064-A2-R4_MC01g02910	-0.710800972197295	0.0359671731733046
209	MvSl-1064-A2-R4_MC01g02912	-0.51336143585836	0.0204481139687278
210	MvSl-1064-A2-R4_MC01g02916	-1.96309202054321	2.25702676107547e-07
211	MvSl-1064-A2-R4_MC01g02937	-1.10881120953107	3.72429212477285e-06
212	MvSl-1064-A2-R4_MC01g02940	-3.6713863338786	3.02175025810934e-28
213	MvSl-1064-A2-R4_MC01g02943	-1.10609453692701	5.12487536902169e-08
214	MvSl-1064-A2-R4_MC01g02947	-0.558296129537711	0.0469333221324174
215	MvSl-1064-A2-R4_MC01g02960	-0.77979449496844	0.00128922693610945
216	MvSl-1064-A2-R4_MC01g02963	-0.819653756744702	0.00345963261282546
217	MvSl-1064-A2-R4_MC01g02970	-0.617658590454719	0.0475303438053496
218	MvSl-1064-A2-R4_MC01g02971	-0.637647027123994	0.00567330490686779
219	MvSl-1064-A2-R4_MC01g02976	-0.534362408735683	0.0151070937334676
220	MvSl-1064-A2-R4_MC01g02984	-0.650583976877963	0.00318006203437935
221	MvSl-1064-A2-R4_MC01g02990	-6.05033512400594	5.19187408362307e-22
222	MvSl-1064-A2-R4_MC01g02993	-1.49021634851212	9.84818170943798e-10
223	MvSl-1064-A2-R4_MC01g02994	-2.22754863905131	3.93126938997809e-25
224	MvSl-1064-A2-R4_MC01g02995	-1.64497800264541	2.36129097831848e-14
225	MvSl-1064-A2-R4_MC01g03012	-1.25385082158936	4.71570605405629e-08
226	MvSl-1064-A2-R4_MC01g03015	-1.4224796974536	3.29766552660404e-07
227	MvSl-1064-A2-R4_MC01g03018	-1.58268398093193	0.000206013348149939
228	MvSl-1064-A2-R4_MC01g03019	-1.52764524200928	2.41447733711623e-05
229	MvSl-1064-A2-R4_MC01g03032	-1.18722222019458	0.000228545901954122
230	MvSl-1064-A2-R4_MC01g03038	-0.615314102656436	0.00860118343746708
231	MvSl-1064-A2-R4_MC01g03044	-1.27082523895823	1.03910916620543e-06
232	MvSl-1064-A2-R4_MC01g03052	-0.544763094236151	0.0314522005684901
233	MvSl-1064-A2-R4_MC01g03068	-0.739536874934224	0.000431448438168217
234	MvSl-1064-A2-R4_MC01g03071	-7.45603633703235	5.96350161777478e-20
235	MvSl-1064-A2-R4_MC01g03094	-0.535810632081659	0.0395261491584029
236	MvSl-1064-A2-R4_MC01g03121	-1.12635815475355	0.00857405252872558
237	MvSl-1064-A2-R4_MC01g03134	-2.15584871054694	3.06794794761118e-06
238	MvSl-1064-A2-R4_MC01g03146	-0.654642352532582	0.00880726991186547
239	MvSl-1064-A2-R4_MC01g03179	-5.14447099994915	3.81405030238584e-09
240	MvSl-1064-A2-R4_MC01g03236	-10.247168049865	7.44855944091678e-25
241	MvSl-1064-A2-R4_MC01g03249	-1.49053005703574	5.64460130040097e-09
242	MvSl-1064-A2-R4_MC01g03328	-0.637298863319598	0.0175749379125555
243	MvSl-1064-A2-R4_MC01g03341	-0.615745472354165	0.038185276575375
244	MvSl-1064-A2-R4_MC01g03357	-0.664531550222479	0.0120974533723546
245	MvSl-1064-A2-R4_MC01g03371	-0.738853818932826	0.0127842269875726
246	MvSl-1064-A2-R4_MC01g03373	-0.738853658255234	0.0128280543481675
247	MvSl-1064-A2-R4_MC01g03407	-0.487957625610885	0.0480794829746426
248	MvSl-1064-A2-R4_MC01g03413	-0.511896730567812	0.0203641286394489
249	MvSl-1064-A2-R4_MC01g03415	-0.556055830251786	0.00889767384199085
250	MvSl-1064-A2-R4_MC01g03421	-0.52733978077384	0.0416363767409718
251	MvSl-1064-A2-R4_MC01g03429	-0.984241053513903	0.000761426885203381
252	MvSl-1064-A2-R4_MC01g03451	-0.685710801840294	0.00550827545623732
253	MvSl-1064-A2-R4_MC01g03456	-0.819958974048411	0.0193661201195623
254	MvSl-1064-A2-R4_MC02g03520	-0.77632815463364	0.0020090414263632
255	MvSl-1064-A2-R4_MC02g03523	-0.548384539373318	0.0196025027809368
256	MvSl-1064-A2-R4_MC02g03538	-1.29713569702572	0.000102150709409823
257	MvSl-1064-A2-R4_MC02g03543	-1.60569028958383	7.22012522193033e-14
258	MvSl-1064-A2-R4_MC02g03544	-0.836557873493854	0.00725247833988985
259	MvSl-1064-A2-R4_MC02g03585	-0.679110559087443	0.00194263827418435
260	MvSl-1064-A2-R4_MC02g03616	-0.456875102221543	0.0477988386868714
261	MvSl-1064-A2-R4_MC02g03619	-1.26045229146593	2.80242020070146e-08
262	MvSl-1064-A2-R4_MC02g03620	-1.55704026761751	1.69231418133386e-11
263	MvSl-1064-A2-R4_MC02g03621	-1.71403286123474	1.37871689438217e-12
264	MvSl-1064-A2-R4_MC02g03623	-0.606627884171539	0.00974092435126058
265	MvSl-1064-A2-R4_MC02g03630	-0.925406185466706	0.0486736935632075
266	MvSl-1064-A2-R4_MC02g03636	-0.62241000128009	0.0314282667899546
267	MvSl-1064-A2-R4_MC02g03647	-0.631651126918318	0.0424094993873376
268	MvSl-1064-A2-R4_MC02g03661	-0.828145340207544	0.000124841526966637
269	MvSl-1064-A2-R4_MC02g03672	-0.954583770911401	0.0489323591067677
270	MvSl-1064-A2-R4_MC02g03705	-8.07665957858277	9.89856823563401e-37
271	MvSl-1064-A2-R4_MC02g03708	-3.88332037174529	8.12032436877111e-06
272	MvSl-1064-A2-R4_MC02g03719	-4.75988309249133	2.16735578799883e-14
273	MvSl-1064-A2-R4_MC02g03731	-8.54349959941695	1.18813026799317e-25
274	MvSl-1064-A2-R4_MC02g03758	-0.600529661686444	0.0474716085705351
275	MvSl-1064-A2-R4_MC02g03763	-7.35902875450597	2.46204520505395e-113
276	MvSl-1064-A2-R4_MC02g03764	-1.41459503928858	1.41358615393056e-08
277	MvSl-1064-A2-R4_MC02g03788	-1.22225411404834	1.5652656250038e-08
278	MvSl-1064-A2-R4_MC02g03796	-1.23761515748759	7.65154714187002e-05
279	MvSl-1064-A2-R4_MC02g03811	-0.870474549083099	0.0314651963073914
280	MvSl-1064-A2-R4_MC02g03835	-0.8452918724692	0.0197249228267977
281	MvSl-1064-A2-R4_MC02g03847	-0.741550787222419	0.00576683140576176
282	MvSl-1064-A2-R4_MC02g03858	-1.16451716195006	0.000100878128504502
283	MvSl-1064-A2-R4_MC02g03859	-0.628686992344491	0.0461148580984308
284	MvSl-1064-A2-R4_MC02g03862	-3.23060604410632	6.56159622901973e-21
285	MvSl-1064-A2-R4_MC02g03881	-0.562661272736788	0.0410995805119059
286	MvSl-1064-A2-R4_MC02g03888	-1.31669800751992	1.45056497405698e-10
287	MvSl-1064-A2-R4_MC02g03904	-0.712687649706128	0.0018365964454476
288	MvSl-1064-A2-R4_MC02g03915	-0.634399046330698	0.0126859680218143
289	MvSl-1064-A2-R4_MC02g03916	-1.45615546948672	7.79902300470398e-05
290	MvSl-1064-A2-R4_MC02g03952	-2.96311384057144	3.50734100986129e-18
291	MvSl-1064-A2-R4_MC02g03957	-1.02974147530251	7.50586803471432e-05
292	MvSl-1064-A2-R4_MC02g03985	-0.556932952963438	0.0221380203762818
293	MvSl-1064-A2-R4_MC02g03986	-2.38090896794941	4.33718416185758e-15
294	MvSl-1064-A2-R4_MC02g03988	-0.567768896653171	0.0327905176525116
295	MvSl-1064-A2-R4_MC02g03989	-0.539420997521038	0.0286713965862735
296	MvSl-1064-A2-R4_MC02g04003	-0.570020617561133	0.0350981510550685
297	MvSl-1064-A2-R4_MC02g04006	-1.08129920701271	0.0034355050723238
298	MvSl-1064-A2-R4_MC02g04012	-0.954995962757128	0.000217962063623513
299	MvSl-1064-A2-R4_MC02g04016	-0.701407632541657	0.00124266256190333
300	MvSl-1064-A2-R4_MC02g04020	-0.889125801510612	1.25511685107837e-05
301	MvSl-1064-A2-R4_MC02g04029	-0.605024395832239	0.00399231066833564
302	MvSl-1064-A2-R4_MC02g04058	-2.12685323316411	2.20763579452407e-07
303	MvSl-1064-A2-R4_MC02g04059	-2.51389627460754	5.64329682650542e-20
304	MvSl-1064-A2-R4_MC02g04076	-2.47405862355081	5.98439154626323e-12
305	MvSl-1064-A2-R4_MC02g04080	-1.97132582109512	0.00662445267847634
306	MvSl-1064-A2-R4_MC02g04094	-0.65999242510463	0.00340508865206981
307	MvSl-1064-A2-R4_MC02g04109	-0.501005602386579	0.0222615315845778
308	MvSl-1064-A2-R4_MC02g04123	-0.7963619317935	0.000474866027286436
309	MvSl-1064-A2-R4_MC02g04124	-0.769832576641612	0.00426204493502636
310	MvSl-1064-A2-R4_MC02g04134	-1.52085668063494	2.25321274536425e-08
311	MvSl-1064-A2-R4_MC02g04142	-1.25754295604293	2.87649565251175e-09
312	MvSl-1064-A2-R4_MC02g04173	-2.31083499652732	3.06767598553187e-13
313	MvSl-1064-A2-R4_MC02g04175	-0.539958669380854	0.0204421948159137
314	MvSl-1064-A2-R4_MC02g04185	-0.848258277517593	0.0055559651820344
315	MvSl-1064-A2-R4_MC02g04190	-0.55877080195502	0.0090019434486178
316	MvSl-1064-A2-R4_MC02g04193	-1.43866442582525	1.71809033360844e-07
317	MvSl-1064-A2-R4_MC02g04199	-0.601543834416932	0.0404065585853597
318	MvSl-1064-A2-R4_MC02g04205	-5.37791287345936	4.81744647841313e-50
319	MvSl-1064-A2-R4_MC02g04222	-1.16123203059968	1.33675336235042e-07
320	MvSl-1064-A2-R4_MC02g04223	-4.14590919316844	3.10301150236981e-52
321	MvSl-1064-A2-R4_MC02g04226	-0.767060766170742	0.0223434700186729
322	MvSl-1064-A2-R4_MC02g04230	-1.6695626275648	1.17522274980234e-10
323	MvSl-1064-A2-R4_MC02g04233	-0.566343224841528	0.0346965431684956
324	MvSl-1064-A2-R4_MC02g04237	-0.790190761763553	0.00859899714101296
325	MvSl-1064-A2-R4_MC02g04238	-0.820965534329622	0.000246720904917053
326	MvSl-1064-A2-R4_MC02g04243	-0.603399698702079	0.00940290637740067
327	MvSl-1064-A2-R4_MC02g04248	-1.56435970007303	2.22251220847286e-05
328	MvSl-1064-A2-R4_MC02g04254	-0.573199514072564	0.0451072865687833
329	MvSl-1064-A2-R4_MC02g04255	-1.15339367615911	0.00310239610537634
330	MvSl-1064-A2-R4_MC02g04269	-0.864095952839774	1.41560859105791e-05
331	MvSl-1064-A2-R4_MC02g04271	-0.680497028000664	0.00412474148585614
332	MvSl-1064-A2-R4_MC02g04278	-1.16213793766714	0.00219258539645367
333	MvSl-1064-A2-R4_MC02g04284	-0.578788423838675	0.0158918459616778
334	MvSl-1064-A2-R4_MC02g04294	-2.16821525413877	7.65234857575072e-20
335	MvSl-1064-A2-R4_MC02g04295	-1.55437942396148	0.00158767630922099
336	MvSl-1064-A2-R4_MC02g04297	-0.645800702846354	0.00322437821608012
337	MvSl-1064-A2-R4_MC02g04298	-0.668079240653199	0.00789033583241999
338	MvSl-1064-A2-R4_MC02g04308	-0.996325606000326	1.15263556792148e-06
339	MvSl-1064-A2-R4_MC02g04309	-0.812098913815721	0.000732663881916023
340	MvSl-1064-A2-R4_MC02g04329	-0.566879235211579	0.00886925565377233
341	MvSl-1064-A2-R4_MC02g04331	-0.64544419319352	0.0205366666769721
342	MvSl-1064-A2-R4_MC02g04356	-1.07847927472068	0.0198814229546709
343	MvSl-1064-A2-R4_MC02g04368	-4.43601401894066	4.9330652042929e-27
344	MvSl-1064-A2-R4_MC02g04369	-1.69282648711862	3.75023257445277e-10
345	MvSl-1064-A2-R4_MC02g04370	-0.857442604336606	0.000367263864243537
346	MvSl-1064-A2-R4_MC02g04374	-0.520283387405933	0.0285834820304044
347	MvSl-1064-A2-R4_MC02g04379	-0.783744116831428	0.0121080795983328
348	MvSl-1064-A2-R4_MC02g04380	-0.860708851246624	0.000273040279964272
349	MvSl-1064-A2-R4_MC02g04392	-1.82708533818107	3.00883258785541e-09
350	MvSl-1064-A2-R4_MC02g04401	-1.26455496621613	0.00857906052139992
351	MvSl-1064-A2-R4_MC02g04403	-0.826128196434075	0.0205010774639628
352	MvSl-1064-A2-R4_MC02g04408	-1.66366627591242	6.20288507087202e-14
353	MvSl-1064-A2-R4_MC02g04410	-1.20412601839342	0.000558106405861961
354	MvSl-1064-A2-R4_MC02g04417	-0.604603481907644	0.00427078795885561
355	MvSl-1064-A2-R4_MC02g04419	-1.536428806761	3.74534560257191e-15
356	MvSl-1064-A2-R4_MC02g04428	-0.635931146619054	0.00324775557549857
357	MvSl-1064-A2-R4_MC02g04459	-1.05450645703953	0.00197820140448119
358	MvSl-1064-A2-R4_MC02g04463	-0.874062468216771	0.00399231066833564
359	MvSl-1064-A2-R4_MC02g04465	-0.774121745132326	0.00160230948975502
360	MvSl-1064-A2-R4_MC02g04470	-4.20068172306443	2.99101982008796e-15
361	MvSl-1064-A2-R4_MC02g04472	-1.29100032339021	3.47261476859329e-05
362	MvSl-1064-A2-R4_MC02g04475	-1.52444208002157	9.06679677138567e-05
363	MvSl-1064-A2-R4_MC02g04476	-1.47675006538188	0.000310783120976562
364	MvSl-1064-A2-R4_MC02g04478	-1.58518224903033	1.24693447115724e-13
365	MvSl-1064-A2-R4_MC02g04479	-1.86994926465959	1.27512976673296e-06
366	MvSl-1064-A2-R4_MC02g04480	-6.39837061242675	1.03347184649847e-37
367	MvSl-1064-A2-R4_MC02g04483	-1.15307260183537	0.00560122989218684
368	MvSl-1064-A2-R4_MC02g04495	-1.34095406407455	4.6793507140242e-06
369	MvSl-1064-A2-R4_MC02g04496	-1.09798868448228	1.32673023424302e-07
370	MvSl-1064-A2-R4_MC02g04497	-1.51699302150308	4.21703402520979e-05
371	MvSl-1064-A2-R4_MC02g04498	-1.77640804866885	2.32646807204986e-05
372	MvSl-1064-A2-R4_MC02g04502	-4.21943583477607	3.97269464185233e-36
373	MvSl-1064-A2-R4_MC02g04515	-1.24768595297345	0.0270837557417553
374	MvSl-1064-A2-R4_MC02g04539	-1.24768671211882	0.0270403068816081
375	MvSl-1064-A2-R4_MC03g04561	-0.87327389797156	0.0157286985344728
376	MvSl-1064-A2-R4_MC03g04570	-1.116351817771	3.3816657837739e-06
377	MvSl-1064-A2-R4_MC03g04575	-1.04912287851796	0.000839939324114564
378	MvSl-1064-A2-R4_MC03g04579	-0.707848786711164	0.00167054777127302
379	MvSl-1064-A2-R4_MC03g04582	-0.872292414839788	0.00234724848864978
380	MvSl-1064-A2-R4_MC03g04597	-0.575148909945756	0.0419315420168899
381	MvSl-1064-A2-R4_MC03g04603	-0.975685357638465	0.0305483782035717
382	MvSl-1064-A2-R4_MC03g04608	-0.798759294615327	0.0027833523520847
383	MvSl-1064-A2-R4_MC03g04639	-1.74552686211923	4.99088256836724e-13
384	MvSl-1064-A2-R4_MC03g04645	-1.54421018811539	5.69561216761967e-08
385	MvSl-1064-A2-R4_MC03g04668	-0.626146348041085	0.0402275817896535
386	MvSl-1064-A2-R4_MC03g04674	-1.11737743063868	0.00940567503917006
387	MvSl-1064-A2-R4_MC03g04678	-0.691334033475372	0.00738880120672231
388	MvSl-1064-A2-R4_MC03g04696	-0.868037501803174	0.000578884571414354
389	MvSl-1064-A2-R4_MC03g04714	-0.707811649092291	0.0164907309770434
390	MvSl-1064-A2-R4_MC03g04717	-1.11373488931302	0.00171701956307381
391	MvSl-1064-A2-R4_MC03g04726	-1.08794263189183	1.08545048684616e-06
392	MvSl-1064-A2-R4_MC03g04727	-0.985690032410247	0.000788939231198075
393	MvSl-1064-A2-R4_MC03g04740	-2.83291462103494	1.73787695842324e-14
394	MvSl-1064-A2-R4_MC03g04750	-0.730110984238484	0.0105081372356609
395	MvSl-1064-A2-R4_MC03g04795	-0.460728723110483	0.0471111225945071
396	MvSl-1064-A2-R4_MC03g04825	-0.736982484867182	0.0264886625750118
397	MvSl-1064-A2-R4_MC03g04826	-0.950901589781763	0.00120053792045866
398	MvSl-1064-A2-R4_MC03g04837	-0.56510302597628	0.0274155166118268
399	MvSl-1064-A2-R4_MC03g04852	-0.64823684689023	0.00798057393367701
400	MvSl-1064-A2-R4_MC03g04855	-0.709630622942488	0.0041822910337
401	MvSl-1064-A2-R4_MC03g04875	-0.543015486934029	0.0382627155459594
402	MvSl-1064-A2-R4_MC03g04877	-0.48755868949597	0.0260144675546591
403	MvSl-1064-A2-R4_MC03g04899	-0.624639759449833	0.00635522987570857
404	MvSl-1064-A2-R4_MC03g04936	-2.65588434764357	1.39195234158599e-09
405	MvSl-1064-A2-R4_MC03g04943	-0.571232893519759	0.0260144675546591
406	MvSl-1064-A2-R4_MC03g04959	-1.5503414956566	9.53724511840178e-06
407	MvSl-1064-A2-R4_MC03g04968	-1.34325229290558	0.00377211079310349
408	MvSl-1064-A2-R4_MC03g04972	-1.34375087775792	1.83350281304492e-05
409	MvSl-1064-A2-R4_MC03g04976	-1.16922923644346	9.47857810734676e-05
410	MvSl-1064-A2-R4_MC03g05003	-0.858979017272259	0.0034654237705449
411	MvSl-1064-A2-R4_MC03g05015	-1.7251044688876	1.83184109941549e-06
412	MvSl-1064-A2-R4_MC03g05016	-2.42020664898243	2.76011704646447e-13
413	MvSl-1064-A2-R4_MC03g05017	-1.61228808254109	2.39038256582792e-06
414	MvSl-1064-A2-R4_MC03g05025	-0.750097556644746	0.0146872208491963
415	MvSl-1064-A2-R4_MC03g05039	-0.859049967732815	0.0012711184274825
416	MvSl-1064-A2-R4_MC03g05051	-0.739078631343888	0.0155072021653768
417	MvSl-1064-A2-R4_MC03g05087	-0.719440381005442	0.00299658528568037
418	MvSl-1064-A2-R4_MC03g05088	-0.749338875278935	0.00355449153253685
419	MvSl-1064-A2-R4_MC03g05105	-0.627271839235203	0.0187414169867089
420	MvSl-1064-A2-R4_MC03g05107	-0.883984455777624	4.74911566557805e-05
421	MvSl-1064-A2-R4_MC03g05112	-1.06271079712505	0.000162967707856905
422	MvSl-1064-A2-R4_MC03g05117	-2.04026086040106	1.17256158426942e-19
423	MvSl-1064-A2-R4_MC03g05125	-1.29695487270847	0.0448252228842188
424	MvSl-1064-A2-R4_MC03g05126	-1.03071134278508	2.50977462385491e-06
425	MvSl-1064-A2-R4_MC03g05151	-0.694396787333688	0.0065277683173564
426	MvSl-1064-A2-R4_MC03g05164	-1.13619660618128	0.000207847704129349
427	MvSl-1064-A2-R4_MC03g05173	-1.17401762495427	6.05453572815905e-05
428	MvSl-1064-A2-R4_MC03g05197	-0.66559212226714	0.0197246732895784
429	MvSl-1064-A2-R4_MC03g05202	-6.28147471633543	4.39490871585017e-68
430	MvSl-1064-A2-R4_MC03g05214	-1.22200062139503	0.000168551385134824
431	MvSl-1064-A2-R4_MC03g05238	-0.774321288463655	0.0496283130851256
432	MvSl-1064-A2-R4_MC03g05252	-1.54058214021482	1.41350997638316e-11
433	MvSl-1064-A2-R4_MC03g05280	-1.24143746897996	2.39892974188736e-07
434	MvSl-1064-A2-R4_MC03g05282	-0.798670879628791	0.000499174379328976
435	MvSl-1064-A2-R4_MC03g05287	-0.450359735425772	0.0469333221324174
436	MvSl-1064-A2-R4_MC03g05301	-0.818289671762746	0.0219342056979545
437	MvSl-1064-A2-R4_MC03g05315	-0.88837340603346	0.0157799364839829
438	MvSl-1064-A2-R4_MC03g05329	-1.02497009727293	0.000561797523697537
439	MvSl-1064-A2-R4_MC03g05349	-0.56556684840712	0.0314522005684901
440	MvSl-1064-A2-R4_MC03g05350	-0.694019695784471	0.0106501322781011
441	MvSl-1064-A2-R4_MC03g05364	-1.15848445529602	0.0138918019984253
442	MvSl-1064-A2-R4_MC03g05380	-2.6526645558878	3.10463038387701e-26
443	MvSl-1064-A2-R4_MC03g05383	-1.17918124146167	0.00157257837140707
444	MvSl-1064-A2-R4_MC03g05384	-1.47340340075372	0.0201164535819616
445	MvSl-1064-A2-R4_MC03g05385	-0.836087522903127	0.0397641709656477
446	MvSl-1064-A2-R4_MC03g05387	-2.12449008776661	0.00865491370678395
447	MvSl-1064-A2-R4_MC03g05399	-0.895783975776245	4.36368785380478e-05
448	MvSl-1064-A2-R4_MC03g05414	-0.793031332151926	0.0161374601373788
449	MvSl-1064-A2-R4_MC03g05421	-0.549074010236866	0.0333237892893026
450	MvSl-1064-A2-R4_MC03g05422	-0.809083479159895	0.0434551338380135
451	MvSl-1064-A2-R4_MC03g05430	-0.623768247541673	0.00794116135979485
452	MvSl-1064-A2-R4_MC03g05435	-0.869407138711934	0.0202949315008529
453	MvSl-1064-A2-R4_MC03g05440	-3.50381975370519	5.37858617640073e-17
454	MvSl-1064-A2-R4_MC03g05441	-1.70769547431442	1.67415821746007e-09
455	MvSl-1064-A2-R4_MC03g05442	-1.67767268177569	1.02247634808141e-05
456	MvSl-1064-A2-R4_MC03g05447	-0.693399139902989	0.0274129667392792
457	MvSl-1064-A2-R4_MC03g05453	-2.02748748958676	4.70213211506128e-06
458	MvSl-1064-A2-R4_MC03g05481	-0.750599115505123	0.0087144192042556
459	MvSl-1064-A2-R4_MC03g05483	-0.750599139401319	0.00870576883163021
460	MvSl-1064-A2-R4_MC03g05519	-0.948136648350864	6.38735803043978e-05
461	MvSl-1064-A2-R4_MC03g05527	-0.917828978854723	7.48650298391769e-05
462	MvSl-1064-A2-R4_MC03g05529	-0.805360214373944	0.000471160237296944
463	MvSl-1064-A2-R4_MC03g05535	-0.581208311506573	0.0150315159203058
464	MvSl-1064-A2-R4_MC03g05539	-0.638295487979334	0.00313134138550285
465	MvSl-1064-A2-R4_MC04-1g05560	-0.778014587871439	0.0219573415574432
466	MvSl-1064-A2-R4_MC04-1g05561	-0.721104859433105	0.0379720222927454
467	MvSl-1064-A2-R4_MC04-1g05564	-1.01578085315223	1.2034623672301e-05
468	MvSl-1064-A2-R4_MC04-1g05566	-0.670988626951387	0.0478707519896226
469	MvSl-1064-A2-R4_MC04-1g05573	-0.805966467231415	0.00165111916995951
470	MvSl-1064-A2-R4_MC04-1g05581	-8.78214635323954	3.36542182323722e-30
471	MvSl-1064-A2-R4_MC04-1g05596	-1.58531078119242	0.00634161879171517
472	MvSl-1064-A2-R4_MC04-1g05605	-0.679717023134063	0.0036628267932693
473	MvSl-1064-A2-R4_MC04-1g05721	-1.06264136257102	0.0125441819830792
474	MvSl-1064-A2-R4_MC04-1g05724	-0.692892366509403	0.0260144675546591
475	MvSl-1064-A2-R4_MC04-1g05738	-0.737126243532478	0.0436280409793471
476	MvSl-1064-A2-R4_MC04-1g05742	-0.828474299294175	0.00208898988815623
477	MvSl-1064-A2-R4_MC04-1g05745	-2.31498794645939	3.20213005798276e-09
478	MvSl-1064-A2-R4_MC04-1g05747	-0.935942885582337	0.00187271628183147
479	MvSl-1064-A2-R4_MC04-1g05764	-0.617205341679768	0.0187984825583229
480	MvSl-1064-A2-R4_MC04-1g05768	-1.14292592199818	2.24815997890577e-06
481	MvSl-1064-A2-R4_MC04-1g05773	-0.922285601996576	0.00295628798879346
482	MvSl-1064-A2-R4_MC04-1g05781	-0.819073816529505	0.0021137653195576
483	MvSl-1064-A2-R4_MC04-1g05847	-2.0739395163688	0.000107202319241615
484	MvSl-1064-A2-R4_MC04-1g05861	-1.07197944839659	2.70108696818423e-05
485	MvSl-1064-A2-R4_MC04-1g05868	-0.69254519428399	0.00754319718356033
486	MvSl-1064-A2-R4_MC04-1g05899	-0.56970575990853	0.0252751117945038
487	MvSl-1064-A2-R4_MC04-1g05908	-2.21203779284745	4.9175198266016e-16
488	MvSl-1064-A2-R4_MC04-1g05940	-0.803251942118871	0.0096124261101229
489	MvSl-1064-A2-R4_MC04-1g05988	-3.76762067436493	1.45104591437498e-19
490	MvSl-1064-A2-R4_MC04-1g05999	-0.759630621517881	0.0101875989401138
491	MvSl-1064-A2-R4_MC04-1g06020	-0.992506373238655	1.51833520203426e-05
492	MvSl-1064-A2-R4_MC04-1g06025	-4.56128391631749	8.4274187340143e-36
493	MvSl-1064-A2-R4_MC04-1g06026	-0.518841595213102	0.0309450764587368
494	MvSl-1064-A2-R4_MC04-1g06040	-4.22742738900697	1.37050739281577e-10
495	MvSl-1064-A2-R4_MC04-1g06077	-1.45111400725291	1.0233988427717e-08
496	MvSl-1064-A2-R4_MC04-1g06086	-10.5077441210956	5.56820462850881e-179
497	MvSl-1064-A2-R4_MC04-1g06091	-0.808532947976994	0.00235547989360408
498	MvSl-1064-A2-R4_MC04-1g06110	-1.50136111139335	0.00138073324993103
499	MvSl-1064-A2-R4_MC04-1g06112	-1.46536286077438	0.00102492855762083
500	MvSl-1064-A2-R4_MC04-1g06130	-0.657098755628628	0.00138593780823057
501	MvSl-1064-A2-R4_MC04-1g06137	-2.33734971462302	2.52621737441864e-12
502	MvSl-1064-A2-R4_MC04-1g06141	-0.987850746609483	0.000838268998354641
503	MvSl-1064-A2-R4_MC04-1g06142	-0.67970469933765	0.0192224412278032
504	MvSl-1064-A2-R4_MC04-1g06156	-0.551196463428827	0.0214429966165387
505	MvSl-1064-A2-R4_MC04-1g06171	-0.717687338290659	0.00672514784402006
506	MvSl-1064-A2-R4_MC04-1g06177	-0.717687324336497	0.00672514784402006
507	MvSl-1064-A2-R4_MC04-1g06184	-2.60301828884367	1.33470136958475e-16
508	MvSl-1064-A2-R4_MC04-1g06190	-0.753890061346754	0.000260138893659031
509	MvSl-1064-A2-R4_MC04-2g06285	-0.957174230125359	0.0081454506010779
510	MvSl-1064-A2-R4_MC04-2g06291	-0.658296688860867	0.0018504749228523
511	MvSl-1064-A2-R4_MC04-2g06308	-2.29482828710847	6.14555699452943e-11
512	MvSl-1064-A2-R4_MC04-2g06330	-1.28349267800525	1.32888088267282e-06
513	MvSl-1064-A2-R4_MC04-2g06331	-4.6563106496545	7.02140483752832e-12
514	MvSl-1064-A2-R4_MC04-2g06342	-0.933288369152359	0.000432366197539615
515	MvSl-1064-A2-R4_MC04-2g06358	-3.73076706798031	6.23211540988912e-10
516	MvSl-1064-A2-R4_MC04-2g06374	-2.01704121628854	8.08151899848183e-06
517	MvSl-1064-A2-R4_MC04-2g06375	-1.46322914356764	0.0410778657177229
518	MvSl-1064-A2-R4_MC05g06406	-0.46003067161927	0.0452176688688218
519	MvSl-1064-A2-R4_MC05g06420	-0.80980289388257	0.000367937056149159
520	MvSl-1064-A2-R4_MC05g06443	-0.593462373426735	0.00532072886268597
521	MvSl-1064-A2-R4_MC05g06456	-1.19841578055501	0.000460922240714607
522	MvSl-1064-A2-R4_MC05g06461	-2.53587535202672	8.41580007286494e-29
523	MvSl-1064-A2-R4_MC05g06484	-1.39509014523341	6.22866969779556e-05
524	MvSl-1064-A2-R4_MC05g06489	-0.823176138907712	0.000148712022393847
525	MvSl-1064-A2-R4_MC05g06495	-2.83303667128742	4.16637368982976e-27
526	MvSl-1064-A2-R4_MC05g06513	-1.69039960800875	2.26431833408501e-11
527	MvSl-1064-A2-R4_MC05g06522	-1.16086830286793	6.43184027243253e-07
528	MvSl-1064-A2-R4_MC05g06538	-2.62241782340747	1.13411925355374e-06
529	MvSl-1064-A2-R4_MC05g06607	-0.797996797444013	0.0454419480779459
530	MvSl-1064-A2-R4_MC05g06610	-1.71136745427417	0.00461561442027319
531	MvSl-1064-A2-R4_MC05g06649	-1.10646842084057	0.00173288557337047
532	MvSl-1064-A2-R4_MC05g06674	-0.601397140397931	0.0109154808610547
533	MvSl-1064-A2-R4_MC05g06694	-2.08878693136959	1.03967368381796e-09
534	MvSl-1064-A2-R4_MC05g06699	-1.03876363209172	0.0109180410966976
535	MvSl-1064-A2-R4_MC05g06703	-0.696645883216363	0.0446013651924264
536	MvSl-1064-A2-R4_MC05g06706	-1.24340799506658	0.0019986971544364
537	MvSl-1064-A2-R4_MC05g06728	-1.80174789614811	1.73202992729172e-13
538	MvSl-1064-A2-R4_MC05g06730	-0.689482520665253	0.0472518804072205
539	MvSl-1064-A2-R4_MC05g06744	-0.581613411861896	0.03334379003919
540	MvSl-1064-A2-R4_MC05g06760	-0.746482420560096	0.0111418864973198
541	MvSl-1064-A2-R4_MC05g06770	-1.23936850885052	0.000679843000816459
542	MvSl-1064-A2-R4_MC05g06774	-0.963326435663816	0.00298694517786725
543	MvSl-1064-A2-R4_MC05g06777	-0.730030065240468	0.00202693453857734
544	MvSl-1064-A2-R4_MC05g06778	-0.951578204425245	0.0131279666651796
545	MvSl-1064-A2-R4_MC05g06779	-1.10917668005157	1.04704585365141e-05
546	MvSl-1064-A2-R4_MC05g06781	-0.810212584157946	0.000156274447171566
547	MvSl-1064-A2-R4_MC05g06806	-0.567080498908305	0.0291387207728127
548	MvSl-1064-A2-R4_MC05g06819	-0.824819378150544	0.000137422773151225
549	MvSl-1064-A2-R4_MC05g06834	-0.631689146823345	0.00437265541663707
550	MvSl-1064-A2-R4_MC05g06856	-2.17402362579179	1.18479441135623e-07
551	MvSl-1064-A2-R4_MC05g06857	-2.35692110653879	8.30126419612645e-13
552	MvSl-1064-A2-R4_MC05g06872	-0.687052351732848	0.00144778179486112
553	MvSl-1064-A2-R4_MC05g06874	-1.39137404059815	1.84167003400287e-12
554	MvSl-1064-A2-R4_MC05g06879	-0.707258057283428	0.000640149560584519
555	MvSl-1064-A2-R4_MC05g06880	-2.94116161105867	9.07972108203542e-09
556	MvSl-1064-A2-R4_MC05g06884	-1.5593218989396	2.11193548253481e-06
557	MvSl-1064-A2-R4_MC05g06919	-0.510004173776975	0.029861829526516
558	MvSl-1064-A2-R4_MC05g06937	-0.572491477669067	0.00646601534287834
559	MvSl-1064-A2-R4_MC05g06945	-1.51356954167721	2.26834490327212e-06
560	MvSl-1064-A2-R4_MC05g06946	-0.623270999218073	0.0278538562106223
561	MvSl-1064-A2-R4_MC05g06951	-2.66414704134979	1.56883641873099e-25
562	MvSl-1064-A2-R4_MC05g06952	-1.41615048655909	1.73938732464399e-11
563	MvSl-1064-A2-R4_MC05g06977	-0.527098101849723	0.026779082626302
564	MvSl-1064-A2-R4_MC05g07003	-1.22191841023692	6.10672907402459e-06
565	MvSl-1064-A2-R4_MC05g07084	-0.635780442644124	0.00234350190841522
566	MvSl-1064-A2-R4_MC05g07101	-0.74352652631824	0.0314282667899546
567	MvSl-1064-A2-R4_MC06-1g07113	-0.796598597174617	0.00251746965136684
568	MvSl-1064-A2-R4_MC06-1g07118	-2.27333581490884	0.000143255999933081
569	MvSl-1064-A2-R4_MC06-1g07129	-1.1076177090896	0.000804261335047193
570	MvSl-1064-A2-R4_MC06-1g07133	-0.706488812214094	0.00198415182121135
571	MvSl-1064-A2-R4_MC06-1g07135	-0.918059513993091	0.0238533245082329
572	MvSl-1064-A2-R4_MC06-1g07138	-1.5278226074018	1.16229885608779e-09
573	MvSl-1064-A2-R4_MC06-1g07141	-0.796598590436471	0.00251687134643824
574	MvSl-1064-A2-R4_MC06-1g07167	-0.552993819426807	0.0152831057608475
575	MvSl-1064-A2-R4_MC06-1g07177	-1.08933198200085	1.6064690808714e-06
576	MvSl-1064-A2-R4_MC06-1g07186	-0.797946229038907	0.000134303663177748
577	MvSl-1064-A2-R4_MC06-1g07201	-0.903266023468868	2.24812943842797e-05
578	MvSl-1064-A2-R4_MC06-1g07202	-0.873577371736915	0.00880237965302467
579	MvSl-1064-A2-R4_MC06-1g07207	-5.84487497986288	6.9726956449626e-69
580	MvSl-1064-A2-R4_MC06-1g07211	-0.585874518715716	0.0304049539009953
581	MvSl-1064-A2-R4_MC06-1g07218	-1.84737108903181	0.000291901417820004
582	MvSl-1064-A2-R4_MC06-1g07225	-0.826102294360861	0.000259246478674914
583	MvSl-1064-A2-R4_MC06-1g07247	-0.517822935369451	0.0257370973988293
584	MvSl-1064-A2-R4_MC06-1g07273	-0.568632308730143	0.0215695615776244
585	MvSl-1064-A2-R4_MC06-2g07337	-3.34529906056112	2.46786811572538e-08
586	MvSl-1064-A2-R4_MC06-2g07341	-0.675423949418655	0.0256328073785581
587	MvSl-1064-A2-R4_MC06-2g07342	-1.11392483895633	0.0138290012708939
588	MvSl-1064-A2-R4_MC06-2g07364	-4.03860230246559	2.35773776698356e-19
589	MvSl-1064-A2-R4_MC06-2g07384	-0.525043324802593	0.0209189338205141
590	MvSl-1064-A2-R4_MC06-2g07402	-1.27582938755798	1.6933478237061e-05
591	MvSl-1064-A2-R4_MC06-2g07405	-1.10173201864073	1.42831608091578e-07
592	MvSl-1064-A2-R4_MC06-2g07410	-0.586812214527992	0.0114336327210895
593	MvSl-1064-A2-R4_MC06-2g07426	-0.934865110111282	0.0287112641071572
594	MvSl-1064-A2-R4_MC06-2g07431	-1.21030762783171	0.00223126628149365
595	MvSl-1064-A2-R4_MC06-2g07452	-0.560753846469116	0.0365836016182816
596	MvSl-1064-A2-R4_MC06-2g07453	-0.811557258277142	0.00809218920093462
597	MvSl-1064-A2-R4_MC06-2g07491	-0.622873088256311	0.0192694757905259
598	MvSl-1064-A2-R4_MC06-2g07498	-0.673352155670606	0.0170498677483472
599	MvSl-1064-A2-R4_MC06-2g07499	-0.688413366939242	0.00492036886696904
600	MvSl-1064-A2-R4_MC06-2g07500	-3.66479839403446	1.08888029544788e-37
601	MvSl-1064-A2-R4_MC06-2g07501	-2.96022063494327	4.54778755253801e-08
602	MvSl-1064-A2-R4_MC06-2g07520	-2.15451648093141	1.94701060768093e-15
603	MvSl-1064-A2-R4_MC06-2g07525	-1.55912106047099	1.26473693351188e-10
604	MvSl-1064-A2-R4_MC06-2g07534	-1.17174713873912	0.000376814097956303
605	MvSl-1064-A2-R4_MC06-2g07553	-1.45104125744059	3.54860660709303e-06
606	MvSl-1064-A2-R4_MC06-2g07555	-0.506238090334754	0.0463560311768534
607	MvSl-1064-A2-R4_MC06-2g07563	-0.553040079602336	0.015529129546893
608	MvSl-1064-A2-R4_MC06-2g07572	-0.602780071481393	0.00654988811990171
609	MvSl-1064-A2-R4_MC06-2g07575	-0.682389029784738	0.0112019347772236
610	MvSl-1064-A2-R4_MC06-2g07580	-1.23162894581168	4.96386992603921e-09
611	MvSl-1064-A2-R4_MC06-2g07594	-3.3579864640485	2.61771118273223e-07
612	MvSl-1064-A2-R4_MC06-2g07607	-4.62320253176941	3.67162584381123e-52
613	MvSl-1064-A2-R4_MC06-2g07621	-0.777816739274102	0.00851200666314962
614	MvSl-1064-A2-R4_MC06-2g07625	-0.838039067822613	0.000894860097628137
615	MvSl-1064-A2-R4_MC06-2g07627	-0.828184654440096	0.00456544005862434
616	MvSl-1064-A2-R4_MC06-2g07662	-1.70011701362037	0.000651858266535556
617	MvSl-1064-A2-R4_MC06-2g07665	-0.720597249706526	0.0103420589733313
618	MvSl-1064-A2-R4_MC06-2g07693	-0.642201684818287	0.00334494750614118
619	MvSl-1064-A2-R4_MC06-2g07709	-0.785759639292546	0.0019431382259363
620	MvSl-1064-A2-R4_MC06-2g07710	-5.75194657907341	6.78912265657538e-30
621	MvSl-1064-A2-R4_MC06-2g07711	-6.32724436160672	1.12136718795186e-16
622	MvSl-1064-A2-R4_MC06-2g07712	-0.897336944166167	6.37579143581317e-05
623	MvSl-1064-A2-R4_MC06-2g07713	-6.3272445573989	1.11661446241312e-16
624	MvSl-1064-A2-R4_MC06-2g07714	-5.75194662160889	6.78912265657538e-30
625	MvSl-1064-A2-R4_MC06-2g07719	-2.62507812425201	1.96653124165252e-18
626	MvSl-1064-A2-R4_MC06-2g07725	-0.630378206867197	0.0142280727085051
627	MvSl-1064-A2-R4_MC06-2g07733	-0.758034804076207	0.00153207651299135
628	MvSl-1064-A2-R4_MC06-2g07743	-2.87815259698205	8.71724031367525e-08
629	MvSl-1064-A2-R4_MC06-2g07744	-0.571173197784673	0.010309264832192
630	MvSl-1064-A2-R4_MC06-2g07786	-0.551163655022489	0.0306608049345109
631	MvSl-1064-A2-R4_MC06-2g07798	-0.850752591484028	0.00605614112080626
632	MvSl-1064-A2-R4_MC07g07813	-3.46609815543762	8.18831059832024e-13
633	MvSl-1064-A2-R4_MC07g07827	-0.568709263720894	0.0120879323179568
634	MvSl-1064-A2-R4_MC07g07830	-1.140151212823	1.71931151635762e-05
635	MvSl-1064-A2-R4_MC07g07841	-0.540228495204766	0.019071000411176
636	MvSl-1064-A2-R4_MC07g07850	-0.609458686848561	0.00398235873406777
637	MvSl-1064-A2-R4_MC07g07852	-0.775916995186488	0.00143004025984952
638	MvSl-1064-A2-R4_MC07g07854	-1.15464381894935	0.00163953358845898
639	MvSl-1064-A2-R4_MC07g07858	-0.527343112452113	0.0287112641071572
640	MvSl-1064-A2-R4_MC07g07861	-0.553449652665222	0.017426870106296
641	MvSl-1064-A2-R4_MC07g07874	-1.67475550135339	0.0016078820415627
642	MvSl-1064-A2-R4_MC07g07913	-10.2885496510907	6.13557454073521e-25
643	MvSl-1064-A2-R4_MC07g07917	-0.495216334548696	0.0333237892893026
644	MvSl-1064-A2-R4_MC07g07944	-1.4121720649697	0.000921290110618448
645	MvSl-1064-A2-R4_MC07g07958	-1.16380793177909	0.0367671740883108
646	MvSl-1064-A2-R4_MC07g07961	-1.01299965369479	7.66179689195346e-05
647	MvSl-1064-A2-R4_MC07g07971	-1.54937288307614	5.79732899624579e-12
648	MvSl-1064-A2-R4_MC07g07980	-1.19319132398841	2.79959713053352e-06
649	MvSl-1064-A2-R4_MC07g07985	-0.708000494004342	0.000992002673490902
650	MvSl-1064-A2-R4_MC07g07989	-0.800167038395379	0.00112151876136132
651	MvSl-1064-A2-R4_MC07g07999	-1.68736937704324	2.3385526146876e-13
652	MvSl-1064-A2-R4_MC07g08009	-1.08785707891933	5.45767006671921e-05
653	MvSl-1064-A2-R4_MC07g08102	-2.05200485463031	1.69231418133386e-11
654	MvSl-1064-A2-R4_MC07g08106	-1.42174406496502	2.13354316971026e-09
655	MvSl-1064-A2-R4_MC07g08117	-0.587072641913647	0.0224610082889924
656	MvSl-1064-A2-R4_MC07g08129	-0.942300750016378	1.02590963221604e-05
657	MvSl-1064-A2-R4_MC07g08147	-1.08012418562579	0.000129728878918126
658	MvSl-1064-A2-R4_MC07g08152	-2.73393733724672	8.54188835666179e-10
659	MvSl-1064-A2-R4_MC07g08168	-0.622805474691664	0.0105286039353947
660	MvSl-1064-A2-R4_MC07g08178	-1.00107431594516	0.000358922893970093
661	MvSl-1064-A2-R4_MC07g08188	-0.804411861662708	0.0101967465641997
662	MvSl-1064-A2-R4_MC07g08206	-0.720849337896656	0.00652505837653833
663	MvSl-1064-A2-R4_MC07g08210	-1.43223762815026	2.79937502340741e-05
664	MvSl-1064-A2-R4_MC07g08211	-1.79552682297938	3.97316834854801e-15
665	MvSl-1064-A2-R4_MC07g08218	-1.61699084112852	3.03200025372265e-09
666	MvSl-1064-A2-R4_MC07g08263	-0.794270829758407	0.0102521526214155
667	MvSl-1064-A2-R4_MC07g08264	-1.86463056917244	0.0031156094189458
668	MvSl-1064-A2-R4_MC07g08268	-1.38128939054377	7.24544101236101e-05
669	MvSl-1064-A2-R4_MC07g08270	-0.751975320957186	0.00128473982564354
670	MvSl-1064-A2-R4_MC07g08277	-0.793400752032757	0.0012641986985308
671	MvSl-1064-A2-R4_MC07g08281	-1.91149661032948	4.57912546616727e-20
672	MvSl-1064-A2-R4_MC07g08283	-1.11111474296309	4.87697768643908e-08
673	MvSl-1064-A2-R4_MC07g08290	-1.60322476021353	2.51077050590747e-10
674	MvSl-1064-A2-R4_MC07g08296	-0.591185969732458	0.0269150298443213
675	MvSl-1064-A2-R4_MC07g08302	-1.91646806067012	6.10224478783621e-12
676	MvSl-1064-A2-R4_MC07g08303	-1.72668686892795	0.000127476369507549
677	MvSl-1064-A2-R4_MC07g08327	-1.0307091698118	2.14673587991054e-05
678	MvSl-1064-A2-R4_MC07g08332	-1.11338980233844	0.00158491556898841
679	MvSl-1064-A2-R4_MC07g08345	-2.01810349438367	4.76482252773669e-16
680	MvSl-1064-A2-R4_MC07g08366	-0.797380141635331	0.0141833976723639
681	MvSl-1064-A2-R4_MC07g08367	-0.654260463483072	0.0311128534773033
682	MvSl-1064-A2-R4_MC07g08368	-1.39313656809762	1.13464240304218e-09
683	MvSl-1064-A2-R4_MC07g08371	-2.23312805381792	7.7634328831973e-05
684	MvSl-1064-A2-R4_MC07g08411	-0.792439690970479	0.0027285842459053
685	MvSl-1064-A2-R4_MC07g08412	-0.683500317273345	0.0192049875343884
686	MvSl-1064-A2-R4_MC07g08425	-0.55961085510073	0.0352513348217158
687	MvSl-1064-A2-R4_MC07g08426	-1.10432462294998	1.37607779869693e-07
688	MvSl-1064-A2-R4_MC07g08428	-0.695029054925815	0.0135655283920583
689	MvSl-1064-A2-R4_MC07g08462	-0.678817489502917	0.00590025702153683
690	MvSl-1064-A2-R4_MC07g08463	-1.21249259896902	0.0332519409468404
691	MvSl-1064-A2-R4_MC07g08464	-0.535683235798274	0.0458406773293394
692	MvSl-1064-A2-R4_MC07g08466	-1.05878307117092	0.00712424339281726
693	MvSl-1064-A2-R4_MC07g08471	-0.974339985950433	6.25579177178846e-05
694	MvSl-1064-A2-R4_MC07g08473	-3.00553519824301	2.39227683139194e-32
695	MvSl-1064-A2-R4_MC07g08474	-3.76081413298008	1.13972044247598e-43
696	MvSl-1064-A2-R4_MC07g08498	-1.30931344847346	7.64536853510406e-05
697	MvSl-1064-A2-R4_MC07g08504	-0.633247965978484	0.00645556659040591
698	MvSl-1064-A2-R4_MC08-1g08542	-6.24453888415705	7.55877392909458e-40
699	MvSl-1064-A2-R4_MC08-1g08552	-0.75908337326884	0.00132196127828844
700	MvSl-1064-A2-R4_MC08-1g08563	-1.5025867014114	0.00114416010984185
701	MvSl-1064-A2-R4_MC08-1g08566	-0.807985499877035	0.000895645410073324
702	MvSl-1064-A2-R4_MC08-1g08594	-0.955966800777983	3.12552248182561e-05
703	MvSl-1064-A2-R4_MC08-1g08602	-2.02714414564046	6.22330014803073e-06
704	MvSl-1064-A2-R4_MC08-1g08603	-1.23028895836187	6.2912627890008e-06
705	MvSl-1064-A2-R4_MC08-1g08608	-0.604008787330323	0.0341244282019125
706	MvSl-1064-A2-R4_MC08-1g08625	-0.835101336794891	0.000490517883203923
707	MvSl-1064-A2-R4_MC08-1g08626	-1.47509347064721	1.0789394067735e-11
708	MvSl-1064-A2-R4_MC08-1g08647	-0.548469790233624	0.0304883364532918
709	MvSl-1064-A2-R4_MC08-1g08679	-0.49794336884041	0.0295662184777869
710	MvSl-1064-A2-R4_MC08-1g08693	-0.696372208166458	0.00062991837521132
711	MvSl-1064-A2-R4_MC08-1g08696	-0.513362029966306	0.0267020026920786
712	MvSl-1064-A2-R4_MC08-1g08697	-0.54640157523686	0.0136165288998131
713	MvSl-1064-A2-R4_MC08-1g08710	-0.889568637942136	1.25917081020453e-05
714	MvSl-1064-A2-R4_MC08-1g08717	-0.516511023770283	0.0214042096268276
715	MvSl-1064-A2-R4_MC08-1g08734	-0.868767540581947	0.0429640040398083
716	MvSl-1064-A2-R4_MC08-1g08742	-1.51477436217983	3.72522634250639e-05
717	MvSl-1064-A2-R4_MC08-1g08744	-5.8037582897141	6.61844372351995e-30
718	MvSl-1064-A2-R4_MC08-1g08745	-10.3793738787369	1.0506247276679e-25
719	MvSl-1064-A2-R4_MC08-1g08746	-12.6666146259123	9.49784770832774e-108
720	MvSl-1064-A2-R4_MC08-1g08747	-12.9412987705851	1.46742766195739e-134
721	MvSl-1064-A2-R4_MC08-1g08769	-1.71290145958578	6.58778053813386e-14
722	MvSl-1064-A2-R4_MC08-1g08775	-0.683549988997697	0.00424773840441643
723	MvSl-1064-A2-R4_MC08-1g08788	-0.689164638204779	0.0163151681628171
724	MvSl-1064-A2-R4_MC08-1g08803	-0.634138602650965	0.0121388909977222
725	MvSl-1064-A2-R4_MC08-1g08807	-0.675349282324424	0.0203787481231261
726	MvSl-1064-A2-R4_MC08-1g08812	-0.571611919950527	0.0334945800062855
727	MvSl-1064-A2-R4_MC08-1g08820	-0.525914149539103	0.0340372429631321
728	MvSl-1064-A2-R4_MC08-1g08829	-0.66340731842994	0.0187995015877209
729	MvSl-1064-A2-R4_MC08-1g08893	-4.38868106144837	4.87215702043093e-18
730	MvSl-1064-A2-R4_MC08-1g08927	-0.792627551682312	0.00344288589486867
731	MvSl-1064-A2-R4_MC08-1g08934	-0.552021136348308	0.0265652209881213
732	MvSl-1064-A2-R4_MC08-1g08935	-0.605594382575202	0.028539767878626
733	MvSl-1064-A2-R4_MC08-1g08936	-0.813480206037122	0.0195384991770621
734	MvSl-1064-A2-R4_MC08-1g08937	-0.541790591907211	0.0278572894360482
735	MvSl-1064-A2-R4_MC08-1g08944	-0.756445334856438	0.00114396713911602
736	MvSl-1064-A2-R4_MC08-1g08986	-0.553444021737474	0.0241638551472558
737	MvSl-1064-A2-R4_MC08-2g09057	-2.17461550558777	1.88409393321419e-11
738	MvSl-1064-A2-R4_MC08-2g09058	-2.25513011551113	1.33141608620739e-25
739	MvSl-1064-A2-R4_MC08-2g09071	-0.708463241637091	0.00735884775686898
740	MvSl-1064-A2-R4_MC08-2g09088	-1.00536738225897	0.00444138336156879
741	MvSl-1064-A2-R4_MC08-2g09092	-1.60214784175391	2.53337815194795e-08
742	MvSl-1064-A2-R4_MC08-2g09098	-2.71113776003984	3.11943337494151e-26
743	MvSl-1064-A2-R4_MC08-2g09099	-1.59302663224803	0.0125908511782807
744	MvSl-1064-A2-R4_MC08-2g09105	-0.80148987498515	0.011303755192363
745	MvSl-1064-A2-R4_MC08-2g09107	-0.641922171281479	0.00563599715175947
746	MvSl-1064-A2-R4_MC08-2g09109	-0.739927672828331	0.00502150436318905
747	MvSl-1064-A2-R4_MC08-2g09134	-0.857971277624004	0.00880237965302467
748	MvSl-1064-A2-R4_MC08-2g09136	-2.9914617832572	1.67180135644399e-25
749	MvSl-1064-A2-R4_MC08-2g09141	-2.65102535111679	4.70328495890763e-26
750	MvSl-1064-A2-R4_MC08-2g09142	-2.65092338424474	1.99132993255749e-32
751	MvSl-1064-A2-R4_MC09g09191	-1.19023778713025	0.00562807167910254
752	MvSl-1064-A2-R4_MC09g09214	-3.89410362628959	4.9252554053296e-12
753	MvSl-1064-A2-R4_MC09g09215	-0.75791044972898	0.000529914621091688
754	MvSl-1064-A2-R4_MC09g09236	-0.95030421410656	0.000227517205417306
755	MvSl-1064-A2-R4_MC09g09240	-0.761760127408381	0.010921587790156
756	MvSl-1064-A2-R4_MC09g09261	-0.743685471685155	0.000480196867388926
757	MvSl-1064-A2-R4_MC09g09265	-0.510086721851621	0.0250360269393465
758	MvSl-1064-A2-R4_MC09g09276	-0.539904714979222	0.0486028945472427
759	MvSl-1064-A2-R4_MC09g09283	-1.20694402466961	0.00528449196719338
760	MvSl-1064-A2-R4_MC09g09286	-0.708350139547853	0.00227627597928493
761	MvSl-1064-A2-R4_MC09g09303	-0.486201900072458	0.0390700183921511
762	MvSl-1064-A2-R4_MC09g09325	-1.53623914178963	3.70846801401597e-08
763	MvSl-1064-A2-R4_MC09g09326	-1.08463295930951	0.000117652274135981
764	MvSl-1064-A2-R4_MC09g09328	-1.4622009392738	1.66694910383087e-10
765	MvSl-1064-A2-R4_MC09g09344	-0.815463862818401	0.000124841526966637
766	MvSl-1064-A2-R4_MC09g09347	-0.652008794646931	0.010750323363293
767	MvSl-1064-A2-R4_MC09g09353	-1.21935871588293	0.00352937822333666
768	MvSl-1064-A2-R4_MC09g09359	-0.584155572155122	0.0248771117862638
769	MvSl-1064-A2-R4_MC09g09398	-1.70230789899342	5.1192696242477e-11
770	MvSl-1064-A2-R4_MC09g09404	-1.63320211368714	5.61018226326379e-07
771	MvSl-1064-A2-R4_MC09g09406	-3.34475631937278	8.98767993219271e-14
772	MvSl-1064-A2-R4_MC09g09407	-2.90706549634295	2.5746993682406e-18
773	MvSl-1064-A2-R4_MC09g09416	-1.35951207738347	2.15084499051435e-08
774	MvSl-1064-A2-R4_MC09g09435	-1.20774230619587	1.33580867343284e-06
775	MvSl-1064-A2-R4_MC09g09438	-0.587727488908234	0.00719964040284214
776	MvSl-1064-A2-R4_MC09g09440	-0.732439559817975	0.00380514925557485
777	MvSl-1064-A2-R4_MC09g09454	-1.13159239281588	3.56945672249655e-05
778	MvSl-1064-A2-R4_MC09g09466	-1.22846687071031	1.68546239910349e-09
779	MvSl-1064-A2-R4_MC09g09469	-0.707532889244949	0.0131011332285342
780	MvSl-1064-A2-R4_MC09g09470	-0.973559045467778	0.00264568754038998
781	MvSl-1064-A2-R4_MC09g09489	-0.628399254586072	0.0039587676741735
782	MvSl-1064-A2-R4_MC09g09499	-0.633771958011894	0.00461873420956747
783	MvSl-1064-A2-R4_MC09g09500	-0.803990299296543	0.000905373999210018
784	MvSl-1064-A2-R4_MC09g09501	-0.825399587641088	0.00085595936610366
785	MvSl-1064-A2-R4_MC09g09512	-0.4954871192642	0.0338370428924006
786	MvSl-1064-A2-R4_MC09g09521	-0.895692587437915	0.00425158900046682
787	MvSl-1064-A2-R4_MC09g09529	-0.967660185239174	2.39755173817896e-06
788	MvSl-1064-A2-R4_MC09g09530	-0.852845953099273	0.00467618629593002
789	MvSl-1064-A2-R4_MC09g09543	-1.7487861718326	3.63100259495762e-05
790	MvSl-1064-A2-R4_MC09g09551	-0.535289743341609	0.0437436618787469
791	MvSl-1064-A2-R4_MC09g09554	-0.682747459505338	0.00507251753056029
792	MvSl-1064-A2-R4_MC09g09557	-1.01038315483756	0.000193092750011415
793	MvSl-1064-A2-R4_MC09g09563	-0.965583010926554	1.26269654820691e-05
794	MvSl-1064-A2-R4_MC09g09566	-0.724585011840691	0.0208783841901114
795	MvSl-1064-A2-R4_MC09g09567	-0.542864421521525	0.0325782540185447
796	MvSl-1064-A2-R4_MC09g09579	-1.93602063043356	1.34007641585707e-06
797	MvSl-1064-A2-R4_MC09g09587	-0.545756947476072	0.00995096688534333
798	MvSl-1064-A2-R4_MC09g09598	-0.595425631388925	0.0128280543481675
799	MvSl-1064-A2-R4_MC09g09638	-0.652181350522349	0.00367335788593991
800	MvSl-1064-A2-R4_MC09g09647	-2.34812068572208	6.79158404263438e-07
801	MvSl-1064-A2-R4_MC09g09648	-0.818622594294607	0.000754576521025528
802	MvSl-1064-A2-R4_MC09g09670	-0.890875420066324	0.000100604087698256
803	MvSl-1064-A2-R4_MC09g09672	-0.695200254249599	0.000885495462483293
804	MvSl-1064-A2-R4_MC09g09686	-0.615808254597282	0.0125401778361774
805	MvSl-1064-A2-R4_MC09g09689	-1.03420835997542	4.71326173175156e-05
806	MvSl-1064-A2-R4_MC09g09693	-1.37203879181352	2.42916722015397e-09
807	MvSl-1064-A2-R4_MC09g09705	-0.749957740779574	0.00238081513483505
808	MvSl-1064-A2-R4_MC09g09714	-0.935901658500549	1.59559722631984e-06
809	MvSl-1064-A2-R4_MC09g09731	-0.83590248000642	0.000799545729728125
810	MvSl-1064-A2-R4_MC09g09743	-1.6048619765511	3.06204889791e-14
811	MvSl-1064-A2-R4_MC09g09744	-0.647783464248898	0.0287451480128962
812	MvSl-1064-A2-R4_MC09g09750	-1.32478686912288	0.0295950986488371
813	MvSl-1064-A2-R4_MC09g09751	-1.15510610519854	0.0205759826114548
814	MvSl-1064-A2-R4_MC09g09759	-2.20473165321379	1.18507583656684e-15
815	MvSl-1064-A2-R4_MC09g09760	-2.58884652103621	1.01882525769472e-14
816	MvSl-1064-A2-R4_MC09g09761	-2.5936127161693	1.91771520577018e-19
817	MvSl-1064-A2-R4_MC09g09762	-2.71455342036435	8.0767771879423e-18
818	MvSl-1064-A2-R4_MC09g09763	-2.44660498302352	9.92866046297203e-17
819	MvSl-1064-A2-R4_MC09g09764	-1.99972233020112	1.00940881191029e-09
820	MvSl-1064-A2-R4_MC09g09782	-0.598379785757392	0.0347256237652355
821	MvSl-1064-A2-R4_MC09g09783	-1.42517559793622	1.09207641502363e-10
822	MvSl-1064-A2-R4_MC09g09785	-1.03597751821907	2.01604871881525e-05
823	MvSl-1064-A2-R4_MC09g09806	-1.01008040162681	0.000184298977919821
824	MvSl-1064-A2-R4_MC09g09826	-0.893096089267687	0.000507118474221269
825	MvSl-1064-A2-R4_MC09g09835	-0.622422284900937	0.0188013497380539
826	MvSl-1064-A2-R4_MC09g09836	-0.552758652997871	0.020083941499192
827	MvSl-1064-A2-R4_MC10g09863	-0.722815904526216	0.0354806451563185
828	MvSl-1064-A2-R4_MC10g09882	-0.847164646641702	0.00162967183599604
829	MvSl-1064-A2-R4_MC10g09889	-4.0386590573182	5.35391790362715e-09
830	MvSl-1064-A2-R4_MC10g09895	-1.37516589679252	1.10482956504245e-07
831	MvSl-1064-A2-R4_MC10g09902	-1.24052699107152	2.30142173786937e-08
832	MvSl-1064-A2-R4_MC10g09906	-0.556568697197865	0.0318364928682408
833	MvSl-1064-A2-R4_MC10g09909	-1.47208177297038	7.29154583916769e-11
834	MvSl-1064-A2-R4_MC10g09923	-1.22737992451837	3.7847449136285e-08
835	MvSl-1064-A2-R4_MC10g09956	-0.753412419850008	0.000283373339408705
836	MvSl-1064-A2-R4_MC10g09958	-0.859456423125245	0.00178412653262783
837	MvSl-1064-A2-R4_MC10g09964	-0.96493035966922	0.000101151283318126
838	MvSl-1064-A2-R4_MC10g09971	-1.54444237482268	1.62646895013045e-11
839	MvSl-1064-A2-R4_MC10g09986	-0.750676183844911	0.00192583649003911
840	MvSl-1064-A2-R4_MC10g09988	-0.534919845158063	0.011533093385155
841	MvSl-1064-A2-R4_MC10g09991	-2.52430369229245	9.88952013178694e-11
842	MvSl-1064-A2-R4_MC10g09992	-0.831020552384821	0.00015419622845167
843	MvSl-1064-A2-R4_MC10g10019	-2.65609758604208	6.88590947398844e-05
844	MvSl-1064-A2-R4_MC10g10031	-1.51754693774814	2.06483539476739e-11
845	MvSl-1064-A2-R4_MC10g10043	-1.07862409567542	4.44576199682222e-07
846	MvSl-1064-A2-R4_MC10g10057	-0.627559619126108	0.0145692502858048
847	MvSl-1064-A2-R4_MC10g10067	-0.466426748708975	0.041847231774681
848	MvSl-1064-A2-R4_MC10g10075	-0.762068878144731	0.00057763955496747
849	MvSl-1064-A2-R4_MC10g10081	-1.08248614259387	0.00150104742534884
850	MvSl-1064-A2-R4_MC10g10086	-2.67314443189261	1.62646895013045e-11
851	MvSl-1064-A2-R4_MC10g10141	-1.24294318933438	4.60396164654448e-06
852	MvSl-1064-A2-R4_MC10g10143	-0.581147044065525	0.0243113462897039
853	MvSl-1064-A2-R4_MC10g10149	-1.61108492296819	0.0006143936818533
854	MvSl-1064-A2-R4_MC10g10151	-0.452977794768328	0.04635217200711
855	MvSl-1064-A2-R4_MC10g10162	-0.738412424192196	0.0293835209103314
856	MvSl-1064-A2-R4_MC10g10194	-1.12327609714996	4.06329689389274e-08
857	MvSl-1064-A2-R4_MC10g10200	-0.615256151994196	0.0205723654186332
858	MvSl-1064-A2-R4_MC10g10225	-1.5990083419393	3.40828863186705e-09
859	MvSl-1064-A2-R4_MC10g10228	-5.73961979324818	2.81001760887934e-74
860	MvSl-1064-A2-R4_MC10g10232	-0.922981674579978	0.00171239507222509
861	MvSl-1064-A2-R4_MC10g10241	-0.728782590285256	0.000307872296964004
862	MvSl-1064-A2-R4_MC10g10247	-0.604622532039918	0.0102804518388272
863	MvSl-1064-A2-R4_MC10g10252	-1.37771796778851	1.87111540130131e-10
864	MvSl-1064-A2-R4_MC10g10253	-1.0637049253115	1.20241919508382e-05
865	MvSl-1064-A2-R4_MC10g10278	-2.78492229590597	7.09712593640312e-19
866	MvSl-1064-A2-R4_MC10g10280	-0.938029460931984	0.000478826455239364
867	MvSl-1064-A2-R4_MC10g10283	-0.740807433658563	0.000343480551529325
868	MvSl-1064-A2-R4_MC10g10300	-3.28876598128955	1.8724723676539e-42
869	MvSl-1064-A2-R4_MC10g10302	-2.42207330785335	1.0856793067179e-23
870	MvSl-1064-A2-R4_MC10g10303	-0.65643538819017	0.00222917017689075
871	MvSl-1064-A2-R4_MC10g10332	-2.86452171533688	7.26510949628337e-24
872	MvSl-1064-A2-R4_MC10g10338	-1.14524222868635	3.57057816474741e-06
873	MvSl-1064-A2-R4_MC10g10342	-1.36578687536055	4.69236254531534e-05
874	MvSl-1064-A2-R4_MC10g10349	-0.610181444734525	0.00880237965302467
875	MvSl-1064-A2-R4_MC10g10364	-1.89157420625103	1.04705171526846e-08
876	MvSl-1064-A2-R4_MC10g10365	-9.21679700810324	1.09053064449296e-108
877	MvSl-1064-A2-R4_MC10g10369	-0.602157310625312	0.0433291851640308
878	MvSl-1064-A2-R4_MC10g10379	-4.64216893987595	9.35472179002372e-48
879	MvSl-1064-A2-R4_MC10g10382	-1.25098722770483	0.000254456729358486
880	MvSl-1064-A2-R4_MC10g10383	-1.53118924409873	7.73144073929952e-06
881	MvSl-1064-A2-R4_MC11g10419	-0.593573684743551	0.0288327139096644
882	MvSl-1064-A2-R4_MC11g10433	-1.8061714759074	1.49087610537254e-08
883	MvSl-1064-A2-R4_MC11g10469	-0.770685052921526	0.00100264218081806
884	MvSl-1064-A2-R4_MC11g10474	-0.658404688285844	0.00547979360329464
885	MvSl-1064-A2-R4_MC11g10497	-2.11307607464624	8.79466002643735e-12
886	MvSl-1064-A2-R4_MC11g10499	-1.72414439380728	9.69694410565175e-06
887	MvSl-1064-A2-R4_MC11g10546	-1.05719990981899	0.0450621504120191
888	MvSl-1064-A2-R4_MC11g10560	-0.975505913056809	0.000974526777641484
889	MvSl-1064-A2-R4_MC11g10566	-1.77599642735515	5.52788058915135e-14
890	MvSl-1064-A2-R4_MC11g10567	-4.07873020840567	1.38134156657077e-46
891	MvSl-1064-A2-R4_MC11g10614	-1.52377077391392	3.75073519508361e-08
892	MvSl-1064-A2-R4_MC11g10615	-1.41929173678592	6.2450733999129e-10
893	MvSl-1064-A2-R4_MC11g10632	-5.59048459617844	3.73968656394585e-111
894	MvSl-1064-A2-R4_MC11g10640	-1.10547346931865	2.12224257046966e-06
895	MvSl-1064-A2-R4_MC11g10641	-0.665781939411319	0.00253848132005634
896	MvSl-1064-A2-R4_MC11g10661	-4.79368064715969	1.24770939340947e-21
897	MvSl-1064-A2-R4_MC11g10683	-0.78783074559696	0.000242579320206165
898	MvSl-1064-A2-R4_MC11g10694	-0.930471126072879	0.00358566774317404
899	MvSl-1064-A2-R4_MC11g10706	-5.59865186207659	1.89057178474504e-09
900	MvSl-1064-A2-R4_MC11g10739	-2.10234677098767	1.76213217022299e-06
901	MvSl-1064-A2-R4_MC11g10751	-0.97119350958013	0.000656773507840759
902	MvSl-1064-A2-R4_MC11g10799	-0.894430833634701	9.49429253730157e-06
903	MvSl-1064-A2-R4_MC11g10804	-1.09316949663078	2.68622764852717e-06
904	MvSl-1064-A2-R4_MC11g10812	-1.46646742281836	2.26286860427065e-10
905	MvSl-1064-A2-R4_MC11g10858	-1.05798931988201	0.00719964040284214
906	MvSl-1064-A2-R4_MC11g10884	-0.909328347162396	0.00310477944890073
907	MvSl-1064-A2-R4_MC11g10917	-2.03769634937468	2.56562509805368e-05
908	MvSl-1064-A2-R4_MC11g10943	-0.765840271740699	0.00569253010695786
909	MvSl-1064-A2-R4_MC11g10952	-2.02897483534934	0.000104441186017567
910	MvSl-1064-A2-R4_MC11g10978	-0.520163599189221	0.0174572738823108
911	MvSl-1064-A2-R4_MC11g10987	-0.998885025072652	6.95055020808243e-05
912	MvSl-1064-A2-R4_MC11g11004	-2.1011479323074	0.000459578625848819
913	MvSl-1064-A2-R4_MC12g11024	-2.72664871148844	6.74697642891539e-14
914	MvSl-1064-A2-R4_MC12g11026	-1.43130991215487	4.61705934317039e-13
915	MvSl-1064-A2-R4_MC12g11027	-3.02263622216428	9.90935925723377e-08
916	MvSl-1064-A2-R4_MC12g11034	-0.714326770646721	0.00441237283632059
917	MvSl-1064-A2-R4_MC12g11058	-1.4312228685467	1.24693447115724e-13
918	MvSl-1064-A2-R4_MC12g11087	-9.62404587726788	2.30231263023119e-163
919	MvSl-1064-A2-R4_MC12g11089	-0.877807118228959	0.00200905318416612
920	MvSl-1064-A2-R4_MC12g11090	-3.78912405126612	3.64926278893648e-41
921	MvSl-1064-A2-R4_MC12g11096	-1.12100856255376	0.00197500759367579
922	MvSl-1064-A2-R4_MC12g11100	-0.677293815444849	0.0226215693936215
923	MvSl-1064-A2-R4_MC12g11101	-0.646465253392955	0.00193991785148945
924	MvSl-1064-A2-R4_MC12g11103	-2.42127006577603	1.73455777413694e-14
925	MvSl-1064-A2-R4_MC12g11112	-2.5262396008865	1.8738939107304e-10
926	MvSl-1064-A2-R4_MC12g11113	-9.95072412091011	5.56820462850881e-179
927	MvSl-1064-A2-R4_MC12g11114	-1.72979167067966	1.73737489654385e-17
928	MvSl-1064-A2-R4_MC12g11119	-0.496325797715798	0.0424094993873376
929	MvSl-1064-A2-R4_MC12g11122	-0.719945767816378	0.0270806611746054
930	MvSl-1064-A2-R4_MC12g11123	-2.27292133170378	1.42955715806854e-20
931	MvSl-1064-A2-R4_MC12g11128	-2.8508514356945	8.88117211549134e-08
932	MvSl-1064-A2-R4_MC12g11132	-1.12246636059085	0.00576683140576176
933	MvSl-1064-A2-R4_MC12g11144	-0.744876934644386	0.000316182637375293
934	MvSl-1064-A2-R4_MC12g11155	-0.93525303846924	0.00547979360329464
935	MvSl-1064-A2-R4_MC12g11164	-0.805345422302047	0.00851200666314962
936	MvSl-1064-A2-R4_MC12g11166	-0.851868789184798	0.00417299962363486
937	MvSl-1064-A2-R4_MC12g11169	-0.631120674907066	0.0050118307870131
938	MvSl-1064-A2-R4_MC12g11186	-3.52370536681249	1.02027041352597e-43
939	MvSl-1064-A2-R4_MC12g11209	-0.984132947276379	0.00812805989677989
940	MvSl-1064-A2-R4_MC12g11219	-0.578933458475316	0.0121431681938929
941	MvSl-1064-A2-R4_MC12g11221	-2.30574371504121	4.9101577958787e-14
942	MvSl-1064-A2-R4_MC12g11231	-0.90870500084719	0.00159696172382836
943	MvSl-1064-A2-R4_MC12g11232	-0.567697042786591	0.0205723654186332
944	MvSl-1064-A2-R4_MC12g11239	-0.52472256924421	0.0188612778438584
945	MvSl-1064-A2-R4_MC12g11248	-1.00735408475607	0.0198814229546709
946	MvSl-1064-A2-R4_MC12g11249	-2.30219609906324	4.90049162556751e-11
947	MvSl-1064-A2-R4_MC12g11269	-1.0164288125294	0.0056699674802484
948	MvSl-1064-A2-R4_MC12g11279	-0.812126188075027	0.0242300638583818
949	MvSl-1064-A2-R4_MC12g11288	-0.94171746033648	7.95935643436675e-05
950	MvSl-1064-A2-R4_MC12g11292	-0.722573122543284	0.0391191060135748
951	MvSl-1064-A2-R4_MC12g11301	-2.03014569121929	6.72050668887001e-17
952	MvSl-1064-A2-R4_MC12g11305	-4.97932252509364	9.36968984684906e-42
953	MvSl-1064-A2-R4_MC12g11306	-0.504971598449765	0.0360118481135416
954	MvSl-1064-A2-R4_MC12g11318	-0.531490637423331	0.034351797319402
955	MvSl-1064-A2-R4_MC12g11322	-0.647296114760528	0.00696883430104482
956	MvSl-1064-A2-R4_MC12g11336	-1.44040026813269	0.0089425265464583
957	MvSl-1064-A2-R4_MC12g11337	-0.559581678575993	0.0240778431316308
958	MvSl-1064-A2-R4_MC12g11357	-0.804614832406319	0.00605614112080626
959	MvSl-1064-A2-R4_MC12g11358	-1.98340217443825	0.000263757266426947
960	MvSl-1064-A2-R4_MC12g11374	-0.567526367059594	0.0147723809643744
961	MvSl-1064-A2-R4_MC12g11387	-1.05972232864147	1.87566618475611e-05
962	MvSl-1064-A2-R4_MC12g11391	-0.886815621741156	0.019268431340141
963	MvSl-1064-A2-R4_MC12g11393	-0.709644001923939	0.0128409926049289
964	MvSl-1064-A2-R4_MC12g11397	-0.733233457050958	0.00606278191602999
965	MvSl-1064-A2-R4_MC12g11425	-1.06686189462729	5.92068027458819e-07
966	MvSl-1064-A2-R4_MC12g11446	-2.53662656317301	5.41433805542008e-26
967	MvSl-1064-A2-R4_MC12g11465	-0.649913760763027	0.0110720852904406
968	MvSl-1064-A2-R4_MC12g11466	-0.913854780979688	0.000508368165746973
969	MvSl-1064-A2-R4_MC12g11491	-1.40197194582329	5.05357351760856e-09
970	MvSl-1064-A2-R4_MC12g11495	-1.27182662469061	1.11333347240415e-08
971	MvSl-1064-A2-R4_MC12g11536	-0.9057464288448	1.63862829520375e-05
972	MvSl-1064-A2-R4_MC12g11537	-0.928100767923528	0.00295628798879346
973	MvSl-1064-A2-R4_MC13g11561	-1.47322015921807	0.00264557515393427
974	MvSl-1064-A2-R4_MC13g11589	-0.963126058192106	0.00310477944890073
975	MvSl-1064-A2-R4_MC13g11599	-1.65348170453475	3.04458204074323e-12
976	MvSl-1064-A2-R4_MC13g11607	-1.65348175732828	2.98899457404628e-12
977	MvSl-1064-A2-R4_MC13g11622	-1.96491759147145	1.04480044931157e-05
978	MvSl-1064-A2-R4_MC13g11640	-0.684869590404992	0.00870576883163021
979	MvSl-1064-A2-R4_MC13g11657	-2.11273063489307	1.44430016081801e-12
980	MvSl-1064-A2-R4_MC13g11661	-0.875353509149847	0.0047741796372045
981	MvSl-1064-A2-R4_MC13g11682	-8.59335978501785	2.57360080379883e-182
982	MvSl-1064-A2-R4_MC13g11683	-1.64878555264591	4.05095506955353e-12
983	MvSl-1064-A2-R4_MC13g11704	-1.45816680321152	1.30161130414428e-09
984	MvSl-1064-A2-R4_MC13g11707	-0.504215951977369	0.0241135633263956
985	MvSl-1064-A2-R4_MC13g11710	-1.57085734487684	4.44310166564696e-12
986	MvSl-1064-A2-R4_MC13g11712	-0.738720637490829	0.00555041263722783
987	MvSl-1064-A2-R4_MC13g11720	-1.42322689511627	0.00175389188750713
988	MvSl-1064-A2-R4_MC13g11722	-0.457559517180004	0.0448298358778991
989	MvSl-1064-A2-R4_MC13g11726	-4.58422355434059	4.6938800533543e-35
990	MvSl-1064-A2-R4_MC13g11727	-2.00749008216314	0.000228408897569153
991	MvSl-1064-A2-R4_MC13g11736	-3.38180709970236	4.10088572729403e-18
992	MvSl-1064-A2-R4_MC13g11749	-2.11704756706658	0.0101801135930008
993	MvSl-1064-A2-R4_MC13g11783	-0.679470287516805	0.0170498677483472
994	MvSl-1064-A2-R4_MC13g11786	-0.534390305152325	0.0138382524352742
995	MvSl-1064-A2-R4_MC13g11792	-0.601272818360804	0.00949430558450245
996	MvSl-1064-A2-R4_MC13g11793	-0.614778672420543	0.0331670178725413
997	MvSl-1064-A2-R4_MC13g11810	-0.627593852427149	0.0237024465420522
998	MvSl-1064-A2-R4_MC13g11844	-1.1006798536746	5.26981207615804e-08
999	MvSl-1064-A2-R4_MC13g11845	-1.21033617160395	4.61667182172578e-06
1000	MvSl-1064-A2-R4_MC13g11874	-2.30468095733592	1.20731012017957e-07
1001	MvSl-1064-A2-R4_MC13g11890	-1.34456426161641	0.00576683140576176
1002	MvSl-1064-A2-R4_MC13g11901	-1.41617629527476	5.46604262910596e-11
1003	MvSl-1064-A2-R4_MC13g11915	-0.704278507601287	0.0028134056928283
1004	MvSl-1064-A2-R4_MC13g11932	-1.06370873335192	3.15931863482182e-06
1005	MvSl-1064-A2-R4_MC14g11992	-0.826255065627955	0.0203099882610536
1006	MvSl-1064-A2-R4_MC14g11996	-0.708757640519107	0.000838268998354641
1007	MvSl-1064-A2-R4_MC14g12001	-7.68294985733636	1.09513611470361e-58
1008	MvSl-1064-A2-R4_MC14g12010	-1.24058296496124	0.000849221393153426
1009	MvSl-1064-A2-R4_MC14g12018	-1.27422245988597	1.67952300696226e-05
1010	MvSl-1064-A2-R4_MC14g12021	-1.95925809476032	2.55321914559955e-24
1011	MvSl-1064-A2-R4_MC14g12022	-1.54093950445969	4.14121022222392e-05
1012	MvSl-1064-A2-R4_MC14g12028	-0.97138903808392	0.00299320737481484
1013	MvSl-1064-A2-R4_MC14g12029	-0.523893298771173	0.0350707710142206
1014	MvSl-1064-A2-R4_MC14g12034	-1.27597609914444	6.35253395991697e-11
1015	MvSl-1064-A2-R4_MC14g12050	-1.19714157665315	0.00555041263722783
1016	MvSl-1064-A2-R4_MC14g12060	-1.2763700440368	0.00429814332773842
1017	MvSl-1064-A2-R4_MC14g12072	-0.571639065788968	0.0243392056332429
1018	MvSl-1064-A2-R4_MC14g12112	-0.735311207865773	0.0198378767285214
1019	MvSl-1064-A2-R4_MC14g12127	-0.56359331920585	0.0285834820304044
1020	MvSl-1064-A2-R4_MC14g12130	-1.90113046653589	2.75054620645134e-15
1021	MvSl-1064-A2-R4_MC14g12132	-1.38166880449525	8.19785872805254e-05
1022	MvSl-1064-A2-R4_MC14g12135	-0.953243978971361	7.17367808157725e-06
1023	MvSl-1064-A2-R4_MC14g12160	-1.12653885546068	0.0125166455147372
1024	MvSl-1064-A2-R4_MC14g12173	-0.851042357929162	0.00016312167591011
1025	MvSl-1064-A2-R4_MC14g12177	-2.35319248511306	0.000404371892901302
1026	MvSl-1064-A2-R4_MC14g12191	-1.66028453257294	0.00799262665695229
1027	MvSl-1064-A2-R4_MC14g12195	-0.530232434812286	0.0221226045981943
1028	MvSl-1064-A2-R4_MC14g12198	-1.24283246433771	2.31240777027788e-10
1029	MvSl-1064-A2-R4_MC14g12212	-0.844583833368097	0.00535998008438399
1030	MvSl-1064-A2-R4_MC14g12218	-0.520396855228842	0.0415316058066459
1031	MvSl-1064-A2-R4_MC15g12273	-0.898825339188568	0.00156115247206346
1032	MvSl-1064-A2-R4_MC15g12278	-0.801228911434531	0.000849221393153426
1033	MvSl-1064-A2-R4_MC15g12283	-1.00366900940772	3.8886346240693e-07
1034	MvSl-1064-A2-R4_MC15g12315	-0.617758268497487	0.0146513972662271
1035	MvSl-1064-A2-R4_MC15g12362	-0.856977685501876	0.00143830832560883
1036	MvSl-1064-A2-R4_MC15g12375	-1.7819960491279	1.95390353389276e-07
1037	MvSl-1064-A2-R4_MC15g12388	-1.18750492771892	0.0046595933161844
1038	MvSl-1064-A2-R4_MC16g12422	-0.590279629422031	0.00981722227014707
1039	MvSl-1064-A2-R4_MC16g12447	-0.586879183709021	0.0152696858403457
1040	MvSl-1064-A2-R4_MC17g12466	-0.728118795428666	0.00353877987878695
1041	MvSl-1064-A2-R4_MC17g12491	-1.42297477731053	9.89494660452017e-06
1042	MvSl-1064-A2-R4_MC17g12492	-0.941697845661422	0.00369573239622016
1043	MvSl-1064-A2-R4_MC17g12493	-2.27333606299805	0.000143244994083584
1044	MvSl-1064-A2-R4_MC17g12496	-4.43075528021522	1.475775623291e-12
