gene	logFC	FDR
1	MvSl-1064-A1-R4_A1g00073	-0.809938536458476	0.0457931662369362
2	MvSl-1064-A1-R4_A1g00112	-1.2528508222821	0.0144382351079366
3	MvSl-1064-A1-R4_A1g01138	-10.7779550553827	5.05894243728625e-159
4	MvSl-1064-A1-R4_A1g00120	-0.7928475873062	0.0197038001818771
5	MvSl-1064-A1-R4_A1g00246	-0.870182789900514	0.000142691107729596
6	MvSl-1064-A1-R4_A1g00718	-1.04001649638261	0.00201373184413655
7	MvSl-1064-A1-R4_A1g00648	-0.643522375228785	0.0163205135583845
8	MvSl-1064-A1-R4_A1g01282	-6.17657567289036	3.19719491257155e-28
9	MvSl-1064-A1-R4_A1g00383	-0.871056138325611	0.00229266557015372
10	MvSl-1064-A1-R4_A1g01376	-0.932897325429224	0.000340661040367846
11	MvSl-1064-A1-R4_A1g01038	-2.44810496270769	1.21035881726868e-12
12	MvSl-1064-A1-R4_A1g01383	-0.970293611138581	0.000101103093122969
13	MvSl-1064-A1-R4_A1g00230	-4.3777088948649	1.07133332691175e-58
14	MvSl-1064-A1-R4_A1g00745	-2.59351542891222	4.05292276965192e-35
15	MvSl-1064-A1-R4_A1g01135	-1.20492938661197	4.38450790226231e-08
16	MvSl-1064-A1-R4_A1g00241	-0.662091766266858	0.0277013422272524
17	MvSl-1064-A1-R4_A1g00242	-0.639040425549416	0.0457931662369362
18	MvSl-1064-A1-R4_A1g00326	-12.5204229141095	1.95117737839185e-68
19	MvSl-1064-A1-R4_A1g01162	-5.46682487287211	2.57468386939486e-29
20	MvSl-1064-A1-R4_A1g01163	-3.61809912824152	2.60462771045372e-26
21	MvSl-1064-A1-R4_A1g01049	-3.77767432219208	1.47097730185916e-63
22	MvSl-1064-A1-R4_A1g01007	-3.8460082912488	3.89850905576761e-35
23	MvSl-1064-A1-R4_A1g01021	-6.87520802481936	1.87192402322583e-31
24	MvSl-1064-A1-R4_A1g00350	-0.874838284729675	0.0101247763135023
25	MvSl-1064-A1-R4_A1g00642	-7.84412510380759	3.32721511937598e-146
26	MvSl-1064-A1-R4_A1g00349	-2.63195528573119	6.22205167119536e-08
27	MvSl-1064-A1-R4_A1g00835	-4.21141033112473	1.07388156646537e-35
28	MvSl-1064-A1-R4_A1g00546	-5.17803520645858	7.00022892431554e-25
29	MvSl-1064-A1-R4_A1g01358	-1.31075176929803	0.0099661958532008
30	MvSl-1064-A1-R4_A1g00854	-0.78165259433394	0.0152745423747134
31	MvSl-1064-A1-R4_A1g01432	-1.15964623084237	0.0012570042041914
32	MvSl-1064-A1-R4_A1g00956	-1.56859790695709	1.74829355953581e-11
33	MvSl-1064-A1-R4_A1g00959	-1.92938051011923	5.68689201288188e-13
34	MvSl-1064-A1-R4_A1g01045	-2.98498755983259	2.13409322140166e-07
35	MvSl-1064-A1-R4_A1g00970	-0.87336306800763	0.000317868676338913
36	MvSl-1064-A1-R4_A1g00804	-2.26728956811184	1.54376559262096e-05
37	MvSl-1064-A1-R4_A1g01220	-3.43354345648981	1.4665910234796e-50
38	MvSl-1064-A1-R4_A1g00283	-4.38507828077469	3.93501996981643e-39
39	MvSl-1064-A1-R4_A1g01302	-5.12064643068	8.34577525369845e-61
40	MvSl-1064-A1-R4_A1g00653	-1.22531606076296	0.00703637953545845
41	MvSl-1064-A1-R4_A1g01347	-1.10087044089602	2.60241637721726e-07
42	MvSl-1064-A1-R4_A1g00923	-1.14939527689572	0.00579724143764454
43	MvSl-1064-A1-R4_A1g00929	-2.77797328920779	0.000177348428093244
44	MvSl-1064-A1-R4_A1g01515	-1.61854259478052	1.08599958553811e-10
45	MvSl-1064-A1-R4_MC01-1g01829	-0.804346272667807	0.0320655041988888
46	MvSl-1064-A1-R4_MC01-1g01957	-0.738962711229637	0.0125199625283882
47	MvSl-1064-A1-R4_MC01-1g01970	-2.96651579895204	1.41312097180755e-30
48	MvSl-1064-A1-R4_MC01-1g02046	-1.33480762825128	0.00169165365031332
49	MvSl-1064-A1-R4_MC01-1g02422	-1.30833050824943	0.0211378143728785
50	MvSl-1064-A1-R4_MC01-1g02545	-0.712920114842643	0.0426537516624148
51	MvSl-1064-A1-R4_MC01-1g02628	-0.682529250560674	0.0301852865912416
52	MvSl-1064-A1-R4_MC01-1g02725	-1.35929044051645	3.7501497074019e-06
53	MvSl-1064-A1-R4_MC01-1g02734	-2.26730822304278	5.37565442214041e-14
54	MvSl-1064-A1-R4_MC01-1g02753	-1.25856973381893	0.00407474349665553
55	MvSl-1064-A1-R4_MC01-1g02763	-0.786351087664652	0.0441147325884299
56	MvSl-1064-A1-R4_MC01-1g02764	-0.967973199104823	0.00121854648563876
57	MvSl-1064-A1-R4_MC01-1g02769	-1.02543906056998	0.0105926520209571
58	MvSl-1064-A1-R4_MC01-1g02779	-0.828561828800907	0.0022932021425864
59	MvSl-1064-A1-R4_MC01-1g02787	-1.95926718307026	0.00377075566895493
60	MvSl-1064-A1-R4_MC01-1g02805	-1.93904441437527	0.0124252935382258
61	MvSl-1064-A1-R4_MC01-1g02827	-3.39796457085577	1.8659636217802e-05
62	MvSl-1064-A1-R4_MC01-1g02885	-9.03657795942506	1.04475887066441e-16
63	MvSl-1064-A1-R4_MC01-1g02924	-2.59068788913112	0.00428570926405069
64	MvSl-1064-A1-R4_MC01-1g02916	-10.9137565345894	1.61804465219685e-26
65	MvSl-1064-A1-R4_MC01-1g02912	-3.20888661143597	1.30473445407751e-10
66	MvSl-1064-A1-R4_MC01-2g02957	-1.78260390968649	0.00435568382608506
67	MvSl-1064-A1-R4_MC01-2g02970	-6.83434786008191	8.13125222103513e-50
68	MvSl-1064-A1-R4_MC01-2g03005	-1.19311062129471	4.24828736794778e-05
69	MvSl-1064-A1-R4_MC01-2g03006	-7.96271854066874	4.34837285483933e-46
70	MvSl-1064-A1-R4_MC01-2g03070	-0.907767262603003	0.0208308066871646
71	MvSl-1064-A1-R4_MC01-2g03146	-0.846453933935679	0.00694662563069691
72	MvSl-1064-A1-R4_MC02g03205	-0.991142722615331	0.000255472507783161
73	MvSl-1064-A1-R4_MC02g03229	-0.801395888317695	0.0316874341278401
74	MvSl-1064-A1-R4_MC02g03274	-1.55623594128569	0.000148844424247152
75	MvSl-1064-A1-R4_MC02g03288	-0.937751472958859	0.0287379745762969
76	MvSl-1064-A1-R4_MC02g03327	-1.01385294903919	0.0118155479322394
77	MvSl-1064-A1-R4_MC02g03352	-1.01376068434369	5.56332523384366e-06
78	MvSl-1064-A1-R4_MC02g03373	-1.54996287617821	2.41034780524998e-05
79	MvSl-1064-A1-R4_MC02g03471	-1.24902563441298	0.0302096472964616
80	MvSl-1064-A1-R4_MC02g03515	-0.867014984745633	0.0111073201129868
81	MvSl-1064-A1-R4_MC02g03606	-1.57164047716032	1.30496599635927e-11
82	MvSl-1064-A1-R4_MC02g03617	-0.849511587791535	0.01024822954236
83	MvSl-1064-A1-R4_MC02g03891	-1.86882734044127	2.60687005071916e-13
84	MvSl-1064-A1-R4_MC02g03922	-1.25618601898629	0.00396697501794248
85	MvSl-1064-A1-R4_MC02g04109	-1.27434969143212	0.0023713146116456
86	MvSl-1064-A1-R4_MC02g04206	-1.30275526515681	0.0370859808571017
87	MvSl-1064-A1-R4_MC02g04207	-0.768712972281928	0.0320655041988888
88	MvSl-1064-A1-R4_MC02g04208	-0.779439246080065	0.0339094410353367
89	MvSl-1064-A1-R4_MC02g04224	-1.16498882249391	0.0125199625283882
90	MvSl-1064-A1-R4_MC03g04423	-0.717484928955726	0.0130307260848294
91	MvSl-1064-A1-R4_MC03g04424	-1.08816670717907	0.0216867823341446
92	MvSl-1064-A1-R4_MC03g04539	-2.03276644315068	0.000898194405331615
93	MvSl-1064-A1-R4_MC03g04760	-0.875694241480611	0.0200146967689968
94	MvSl-1064-A1-R4_MC03g04831	-1.04644014400511	0.0175326959068172
95	MvSl-1064-A1-R4_MC03g04879	-2.24960421915024	0.00321356535227742
96	MvSl-1064-A1-R4_MC03g04909	-2.16263438656497	4.16666563364712e-10
97	MvSl-1064-A1-R4_MC03g04959	-2.18587570983062	0.00355640217683238
98	MvSl-1064-A1-R4_MC03g05070	-2.33214221812409	0.0221343869241833
99	MvSl-1064-A1-R4_MC03g05077	-0.71785786217617	0.0441147325884299
100	MvSl-1064-A1-R4_MC03g05112	-0.765757522898286	0.00786175802047045
101	MvSl-1064-A1-R4_MC03g05222	-2.47306794715501	2.33017982646148e-15
102	MvSl-1064-A1-R4_MC04-1g05282	-5.21727679867182	2.92388145226751e-10
103	MvSl-1064-A1-R4_MC04-1g05292	-5.89461949843809	5.72935542817714e-76
104	MvSl-1064-A1-R4_MC04-1g05308	-0.991829959324757	0.00786175802047045
105	MvSl-1064-A1-R4_MC04-1g05323	-0.644229668820093	0.0302328373534887
106	MvSl-1064-A1-R4_MC04-1g05424	-2.02384926592029	0.00152173594022651
107	MvSl-1064-A1-R4_MC04-1g05493	-0.648327108501723	0.031582562905082
108	MvSl-1064-A1-R4_MC04-1g05592	-0.996288457024375	0.00237209839904177
109	MvSl-1064-A1-R4_MC04-1g05677	-0.973325609022861	0.020038982652449
110	MvSl-1064-A1-R4_MC04-1g05801	-1.29590998935679	0.00601106668018902
111	MvSl-1064-A1-R4_MC04-1g05826	-3.74091111163797	1.59197914995061e-12
112	MvSl-1064-A1-R4_MC04-1g05832	-6.36061002046956	4.01662836271819e-08
113	MvSl-1064-A1-R4_MC04-1g05858	-1.28334482464064	7.41898931841471e-06
114	MvSl-1064-A1-R4_MC04-1g05942	-0.753489618922292	0.00704013722595138
115	MvSl-1064-A1-R4_MC04-1g05982	-1.44313621148287	0.0215959086427176
116	MvSl-1064-A1-R4_MC04-1g06004	-1.4182077824056	0.0026700987765222
117	MvSl-1064-A1-R4_MC04-1g06041	-1.26793514987098	1.46897407729493e-05
118	MvSl-1064-A1-R4_MC04-1g06069	-2.35216234790731	1.14449188173526e-13
119	MvSl-1064-A1-R4_MC04-2g06086	-2.05021552785628	6.15243095110353e-20
120	MvSl-1064-A1-R4_MC05-1g06209	-3.93174091688922	1.200523238162e-12
121	MvSl-1064-A1-R4_MC05-1g06258	-1.14964868216168	0.00601106668018902
122	MvSl-1064-A1-R4_MC05-2g06412	-1.97548593340601	3.27440760311977e-10
123	MvSl-1064-A1-R4_MC05-2g06461	-1.38761421526392	0.00334880504300477
124	MvSl-1064-A1-R4_MC05-2g06481	-0.948500110035725	0.0155990612993059
125	MvSl-1064-A1-R4_MC05-2g06485	-1.65616713772016	0.00698234565592884
126	MvSl-1064-A1-R4_MC05-3g06591	-0.741340343056367	0.00392621187494282
127	MvSl-1064-A1-R4_MC05-3g06731	-2.33181183397203	1.25379260738695e-18
128	MvSl-1064-A1-R4_MC05-3g06760	-2.3412696676859	0.0129249961142233
129	MvSl-1064-A1-R4_MC05-3g06790	-1.1701871838328	0.0002832476521337
130	MvSl-1064-A1-R4_MC06g06890	-1.40788722008798	0.0476790683588643
131	MvSl-1064-A1-R4_MC06g06907	-1.63656253704651	2.43786473117502e-10
132	MvSl-1064-A1-R4_MC06g06943	-0.800805450677155	0.0144382351079366
133	MvSl-1064-A1-R4_MC06g07102	-2.26366870615596	4.08067529314205e-07
134	MvSl-1064-A1-R4_MC06g07138	-4.46192637064801	9.78547858190744e-33
135	MvSl-1064-A1-R4_MC06g07178	-1.47479562684137	0.0496907380470421
136	MvSl-1064-A1-R4_MC06g07191	-1.25491873017477	0.00182396653081592
137	MvSl-1064-A1-R4_MC06g07420	-1.214773204402	0.0208299998120102
138	MvSl-1064-A1-R4_MC06g07471	-1.29892612946774	0.00579724143764454
139	MvSl-1064-A1-R4_MC06g07527	-0.873852152254699	0.0287215312968556
140	MvSl-1064-A1-R4_MC07g07592	-1.08707656526134	0.0388649179982754
141	MvSl-1064-A1-R4_MC07g07597	-0.703524497354171	0.0441147325884299
142	MvSl-1064-A1-R4_MC07g07612	-0.779653409339767	0.0339094410353367
143	MvSl-1064-A1-R4_MC07g07613	-0.83785270585053	0.0457931662369362
144	MvSl-1064-A1-R4_MC07g07835	-1.20099484091107	0.0490831299920848
145	MvSl-1064-A1-R4_MC07g07851	-1.29556848911356	0.0469276215398275
146	MvSl-1064-A1-R4_MC07g07961	-4.09880721257393	1.65195384702478e-36
147	MvSl-1064-A1-R4_MC07g07964	-1.66689496973081	0.0184601044513465
148	MvSl-1064-A1-R4_MC07g08004	-2.06600117722222	7.66133887172401e-09
149	MvSl-1064-A1-R4_MC07g08078	-1.13156971159504	0.0179434311270781
150	MvSl-1064-A1-R4_MC07g08249	-1.90337795639099	0.00970414882714736
151	MvSl-1064-A1-R4_MC08g08369	-1.86930109551564	9.37433368397754e-06
152	MvSl-1064-A1-R4_MC08g08445	-0.798328745936847	0.0100635313596164
153	MvSl-1064-A1-R4_MC08g08447	-1.08430252917091	0.0225200197682157
154	MvSl-1064-A1-R4_MC08g08472	-0.79988999250265	0.00959283754632578
155	MvSl-1064-A1-R4_MC08g08498	-1.02054436814921	0.0164747475957646
156	MvSl-1064-A1-R4_MC08g08762	-1.02592203965157	4.59661900107344e-05
157	MvSl-1064-A1-R4_MC08g08835	-1.55352943267415	0.0461890412120811
158	MvSl-1064-A1-R4_MC09-2g09067	-5.75417535428135	5.29604238409811e-38
159	MvSl-1064-A1-R4_MC09-2g09380	-1.27140593363907	0.00114279688634082
160	MvSl-1064-A1-R4_MC09-2g09506	-1.05146185152793	0.0252817164129209
161	MvSl-1064-A1-R4_MC09-2g09507	-1.16721350954126	0.0397846306972025
162	MvSl-1064-A1-R4_MC09-2g09527	-0.658861821572144	0.0267793582043871
163	MvSl-1064-A1-R4_MC09-2g09541	-1.58217012354142	8.01910028453354e-12
164	MvSl-1064-A1-R4_MC09-2g09545	-1.06410278761519	0.000113866359792535
165	MvSl-1064-A1-R4_MC09-2g09566	-3.14382871246888	1.40000628979797e-05
166	MvSl-1064-A1-R4_MC10-1g09727	-0.974006106142236	0.0011933078431295
167	MvSl-1064-A1-R4_MC10-1g09729	-0.970616227289806	0.0469276215398275
168	MvSl-1064-A1-R4_MC10-1g09730	-1.67587149456521	3.56578525190102e-07
169	MvSl-1064-A1-R4_MC10-1g09732	-1.14378494996861	0.00128615290931726
170	MvSl-1064-A1-R4_MC10-1g09809	-0.667177876595405	0.0377883742200337
171	MvSl-1064-A1-R4_MC10-1g09833	-1.53744309717898	7.06388593544082e-12
172	MvSl-1064-A1-R4_MC10-1g09854	-4.09981108831084	2.19693456062294e-10
173	MvSl-1064-A1-R4_MC10-2g09873	-0.742625419703607	0.022284780215221
174	MvSl-1064-A1-R4_MC10-2g09886	-1.84730511714175	2.21825376061646e-19
175	MvSl-1064-A1-R4_MC10-2g09942	-0.840026231426252	0.00355640217683238
176	MvSl-1064-A1-R4_MC10-2g09962	-1.07293384292106	0.0262327107591574
177	MvSl-1064-A1-R4_MC10-2g09980	-1.13328888498925	0.00648948999146628
178	MvSl-1064-A1-R4_MC10-2g10037	-0.772694941123056	0.00448117582265897
179	MvSl-1064-A1-R4_MC10-2g10050	-0.855598662702299	0.00260283905683354
180	MvSl-1064-A1-R4_MC10-2g10108	-0.909003791523765	0.0141058521720702
181	MvSl-1064-A1-R4_MC10-2g10116	-0.891041260632452	0.00803859628853981
182	MvSl-1064-A1-R4_MC10-2g10125	-1.14309491163803	0.0301852865912416
183	MvSl-1064-A1-R4_MC10-2g10132	-1.29644444417939	2.03087317248771e-06
184	MvSl-1064-A1-R4_MC11g10175	-0.88583706951435	0.0240652871463062
185	MvSl-1064-A1-R4_MC11g10201	-2.87669102134467	1.90540576892618e-07
186	MvSl-1064-A1-R4_MC11g10231	-1.28712429654082	0.01585770801792
187	MvSl-1064-A1-R4_MC11g10248	-1.1233531968375	0.00368719300724567
188	MvSl-1064-A1-R4_MC11g10255	-1.5155484382884	1.00252275622159e-07
189	MvSl-1064-A1-R4_MC11g10335	-0.695335167358181	0.0273646404857484
190	MvSl-1064-A1-R4_MC11g10346	-2.31723557121319	3.99590797558366e-05
191	MvSl-1064-A1-R4_MC11g10369	-0.994428537467192	0.0054256439279796
192	MvSl-1064-A1-R4_MC11g10508	-1.47213039452974	0.0386544551598956
193	MvSl-1064-A1-R4_MC11g10517	-0.691712905628593	0.0147541588326891
194	MvSl-1064-A1-R4_MC11g10575	-2.34514380025732	0.00355640217683238
195	MvSl-1064-A1-R4_MC11g10576	-5.1860055566305	1.48202466815237e-14
196	MvSl-1064-A1-R4_MC11g10627	-2.11565397770319	3.01692849870626e-07
197	MvSl-1064-A1-R4_MC11g10628	-1.94042867080427	0.00665969774029207
198	MvSl-1064-A1-R4_MC11g10629	-1.55166411276755	0.0208299998120102
199	MvSl-1064-A1-R4_MC11g10630	-1.98957827093271	0.00042706384231041
200	MvSl-1064-A1-R4_MC11g10654	-1.72443753042812	0.00167719864811243
201	MvSl-1064-A1-R4_MC11g10722	-1.58338868472454	2.13409322140166e-07
202	MvSl-1064-A1-R4_MC11g10730	-3.42792815546091	6.8694289850275e-18
203	MvSl-1064-A1-R4_MC12g10779	-1.3539296247286	0.000703263624365893
204	MvSl-1064-A1-R4_MC12g10792	-0.968541633220964	0.00655201027096618
205	MvSl-1064-A1-R4_MC12g11020	-0.752000607786334	0.00514111527672323
206	MvSl-1064-A1-R4_MC12g11112	-1.57679496090481	0.00786175802047045
207	MvSl-1064-A1-R4_MC13g11325	-0.951842696665765	0.00426660975208841
208	MvSl-1064-A1-R4_MC13g11416	-1.26720485573612	0.0418855957045179
209	MvSl-1064-A1-R4_MC13g11418	-1.32935022853504	0.0011933078431295
210	MvSl-1064-A1-R4_MC13g11443	-0.684908901204611	0.0357988413028287
211	MvSl-1064-A1-R4_MC13g11584	-0.897729294045968	0.0222115194816763
212	MvSl-1064-A1-R4_MC13g11616	-0.579927097603958	0.0441147325884299
213	MvSl-1064-A1-R4_MC13g11692	-0.758476304581644	0.0262327107591574
214	MvSl-1064-A1-R4_MC13g11714	-1.09208401185967	0.00281296197344023
215	MvSl-1064-A1-R4_MC13g11715	-1.38837450642823	3.87029269922862e-10
216	MvSl-1064-A1-R4_MC14g11772	-1.07576491241947	0.0301852865912416
217	MvSl-1064-A1-R4_MC14g11775	-0.872575740597436	0.022284780215221
218	MvSl-1064-A1-R4_MC14g11804	-1.71957268264073	2.67347502127042e-09
219	MvSl-1064-A1-R4_MC14g11805	-0.620479989737153	0.037033796361304
220	MvSl-1064-A1-R4_MC14g11916	-0.96008748534293	0.00472136033635327
221	MvSl-1064-A1-R4_MC14g11962	-1.00735018587158	0.0197038001818771
222	MvSl-1064-A1-R4_MC14g11983	-4.62654207011007	5.33755570302818e-20
223	MvSl-1064-A1-R4_MC15g12133	-1.671446500954	0.00114272601807871
224	MvSl-1064-A1-R4_MC15g12148	-6.84164359856674	9.06363451625332e-16
225	MvSl-1064-A1-R4_MC16g12190	-1.14062526012671	0.00122797505690326
226	MvSl-1064-A1-R4_MC16g12196	-1.65430147300347	3.5468506620245e-11
