gene	logFC	FDR
1	MvSl-1064-A1-R4_A1g00009	0.998232506971588	0.0397245964152167
2	MvSl-1064-A1-R4_A1g00040	1.61098494248634	0.0107300336874646
3	MvSl-1064-A1-R4_A1g00079	0.757246422207884	0.0361001636708703
4	MvSl-1064-A1-R4_A1g00080	0.974101644159524	0.0114669953581253
5	MvSl-1064-A1-R4_A1g00081	1.22081305843511	0.00152512079167514
6	MvSl-1064-A1-R4_A1g00087	1.00962064703969	0.0118269951643182
7	MvSl-1064-A1-R4_A1g00088	1.72214990444482	0.000466955820667798
8	MvSl-1064-A1-R4_A1g00093	1.2459536845003	0.0381152915548299
9	MvSl-1064-A1-R4_A1g00101	2.13164488388621	0.000683643860663727
10	MvSl-1064-A1-R4_A1g00114	1.20852893562696	0.000685307584700935
11	MvSl-1064-A1-R4_A1g00120	0.972863956107753	0.0187100964645892
12	MvSl-1064-A1-R4_A1g00126	1.23300412796924	1.17401507928506e-06
13	MvSl-1064-A1-R4_A1g00127	5.38246283914992	2.48396025585735e-13
14	MvSl-1064-A1-R4_A1g00128	4.50416086267122	5.08447778757895e-45
15	MvSl-1064-A1-R4_A1g00130	2.22801779999061	1.53359748417333e-07
16	MvSl-1064-A1-R4_A1g00136	1.21917721426054	0.000421657013083323
17	MvSl-1064-A1-R4_A1g00151	1.08503454794028	0.000308225801324191
18	MvSl-1064-A1-R4_A1g00158	1.02473377763208	0.0210152686141911
19	MvSl-1064-A1-R4_A1g00159	1.38666892384074	0.00136644005363839
20	MvSl-1064-A1-R4_A1g00160	1.50142635042853	0.00120631995687766
21	MvSl-1064-A1-R4_A1g00166	1.80776154664833	1.7150973729073e-11
22	MvSl-1064-A1-R4_A1g00173	5.47441480052854	2.36774683252115e-22
23	MvSl-1064-A1-R4_A1g00174	5.58719882384375	3.01198994999741e-12
24	MvSl-1064-A1-R4_A1g00187	0.96236958576223	0.0271200544923318
25	MvSl-1064-A1-R4_A1g00189	1.44845957732459	0.00031764372715429
26	MvSl-1064-A1-R4_A1g00190	1.2221156316426	0.00241440437201272
27	MvSl-1064-A1-R4_A1g00191	0.938108639176399	0.00159049532864754
28	MvSl-1064-A1-R4_A1g00201	1.93924618368645	5.7128857037858e-09
29	MvSl-1064-A1-R4_A1g00219	1.19892896497888	0.00415399888845419
30	MvSl-1064-A1-R4_A1g00234	2.60262189112069	4.93165140538939e-06
31	MvSl-1064-A1-R4_A1g00235	2.10950154830329	2.38702785444646e-15
32	MvSl-1064-A1-R4_A1g00236	1.85031811296238	9.91388690704663e-10
33	MvSl-1064-A1-R4_A1g00239	1.6595505228957	2.79291052906226e-05
34	MvSl-1064-A1-R4_A1g00269	0.866718146474978	0.0044647678027799
35	MvSl-1064-A1-R4_A1g00270	0.678778153214746	0.028332388854419
36	MvSl-1064-A1-R4_A1g00271	1.3652551861467	0.0327484074542491
37	MvSl-1064-A1-R4_A1g00279	1.48657932728997	0.000976292526417538
38	MvSl-1064-A1-R4_A1g00292	0.718431391445587	0.0124722000372756
39	MvSl-1064-A1-R4_A1g00294	1.03452386356098	0.0104807199294737
40	MvSl-1064-A1-R4_A1g00306	4.54526139987387	6.67252289640746e-22
41	MvSl-1064-A1-R4_A1g00308	1.30033111081303	0.000577480357969912
42	MvSl-1064-A1-R4_A1g00310	0.887206019986505	0.00303430251910537
43	MvSl-1064-A1-R4_A1g00312	3.12828074753662	1.7699716107634e-25
44	MvSl-1064-A1-R4_A1g00313	2.75316898400013	5.66729990929196e-15
45	MvSl-1064-A1-R4_A1g00319	1.79156421244346	9.36035050855076e-05
46	MvSl-1064-A1-R4_A1g00320	2.41501778648789	5.85185283452189e-06
47	MvSl-1064-A1-R4_A1g00321	0.874405939602077	0.0221995951154448
48	MvSl-1064-A1-R4_A1g00330	1.72609748324933	4.04588234580763e-06
49	MvSl-1064-A1-R4_A1g00331	1.16035272603004	0.0173151145753297
50	MvSl-1064-A1-R4_A1g00334	1.12399015628586	0.0171877058583245
51	MvSl-1064-A1-R4_A1g00339	2.82843533757481	1.59147732013501e-11
52	MvSl-1064-A1-R4_A1g00340	4.4258422291298	2.75548742470493e-31
53	MvSl-1064-A1-R4_A1g00341	4.7372124052616	7.08382423877427e-28
54	MvSl-1064-A1-R4_A1g00342	1.97016744310985	1.05447529072574e-11
55	MvSl-1064-A1-R4_A1g00343	1.60167407760964	3.67607314426837e-05
56	MvSl-1064-A1-R4_A1g00348	1.53696557528468	9.57431050543591e-07
57	MvSl-1064-A1-R4_A1g00353	1.96385664661346	7.16169183898432e-10
58	MvSl-1064-A1-R4_A1g00355	2.05934579422917	7.92940702345734e-08
59	MvSl-1064-A1-R4_A1g00356	1.86349205536918	0.000646496839597364
60	MvSl-1064-A1-R4_A1g00357	2.26395529438605	1.56320428191073e-07
61	MvSl-1064-A1-R4_A1g00361	1.19447652384532	0.00143195802523426
62	MvSl-1064-A1-R4_A1g00363	1.80854065775327	6.18533073889784e-07
63	MvSl-1064-A1-R4_A1g00364	1.8531885355473	8.86004917071253e-07
64	MvSl-1064-A1-R4_A1g00366	0.893613658049542	0.00323158673419653
65	MvSl-1064-A1-R4_A1g00375	1.4009231733479	0.000107368990406862
66	MvSl-1064-A1-R4_A1g00380	0.909530817264956	0.000595894942893209
67	MvSl-1064-A1-R4_A1g00387	2.30351108512292	0.000193894788852396
68	MvSl-1064-A1-R4_A1g00388	1.37647255658665	0.0091508384869965
69	MvSl-1064-A1-R4_A1g00405	0.823111726157141	0.0424636034436586
70	MvSl-1064-A1-R4_A1g00409	2.31495079397164	4.82154036010809e-07
71	MvSl-1064-A1-R4_A1g00410	1.81183085429892	1.36825319527312e-05
72	MvSl-1064-A1-R4_A1g00411	2.06123160555764	7.35166826749407e-10
73	MvSl-1064-A1-R4_A1g00412	2.05857797573962	0.00316877984361878
74	MvSl-1064-A1-R4_A1g00413	2.05009467046639	4.70928277484783e-07
75	MvSl-1064-A1-R4_A1g00414	1.1570714174046	0.0082120761065053
76	MvSl-1064-A1-R4_A1g00423	1.31576815698574	0.0235542240035446
77	MvSl-1064-A1-R4_A1g00443	1.45181578518548	0.000104020516312327
78	MvSl-1064-A1-R4_A1g00447	0.970747347715559	0.00102110559261977
79	MvSl-1064-A1-R4_A1g00448	1.432059830773	0.000176277491263578
80	MvSl-1064-A1-R4_A1g00459	1.09700365214531	0.032235556339049
81	MvSl-1064-A1-R4_A1g00461	1.49317817986581	0.00259322086020003
82	MvSl-1064-A1-R4_A1g00462	1.16046305204448	0.000836783398782824
83	MvSl-1064-A1-R4_A1g00463	1.5940043360216	1.48003192271852e-06
84	MvSl-1064-A1-R4_A1g00464	1.62661243998466	0.0159470067755274
85	MvSl-1064-A1-R4_A1g00469	1.62661243278754	0.0159470067755274
86	MvSl-1064-A1-R4_A1g00470	1.59400433483894	1.48003192271852e-06
87	MvSl-1064-A1-R4_A1g00471	1.80017353382463	7.77778418496195e-05
88	MvSl-1064-A1-R4_A1g00489	1.06193233163538	8.33738957347155e-05
89	MvSl-1064-A1-R4_A1g00491	0.670799438188527	0.0163942280158972
90	MvSl-1064-A1-R4_A1g00495	0.863125752889073	0.0017174111588945
91	MvSl-1064-A1-R4_A1g00496	0.93495447164865	0.00791946059227781
92	MvSl-1064-A1-R4_A1g00515	1.0916375285671	0.000385770183735891
93	MvSl-1064-A1-R4_A1g00516	1.30372451595073	3.74091258756001e-05
94	MvSl-1064-A1-R4_A1g00522	2.52749467012823	1.97383465883229e-06
95	MvSl-1064-A1-R4_A1g00537	1.41683131265987	0.0025148359739876
96	MvSl-1064-A1-R4_A1g00539	1.31638501636404	0.0184230230043409
97	MvSl-1064-A1-R4_A1g00545	2.53914734092243	6.87418779057175e-06
98	MvSl-1064-A1-R4_A1g00549	1.51581213334403	2.88601718451468e-08
99	MvSl-1064-A1-R4_A1g00550	1.39399273662856	0.000563957911494447
100	MvSl-1064-A1-R4_A1g00552	1.27628262483076	0.0225952096710948
101	MvSl-1064-A1-R4_A1g00553	2.20436532225944	3.11028699822214e-07
102	MvSl-1064-A1-R4_A1g00559	0.884497688957542	0.00924029630030655
103	MvSl-1064-A1-R4_A1g00569	0.936042253077621	0.00108438739970115
104	MvSl-1064-A1-R4_A1g00577	2.02270314283656	5.31593842925001e-06
105	MvSl-1064-A1-R4_A1g00578	2.59343993584683	0.000155378129548814
106	MvSl-1064-A1-R4_A1g00579	2.47267641640145	8.03465813057286e-10
107	MvSl-1064-A1-R4_A1g00580	1.85435391667042	1.14411104101758e-06
108	MvSl-1064-A1-R4_A1g00582	1.92120107987478	6.21012266827814e-08
109	MvSl-1064-A1-R4_A1g00583	2.09365349110018	2.33343731250891e-06
110	MvSl-1064-A1-R4_A1g00590	0.93448737841981	0.0424568841432046
111	MvSl-1064-A1-R4_A1g00599	2.61356171890039	5.19026496496204e-05
112	MvSl-1064-A1-R4_A1g00601	1.88776596945857	0.00972589518503439
113	MvSl-1064-A1-R4_A1g00605	1.55665739773789	1.53558148133666e-07
114	MvSl-1064-A1-R4_A1g00606	0.999994468195717	0.0107197847427188
115	MvSl-1064-A1-R4_A1g00620	1.12550764483467	0.0092347102980578
116	MvSl-1064-A1-R4_A1g00621	2.89390993316387	1.031867182342e-08
117	MvSl-1064-A1-R4_A1g00622	1.02318281801579	0.0008455054009215
118	MvSl-1064-A1-R4_A1g00623	1.07523464026534	0.0238449653760799
119	MvSl-1064-A1-R4_A1g00626	1.20389138598148	0.00012626247656128
120	MvSl-1064-A1-R4_A1g00629	1.1138974646599	0.0163942280158972
121	MvSl-1064-A1-R4_A1g00630	1.12367039735237	0.000740279770163493
122	MvSl-1064-A1-R4_A1g00631	0.944149787548007	0.00565182890670799
123	MvSl-1064-A1-R4_A1g00632	0.917249972266725	0.0351156278853096
124	MvSl-1064-A1-R4_A1g00633	0.966953999294299	0.00139350028409893
125	MvSl-1064-A1-R4_A1g00635	1.4473230255375	0.000224448842814959
126	MvSl-1064-A1-R4_A1g00636	2.10688476352566	9.56444009162054e-08
127	MvSl-1064-A1-R4_A1g00637	1.75935183806742	3.98677457492218e-08
128	MvSl-1064-A1-R4_A1g00639	1.5503784052134	0.000136157693447965
129	MvSl-1064-A1-R4_A1g00640	0.768228394441789	0.0338269813697437
130	MvSl-1064-A1-R4_A1g00646	0.850422651288899	0.015153947683324
131	MvSl-1064-A1-R4_A1g00650	2.93774609922824	1.15977851091526e-11
132	MvSl-1064-A1-R4_A1g00652	1.61064902922264	2.31706165947288e-05
133	MvSl-1064-A1-R4_A1g00658	2.38507001563074	0.00146045484469719
134	MvSl-1064-A1-R4_A1g00660	1.33760644727417	2.59372678578319e-06
135	MvSl-1064-A1-R4_A1g00663	1.32572832590922	7.40957707080643e-06
136	MvSl-1064-A1-R4_A1g00671	1.70767979000268	1.28564691665044e-05
137	MvSl-1064-A1-R4_A1g00672	1.06876577117227	0.0014452086473872
138	MvSl-1064-A1-R4_A1g00673	1.194651247594	0.0468957934301241
139	MvSl-1064-A1-R4_A1g00674	2.08577140440142	1.92063015833277e-06
140	MvSl-1064-A1-R4_A1g00675	1.76348451604439	0.00178196674285724
141	MvSl-1064-A1-R4_A1g00676	2.08575647633249	6.26455019652979e-10
142	MvSl-1064-A1-R4_A1g00689	0.96824540363377	0.0036229307450196
143	MvSl-1064-A1-R4_A1g00690	1.09119226222238	0.000395111763137961
144	MvSl-1064-A1-R4_A1g00691	1.26895034312053	3.34855814019893e-06
145	MvSl-1064-A1-R4_A1g00696	1.36598110606431	0.000145220238449104
146	MvSl-1064-A1-R4_A1g00698	0.914441581599906	0.00308605072503557
147	MvSl-1064-A1-R4_A1g00705	1.12855784320516	0.00135673173814833
148	MvSl-1064-A1-R4_A1g00706	1.1237918942185	0.00446686479542973
149	MvSl-1064-A1-R4_A1g00707	0.91596936874333	0.0467089758637165
150	MvSl-1064-A1-R4_A1g00710	1.03146645368181	0.0300145910586775
151	MvSl-1064-A1-R4_A1g00711	1.09177719618761	0.0012699421647051
152	MvSl-1064-A1-R4_A1g00715	0.979352192349241	0.045877027194676
153	MvSl-1064-A1-R4_A1g00719	0.904050366885461	0.00223547387236695
154	MvSl-1064-A1-R4_A1g00729	0.911198675726253	0.000514106823738019
155	MvSl-1064-A1-R4_A1g00731	1.25142052424313	0.00394017601579391
156	MvSl-1064-A1-R4_A1g00733	1.45590181778748	7.1023930146766e-08
157	MvSl-1064-A1-R4_A1g00734	1.37454289772472	7.77812698698334e-07
158	MvSl-1064-A1-R4_A1g00746	0.825876697560379	0.00940489697395169
159	MvSl-1064-A1-R4_A1g00747	1.00876595468704	0.00643357680498887
160	MvSl-1064-A1-R4_A1g00752	1.65562260120084	1.13588747998447e-06
161	MvSl-1064-A1-R4_A1g00753	0.853670850783487	0.00514060305192396
162	MvSl-1064-A1-R4_A1g00754	0.896572594442899	0.00187500341126326
163	MvSl-1064-A1-R4_A1g00757	1.6847072549747	0.0108837965736375
164	MvSl-1064-A1-R4_A1g00763	1.55533530230843	0.000784329083129892
165	MvSl-1064-A1-R4_A1g00764	1.50585413747622	0.00133787647418893
166	MvSl-1064-A1-R4_A1g00784	1.67563760068373	0.00321757314912366
167	MvSl-1064-A1-R4_A1g00785	1.39543658847752	0.00076593502733169
168	MvSl-1064-A1-R4_A1g00786	1.07310787551814	0.0148152859337518
169	MvSl-1064-A1-R4_A1g00799	1.56069636331316	6.20485341500014e-05
170	MvSl-1064-A1-R4_A1g00805	0.983203994470764	0.00147697728723984
171	MvSl-1064-A1-R4_A1g00806	1.42565280980883	7.99560102081565e-07
172	MvSl-1064-A1-R4_A1g00807	1.04634486452373	0.000879877889248547
173	MvSl-1064-A1-R4_A1g00808	0.902081456866973	0.0350919890472887
174	MvSl-1064-A1-R4_A1g00810	0.962289771293537	0.0257172653279529
175	MvSl-1064-A1-R4_A1g00822	2.41465920400916	2.91537296000123e-05
176	MvSl-1064-A1-R4_A1g00824	1.64280245346355	9.02424829422037e-08
177	MvSl-1064-A1-R4_A1g00833	1.15465303713754	0.0375193742637099
178	MvSl-1064-A1-R4_A1g00839	1.16031955007324	0.000255675968615223
179	MvSl-1064-A1-R4_A1g00847	1.36450082813203	0.0166194179255035
180	MvSl-1064-A1-R4_A1g00848	1.22252251590077	1.37429394734533e-05
181	MvSl-1064-A1-R4_A1g00850	0.952091415192617	0.0040948063232249
182	MvSl-1064-A1-R4_A1g00852	3.97886104528893	6.04882121814031e-05
183	MvSl-1064-A1-R4_A1g00857	1.11414859787323	0.0187859218747765
184	MvSl-1064-A1-R4_A1g00865	2.12139310640099	0.000181350996836473
185	MvSl-1064-A1-R4_A1g00867	1.41750619849167	0.0161697525233457
186	MvSl-1064-A1-R4_A1g00869	1.01315802391252	0.0343546714719943
187	MvSl-1064-A1-R4_A1g00873	1.08250925517075	0.00532707710077728
188	MvSl-1064-A1-R4_A1g00876	1.67743806480926	9.87156028094167e-07
189	MvSl-1064-A1-R4_A1g00877	1.20104654002873	0.00591413248838925
190	MvSl-1064-A1-R4_A1g00879	1.56220208442919	4.11758685628131e-05
191	MvSl-1064-A1-R4_A1g00880	1.74202806604059	0.000278065456103058
192	MvSl-1064-A1-R4_A1g00883	0.815027307994525	0.0170523349772198
193	MvSl-1064-A1-R4_A1g00884	1.48019229625468	0.000235965566019071
194	MvSl-1064-A1-R4_A1g00885	2.46746132849669	2.0459302624493e-07
195	MvSl-1064-A1-R4_A1g00888	0.87028324214441	0.0372596473355886
196	MvSl-1064-A1-R4_A1g00891	1.08869646841603	0.0156199257675192
197	MvSl-1064-A1-R4_A1g00908	0.975138569370835	0.0279405009556195
198	MvSl-1064-A1-R4_A1g00910	1.29233241254397	8.37041934394811e-06
199	MvSl-1064-A1-R4_A1g00914	2.20847079110992	1.17090882959174e-09
200	MvSl-1064-A1-R4_A1g00916	2.42895884334776	7.510598587738e-06
201	MvSl-1064-A1-R4_A1g00924	1.06018770809186	0.000916672132274995
202	MvSl-1064-A1-R4_A1g00925	1.19599411392811	0.0160861866179947
203	MvSl-1064-A1-R4_A1g00928	1.54300175144212	0.00212405212038527
204	MvSl-1064-A1-R4_A1g00930	1.48680922994262	0.00860709218112447
205	MvSl-1064-A1-R4_A1g00934	1.63594126739819	0.000733321032231282
206	MvSl-1064-A1-R4_A1g00948	1.50800457535739	3.50696788473719e-06
207	MvSl-1064-A1-R4_A1g00960	1.54196915938257	3.49513446308247e-09
208	MvSl-1064-A1-R4_A1g00961	0.798409439786327	0.0377959169950869
209	MvSl-1064-A1-R4_A1g00964	1.12282137357061	7.52218293957272e-05
210	MvSl-1064-A1-R4_A1g00965	0.997160733294143	0.00962924503309295
211	MvSl-1064-A1-R4_A1g00967	0.990667317549543	0.00750574710140486
212	MvSl-1064-A1-R4_A1g00976	1.77742275842192	0.000339448569954292
213	MvSl-1064-A1-R4_A1g00977	1.43874242143129	0.000404776873591404
214	MvSl-1064-A1-R4_A1g00985	1.29333118301755	2.31706165947288e-05
215	MvSl-1064-A1-R4_A1g01000	0.9417177844818	0.0267883739119469
216	MvSl-1064-A1-R4_A1g01009	1.27653690953912	1.0389178894169e-05
217	MvSl-1064-A1-R4_A1g01011	0.984952330772616	0.000361959714680627
218	MvSl-1064-A1-R4_A1g01013	1.14815725507955	0.0331814563446532
219	MvSl-1064-A1-R4_A1g01016	0.682553088566721	0.0242079586525235
220	MvSl-1064-A1-R4_A1g01019	0.929619010459596	0.00266062029937639
221	MvSl-1064-A1-R4_A1g01024	1.88648267867547	0.00184894560559067
222	MvSl-1064-A1-R4_A1g01031	1.57456056225527	0.0269063641953324
223	MvSl-1064-A1-R4_A1g01034	1.36339106895463	0.00213998536342048
224	MvSl-1064-A1-R4_A1g01036	1.64030996269431	2.44706504907414e-05
225	MvSl-1064-A1-R4_A1g01054	1.57456095314677	0.026832950721385
226	MvSl-1064-A1-R4_A1g01105	0.796385661321306	0.0228993657487957
227	MvSl-1064-A1-R4_A1g01108	2.05431184207894	0.00322783033250487
228	MvSl-1064-A1-R4_A1g01111	1.96210998966919	0.00203580173837918
229	MvSl-1064-A1-R4_A1g01126	1.73901695169791	2.92225364065227e-06
230	MvSl-1064-A1-R4_A1g01129	0.611790783280507	0.0355762636945996
231	MvSl-1064-A1-R4_A1g01133	0.998900982018943	0.00161149706406052
232	MvSl-1064-A1-R4_A1g01136	0.920648473618157	0.0290528067657527
233	MvSl-1064-A1-R4_A1g01140	2.3975836601738	1.25017102915528e-06
234	MvSl-1064-A1-R4_A1g01143	1.71684434883479	1.89123166977658e-06
235	MvSl-1064-A1-R4_A1g01147	1.18538515192085	2.33678934045331e-06
236	MvSl-1064-A1-R4_A1g01152	1.43210456304065	7.28256578436153e-06
237	MvSl-1064-A1-R4_A1g01164	0.65177856037843	0.0346026137762265
238	MvSl-1064-A1-R4_A1g01174	0.598302183510103	0.0478632395265205
239	MvSl-1064-A1-R4_A1g01176	0.750384775623758	0.0200777080955327
240	MvSl-1064-A1-R4_A1g01179	1.13466484032617	0.00957794982238252
241	MvSl-1064-A1-R4_A1g01180	0.888625601388714	0.015138163755366
242	MvSl-1064-A1-R4_A1g01197	1.1158158837313	0.0475778265429554
243	MvSl-1064-A1-R4_A1g01204	1.26943674582187	0.000127675264101975
244	MvSl-1064-A1-R4_A1g01205	2.25364373788267	0.000116473531841178
245	MvSl-1064-A1-R4_A1g01210	1.10669840831326	0.0109573065420493
246	MvSl-1064-A1-R4_A1g01213	0.896737073716944	0.00168002367373518
247	MvSl-1064-A1-R4_A1g01218	2.06733068067794	2.00614446549628e-07
248	MvSl-1064-A1-R4_A1g01219	1.26757820614433	0.0064590935611859
249	MvSl-1064-A1-R4_A1g01223	1.38676134065218	6.00890132460072e-05
250	MvSl-1064-A1-R4_A1g01225	0.68709926557755	0.0408768909852991
251	MvSl-1064-A1-R4_A1g01229	0.896447605940053	0.00561550938556354
252	MvSl-1064-A1-R4_A1g01230	1.15230209401249	8.52460372667698e-05
253	MvSl-1064-A1-R4_A1g01231	1.71831959204424	4.7657717513789e-07
254	MvSl-1064-A1-R4_A1g01234	0.99305851199844	0.00012920736101574
255	MvSl-1064-A1-R4_A1g01236	0.951111254448391	0.0144153553752021
256	MvSl-1064-A1-R4_A1g01237	1.14201767458026	0.00085178476568484
257	MvSl-1064-A1-R4_A1g01239	0.964213102704703	0.00848646297745825
258	MvSl-1064-A1-R4_A1g01240	0.709643567248157	0.0277775051218947
259	MvSl-1064-A1-R4_A1g01241	2.00072970060317	0.00965872965605732
260	MvSl-1064-A1-R4_A1g01242	1.89470092775716	0.0114334432132362
261	MvSl-1064-A1-R4_A1g01243	1.83669324956884	0.0034911000564304
262	MvSl-1064-A1-R4_A1g01244	0.854651750452635	0.0108424708329488
263	MvSl-1064-A1-R4_A1g01254	0.964569274183361	0.0123112542608248
264	MvSl-1064-A1-R4_A1g01255	2.20269679407591	0.000301053567474066
265	MvSl-1064-A1-R4_A1g01256	1.54714221159347	3.08436441472203e-07
266	MvSl-1064-A1-R4_A1g01257	1.43966516880183	0.0299588260985671
267	MvSl-1064-A1-R4_A1g01258	1.23548363537281	0.000235616479909998
268	MvSl-1064-A1-R4_A1g01259	1.72325894483851	0.00390838040190921
269	MvSl-1064-A1-R4_A1g01260	2.33631149527636	4.28888315613344e-08
270	MvSl-1064-A1-R4_A1g01261	2.08336724312131	2.12872388515394e-06
271	MvSl-1064-A1-R4_A1g01263	1.36975184566473	0.0114334432132362
272	MvSl-1064-A1-R4_A1g01265	1.0106371784931	0.009350947615028
273	MvSl-1064-A1-R4_A1g01266	1.5176838423602	6.01750569014675e-05
274	MvSl-1064-A1-R4_A1g01267	1.05976182260316	6.30675939053925e-05
275	MvSl-1064-A1-R4_A1g01268	1.05897764661854	0.000366349459242696
276	MvSl-1064-A1-R4_A1g01269	1.00359714651922	0.000823553428605956
277	MvSl-1064-A1-R4_A1g01270	1.00175894208604	0.00901800877248705
278	MvSl-1064-A1-R4_A1g01273	1.14186866396188	0.0398913105959987
279	MvSl-1064-A1-R4_A1g01283	1.00137374212771	0.00031764372715429
280	MvSl-1064-A1-R4_A1g01299	0.751094833408909	0.00714477774578193
281	MvSl-1064-A1-R4_A1g01300	1.92267875577764	0.00116770883815792
282	MvSl-1064-A1-R4_A1g01305	1.58536704368378	2.53383437351189e-07
283	MvSl-1064-A1-R4_A1g01312	1.13670306004017	0.0103903176246192
284	MvSl-1064-A1-R4_A1g01316	0.885908322073688	0.0086073500653365
285	MvSl-1064-A1-R4_A1g01319	1.81353467405581	5.02216825395292e-06
286	MvSl-1064-A1-R4_A1g01335	0.808632654634598	0.00555207008063536
287	MvSl-1064-A1-R4_A1g01336	1.28230414008318	0.000205977061452448
288	MvSl-1064-A1-R4_A1g01338	2.05433992546695	8.25478647893361e-08
289	MvSl-1064-A1-R4_A1g01340	1.09015179880271	0.000250440683009694
290	MvSl-1064-A1-R4_A1g01342	1.48567797687286	5.3393097609791e-05
291	MvSl-1064-A1-R4_A1g01343	1.92155427916141	5.90447948308313e-06
292	MvSl-1064-A1-R4_A1g01352	1.12985192717278	0.00329521524525186
293	MvSl-1064-A1-R4_A1g01353	1.35308095704523	4.81409517308919e-05
294	MvSl-1064-A1-R4_A1g01357	0.961186246109895	0.00531660820359787
295	MvSl-1064-A1-R4_A1g01365	0.785436357094247	0.0492095384167133
296	MvSl-1064-A1-R4_A1g01373	1.32271620134946	0.0387024522768149
297	MvSl-1064-A1-R4_A1g01374	0.625595488170615	0.0463119420307282
298	MvSl-1064-A1-R4_A1g01383	0.679186018465331	0.0377678540798194
299	MvSl-1064-A1-R4_A1g01387	0.718255751936103	0.0399859559737393
300	MvSl-1064-A1-R4_A1g01389	0.649053928021964	0.0422151168944186
301	MvSl-1064-A1-R4_A1g01399	1.03780045417565	0.000182635588410962
302	MvSl-1064-A1-R4_A1g01401	4.32070232834982	5.86328858060535e-09
303	MvSl-1064-A1-R4_A1g01404	2.06585012162758	2.62080778231754e-09
304	MvSl-1064-A1-R4_A1g01406	1.07845008298923	0.0415790141908681
305	MvSl-1064-A1-R4_A1g01408	1.16850891099289	0.0150086855815642
306	MvSl-1064-A1-R4_A1g01417	1.93844844188521	0.00105289332572179
307	MvSl-1064-A1-R4_A1g01487	1.24805409715657	0.0156196257013223
308	MvSl-1064-A1-R4_A1g01514	1.19146697110422	0.00724296081714178
309	MvSl-1064-A1-R4_C35g01611	1.71137487398197	0.000383919919428335
310	MvSl-1064-A1-R4_MC01-1g01707	1.36821124888645	0.0238206976123317
311	MvSl-1064-A1-R4_MC01-1g01735	2.13958497860407	0.000380490029434255
312	MvSl-1064-A1-R4_MC01-1g01740	1.75613254444504	0.000327343295434931
313	MvSl-1064-A1-R4_MC01-1g01768	0.969678451400616	0.0166194179255035
314	MvSl-1064-A1-R4_MC01-1g01789	0.732034047808723	0.0363361050435937
315	MvSl-1064-A1-R4_MC01-1g01790	0.731869869402165	0.015606922032712
316	MvSl-1064-A1-R4_MC01-1g01797	1.17522079971173	0.00636099847455161
317	MvSl-1064-A1-R4_MC01-1g01820	1.38755222538532	0.000389426098627465
318	MvSl-1064-A1-R4_MC01-1g01821	2.8590373855967	1.13180626120594e-09
319	MvSl-1064-A1-R4_MC01-1g01846	0.676051287750766	0.0315154941765493
320	MvSl-1064-A1-R4_MC01-1g01868	0.798993114552895	0.0284675952394173
321	MvSl-1064-A1-R4_MC01-1g01880	1.033829902283	0.00436735807558863
322	MvSl-1064-A1-R4_MC01-1g01882	0.884694874537852	0.00353586352645697
323	MvSl-1064-A1-R4_MC01-1g01887	2.75015923694634	4.63104066496193e-10
324	MvSl-1064-A1-R4_MC01-1g01888	1.13642751627043	0.0111326965088955
325	MvSl-1064-A1-R4_MC01-1g01906	0.930197322476228	0.00187500341126326
326	MvSl-1064-A1-R4_MC01-1g01922	1.41181283815376	6.01750569014675e-05
327	MvSl-1064-A1-R4_MC01-1g01962	1.51100409239128	0.000431519554564051
328	MvSl-1064-A1-R4_MC01-1g01988	1.11734890638618	0.00161149706406052
329	MvSl-1064-A1-R4_MC01-1g01993	0.95964727310309	0.0187934246982161
330	MvSl-1064-A1-R4_MC01-1g02019	2.05995073421204	5.18447320662899e-06
331	MvSl-1064-A1-R4_MC01-1g02036	0.777372575135629	0.0402636389350507
332	MvSl-1064-A1-R4_MC01-1g02106	1.01069264069186	0.0289227104660881
333	MvSl-1064-A1-R4_MC01-1g02134	1.40048023915915	0.00354598081224621
334	MvSl-1064-A1-R4_MC01-1g02135	0.799906970952994	0.0106815754878782
335	MvSl-1064-A1-R4_MC01-1g02139	0.65688825417971	0.0398920481577437
336	MvSl-1064-A1-R4_MC01-1g02145	1.14454644979632	0.00289980753282658
337	MvSl-1064-A1-R4_MC01-1g02147	0.729694958110087	0.0257464039262065
338	MvSl-1064-A1-R4_MC01-1g02176	1.06521922321592	0.00674635116955486
339	MvSl-1064-A1-R4_MC01-1g02211	0.642265777309989	0.0406476388990936
340	MvSl-1064-A1-R4_MC01-1g02267	1.53792884131487	0.000427439043054526
341	MvSl-1064-A1-R4_MC01-1g02271	0.727747446964781	0.0193632389121694
342	MvSl-1064-A1-R4_MC01-1g02274	0.712978943873508	0.0211899545812415
343	MvSl-1064-A1-R4_MC01-1g02313	0.764334382715198	0.0248866361554262
344	MvSl-1064-A1-R4_MC01-1g02317	1.80748649695522	0.000166688485596054
345	MvSl-1064-A1-R4_MC01-1g02322	1.37245367971302	4.35008060577475e-06
346	MvSl-1064-A1-R4_MC01-1g02335	2.99538515279298	1.04070149456364e-21
347	MvSl-1064-A1-R4_MC01-1g02351	1.07777473289942	0.00122457973965573
348	MvSl-1064-A1-R4_MC01-1g02365	0.646295259765436	0.0301470522607614
349	MvSl-1064-A1-R4_MC01-1g02400	3.93739932075543	9.46480037992434e-15
350	MvSl-1064-A1-R4_MC01-1g02401	2.46489109679261	1.22769994207918e-07
351	MvSl-1064-A1-R4_MC01-1g02438	1.23012144485881	0.00549475431151348
352	MvSl-1064-A1-R4_MC01-1g02439	0.696558928794415	0.0160781953007984
353	MvSl-1064-A1-R4_MC01-1g02457	1.12416422869325	0.0210913986487285
354	MvSl-1064-A1-R4_MC01-1g02486	1.06344333199518	0.0421627274011596
355	MvSl-1064-A1-R4_MC01-1g02489	1.17911304049233	0.00142299091829668
356	MvSl-1064-A1-R4_MC01-1g02494	1.07883830413244	0.0282593852294063
357	MvSl-1064-A1-R4_MC01-1g02500	0.937577445990644	0.00259832229464612
358	MvSl-1064-A1-R4_MC01-1g02503	0.672326345458902	0.0431391379122897
359	MvSl-1064-A1-R4_MC01-1g02504	2.63607251392884	4.4939148927203e-16
360	MvSl-1064-A1-R4_MC01-1g02507	1.20010198866963	0.0340112227183731
361	MvSl-1064-A1-R4_MC01-1g02509	0.895133325006772	0.0239121173247629
362	MvSl-1064-A1-R4_MC01-1g02510	0.975170772822627	0.000791937658045595
363	MvSl-1064-A1-R4_MC01-1g02592	0.805292043429777	0.013654657825091
364	MvSl-1064-A1-R4_MC01-1g02593	1.23363536592275	0.00147222713538582
365	MvSl-1064-A1-R4_MC01-1g02608	0.909685261961998	0.0130674383008375
366	MvSl-1064-A1-R4_MC01-1g02612	1.09832957248666	0.00375004943883788
367	MvSl-1064-A1-R4_MC01-1g02617	0.874538966143658	0.0273912593178786
368	MvSl-1064-A1-R4_MC01-1g02638	1.04910176118753	0.00521889096965878
369	MvSl-1064-A1-R4_MC01-1g02646	1.56871479176224	9.24173755703693e-05
370	MvSl-1064-A1-R4_MC01-1g02647	2.78169312134457	1.13626589222166e-16
371	MvSl-1064-A1-R4_MC01-1g02648	3.20322972423406	5.46079159337036e-19
372	MvSl-1064-A1-R4_MC01-1g02651	0.70405240078572	0.0463119420307282
373	MvSl-1064-A1-R4_MC01-1g02670	1.26232320653766	0.0159416740205685
374	MvSl-1064-A1-R4_MC01-1g02753	1.36592549393258	0.00977961722363936
375	MvSl-1064-A1-R4_MC01-1g02754	1.55809347743317	1.43936652566394e-05
376	MvSl-1064-A1-R4_MC01-1g02763	1.71536575517193	2.4264945207269e-08
377	MvSl-1064-A1-R4_MC01-1g02809	0.879127689533686	0.027588223075566
378	MvSl-1064-A1-R4_MC01-1g02823	0.64613679721207	0.0485195802343184
379	MvSl-1064-A1-R4_MC01-1g02824	1.77660331898303	4.03633830391929e-05
380	MvSl-1064-A1-R4_MC01-1g02837	2.11389340688383	0.000204606240194311
381	MvSl-1064-A1-R4_MC01-1g02838	0.90762263025112	0.0269385357376166
382	MvSl-1064-A1-R4_MC01-1g02849	1.10570120353113	0.0154020502235993
383	MvSl-1064-A1-R4_MC01-1g02861	1.5363437179	0.000686352588734019
384	MvSl-1064-A1-R4_MC01-2g02961	1.16608149764257	0.00644243594472558
385	MvSl-1064-A1-R4_MC01-2g02962	1.34060025020024	0.0127172407858142
386	MvSl-1064-A1-R4_MC01-2g02971	1.0124197421852	0.00300365290822347
387	MvSl-1064-A1-R4_MC01-2g03038	0.779002507888273	0.0445057908859525
388	MvSl-1064-A1-R4_MC01-2g03039	0.818758447208886	0.00773105533647951
389	MvSl-1064-A1-R4_MC01-2g03057	1.03002094067686	0.00332283864142297
390	MvSl-1064-A1-R4_MC01-2g03063	1.08985997058472	0.00966803355217979
391	MvSl-1064-A1-R4_MC01-2g03064	1.78507475506584	5.69636983425946e-05
392	MvSl-1064-A1-R4_MC01-2g03082	0.987431013625987	0.00385188319813407
393	MvSl-1064-A1-R4_MC01-2g03085	1.48617883465638	0.0279585836145283
394	MvSl-1064-A1-R4_MC01-2g03086	0.987467252029582	0.0289830020234274
395	MvSl-1064-A1-R4_MC01-2g03112	2.09625028743499	1.35241796196372e-07
396	MvSl-1064-A1-R4_MC01-2g03113	2.35259828619466	2.08215224466192e-07
397	MvSl-1064-A1-R4_MC01-2g03117	1.87430657137492	1.53359748417333e-07
398	MvSl-1064-A1-R4_MC01-2g03121	0.82035398255113	0.00300175831453033
399	MvSl-1064-A1-R4_MC01-2g03165	0.965300931812924	0.0410968649356496
400	MvSl-1064-A1-R4_MC02g03178	0.9208548334865	0.0442197935957997
401	MvSl-1064-A1-R4_MC02g03201	0.904298530997243	0.00133940789922571
402	MvSl-1064-A1-R4_MC02g03221	0.773508403890763	0.0369362205506997
403	MvSl-1064-A1-R4_MC02g03224	1.02351142386719	0.0393585257270006
404	MvSl-1064-A1-R4_MC02g03246	1.41442235433829	3.56928115465098e-06
405	MvSl-1064-A1-R4_MC02g03251	0.897833568381061	0.0210456892164457
406	MvSl-1064-A1-R4_MC02g03262	1.27730404414216	0.000765290942323495
407	MvSl-1064-A1-R4_MC02g03294	2.02436091180997	1.74079254286523e-07
408	MvSl-1064-A1-R4_MC02g03295	2.08931417339491	6.57847389543818e-09
409	MvSl-1064-A1-R4_MC02g03296	0.828594353418394	0.014847151124291
410	MvSl-1064-A1-R4_MC02g03382	0.61019702955706	0.0376543385094035
411	MvSl-1064-A1-R4_MC02g03402	1.79700809594147	0.0108631138148244
412	MvSl-1064-A1-R4_MC02g03489	0.919789762116387	0.0269385357376166
413	MvSl-1064-A1-R4_MC02g03498	1.5499436884592	3.25204544524985e-06
414	MvSl-1064-A1-R4_MC02g03505	0.952506786489573	0.000748860882706777
415	MvSl-1064-A1-R4_MC02g03548	0.844625821515705	0.0309873566631413
416	MvSl-1064-A1-R4_MC02g03613	1.65673620103468	0.000328979612619965
417	MvSl-1064-A1-R4_MC02g03640	0.887167514946052	0.0152085119342272
418	MvSl-1064-A1-R4_MC02g03644	2.25694563570486	4.95687169812863e-10
419	MvSl-1064-A1-R4_MC02g03654	1.49292519315741	0.00314612298350168
420	MvSl-1064-A1-R4_MC02g03664	2.02816939793042	0.000820775739197591
421	MvSl-1064-A1-R4_MC02g03698	0.758452562299493	0.0165129958049528
422	MvSl-1064-A1-R4_MC02g03699	0.928199899687367	0.025479449989751
423	MvSl-1064-A1-R4_MC02g03700	0.809774978857485	0.0472282031323543
424	MvSl-1064-A1-R4_MC02g03770	0.705821234288447	0.0152103103320405
425	MvSl-1064-A1-R4_MC02g03795	0.888690145686095	0.0175242128997148
426	MvSl-1064-A1-R4_MC02g03879	0.963514283995472	0.0348591737443151
427	MvSl-1064-A1-R4_MC02g03900	0.736287491268787	0.00855535349782947
428	MvSl-1064-A1-R4_MC02g03919	0.77749321875895	0.0238141750269332
429	MvSl-1064-A1-R4_MC02g03949	1.73265933715185	0.0178744402342849
430	MvSl-1064-A1-R4_MC02g03950	2.09149883126968	8.68581045019249e-06
431	MvSl-1064-A1-R4_MC02g03992	1.26450291492935	3.83764725817724e-05
432	MvSl-1064-A1-R4_MC02g04041	1.93753220555537	2.23830087866852e-07
433	MvSl-1064-A1-R4_MC02g04171	0.86950219860214	0.0470537416507428
434	MvSl-1064-A1-R4_MC02g04172	1.28892649627496	0.00173631968284663
435	MvSl-1064-A1-R4_MC02g04176	1.33401933553036	0.000642963168900131
436	MvSl-1064-A1-R4_MC02g04209	2.15275218942761	1.48028625177462e-07
437	MvSl-1064-A1-R4_MC02g04241	0.938699791167592	0.0238122885788114
438	MvSl-1064-A1-R4_MC02g04265	0.938699784909312	0.0238122885788114
439	MvSl-1064-A1-R4_MC03g04281	1.48529403826715	1.60742414531851e-05
440	MvSl-1064-A1-R4_MC03g04282	1.2954618005086	3.03236990633012e-05
441	MvSl-1064-A1-R4_MC03g04286	1.04540959912683	0.0172524574550454
442	MvSl-1064-A1-R4_MC03g04317	0.775029272781457	0.0239850939226059
443	MvSl-1064-A1-R4_MC03g04353	1.01925856059405	0.0231459746036603
444	MvSl-1064-A1-R4_MC03g04383	0.87401923963346	0.0131829267939615
445	MvSl-1064-A1-R4_MC03g04405	1.6052132696996	0.0327207034923892
446	MvSl-1064-A1-R4_MC03g04416	1.49503472377859	6.85864597959008e-05
447	MvSl-1064-A1-R4_MC03g04417	1.43325898063815	0.000689354886303541
448	MvSl-1064-A1-R4_MC03g04442	1.17748676980466	0.00141211252003717
449	MvSl-1064-A1-R4_MC03g04480	0.741436518677132	0.0308292515826606
450	MvSl-1064-A1-R4_MC03g04522	0.938511728328437	0.0310116727171935
451	MvSl-1064-A1-R4_MC03g04546	0.897991186471593	0.0401911425080652
452	MvSl-1064-A1-R4_MC03g04582	1.33194717366511	0.0367566133127123
453	MvSl-1064-A1-R4_MC03g04607	2.61794842688741	7.07307457225726e-10
454	MvSl-1064-A1-R4_MC03g04614	0.687438824508265	0.035663407316785
455	MvSl-1064-A1-R4_MC03g04641	2.0507837829231	2.20055612352622e-09
456	MvSl-1064-A1-R4_MC03g04642	2.03513669120609	1.45001812128394e-09
457	MvSl-1064-A1-R4_MC03g04643	0.889954492146612	0.00567282435133589
458	MvSl-1064-A1-R4_MC03g04646	1.19650272577095	0.00149074383207987
459	MvSl-1064-A1-R4_MC03g04661	0.700344038259609	0.0197413450034444
460	MvSl-1064-A1-R4_MC03g04712	1.10996219035266	0.0014278474153606
461	MvSl-1064-A1-R4_MC03g04713	1.22489900261995	0.000100793056327272
462	MvSl-1064-A1-R4_MC03g04724	0.990575465698898	0.000189212577669168
463	MvSl-1064-A1-R4_MC03g04732	1.74410937772098	0.0149182306088578
464	MvSl-1064-A1-R4_MC03g04733	1.71436557585686	0.00433200831348283
465	MvSl-1064-A1-R4_MC03g04807	1.62322891477203	0.000503527991907417
466	MvSl-1064-A1-R4_MC03g04815	1.29629788872126	0.035078129800551
467	MvSl-1064-A1-R4_MC03g04857	1.17193614544952	0.00104710929741371
468	MvSl-1064-A1-R4_MC03g04929	1.22528771292305	0.0156958008226936
469	MvSl-1064-A1-R4_MC03g04979	1.30186032504922	8.14033875347822e-07
470	MvSl-1064-A1-R4_MC03g04986	1.21582155206864	0.00194611544104154
471	MvSl-1064-A1-R4_MC03g04993	1.20738678044693	0.000408583575026052
472	MvSl-1064-A1-R4_MC03g05017	0.81198950939499	0.0355762636945996
473	MvSl-1064-A1-R4_MC03g05075	2.15770946443749	2.08215224466192e-07
474	MvSl-1064-A1-R4_MC03g05076	1.377041525008	0.0036229307450196
475	MvSl-1064-A1-R4_MC03g05077	1.55397895975851	0.0316621932357737
476	MvSl-1064-A1-R4_MC03g05082	2.51136871734383	5.66356020911132e-09
477	MvSl-1064-A1-R4_MC03g05090	0.605025560737901	0.0487310543152048
478	MvSl-1064-A1-R4_MC03g05092	1.21281199852682	6.26057048286501e-05
479	MvSl-1064-A1-R4_MC03g05119	0.905421857537018	0.0198491507010151
480	MvSl-1064-A1-R4_MC03g05120	0.843094046880065	0.0238449653760799
481	MvSl-1064-A1-R4_MC03g05128	1.21154060902592	0.0190531088025934
482	MvSl-1064-A1-R4_MC03g05131	0.832424971258301	0.0205412000823927
483	MvSl-1064-A1-R4_MC03g05133	1.21154064231682	0.0190504924581847
484	MvSl-1064-A1-R4_MC03g05141	0.826055262556085	0.0404304225919153
485	MvSl-1064-A1-R4_MC03g05143	2.13781297355978	2.72405311338893e-10
486	MvSl-1064-A1-R4_MC03g05154	1.77272220647327	3.97686731557762e-09
487	MvSl-1064-A1-R4_MC03g05159	0.63590024313479	0.0382186202656864
488	MvSl-1064-A1-R4_MC03g05175	1.47301218861074	0.0109573065420493
489	MvSl-1064-A1-R4_MC03g05199	1.07335316970467	0.00165467645175132
490	MvSl-1064-A1-R4_MC03g05227	1.23698599345595	0.00158202051186749
491	MvSl-1064-A1-R4_MC03g05235	2.97203693138942	4.19458164331329e-06
492	MvSl-1064-A1-R4_MC04-1g05309	0.958377538774248	0.0380242785053458
493	MvSl-1064-A1-R4_MC04-1g05310	1.20957791291584	0.00235906777022255
494	MvSl-1064-A1-R4_MC04-1g05311	0.932994938686208	0.00153838298087032
495	MvSl-1064-A1-R4_MC04-1g05322	2.40117068475723	1.48003192271852e-06
496	MvSl-1064-A1-R4_MC04-1g05333	0.806871222812319	0.0248866361554262
497	MvSl-1064-A1-R4_MC04-1g05336	2.42724506888162	9.07785358817699e-09
498	MvSl-1064-A1-R4_MC04-1g05352	0.744096311218658	0.0319655648388155
499	MvSl-1064-A1-R4_MC04-1g05357	1.13164461799266	0.00618744692060946
500	MvSl-1064-A1-R4_MC04-1g05384	0.884094719607292	0.0348246746836752
501	MvSl-1064-A1-R4_MC04-1g05455	1.01721029178754	0.00800650363522242
502	MvSl-1064-A1-R4_MC04-1g05486	1.56782750264862	5.93304226355577e-05
503	MvSl-1064-A1-R4_MC04-1g05524	2.545865979367	2.36874664501013e-08
504	MvSl-1064-A1-R4_MC04-1g05551	2.26872007670233	1.88582288330224e-08
505	MvSl-1064-A1-R4_MC04-1g05604	2.3404330342932	6.98828127410943e-05
506	MvSl-1064-A1-R4_MC04-1g05605	1.93246419604422	1.13868236186151e-13
507	MvSl-1064-A1-R4_MC04-1g05618	1.36958228356118	0.000314518695065579
508	MvSl-1064-A1-R4_MC04-1g05626	1.32503643813585	0.00425743758742327
509	MvSl-1064-A1-R4_MC04-1g05678	1.77068166868886	0.00616980429785408
510	MvSl-1064-A1-R4_MC04-1g05687	1.19422761149262	0.0248637962006685
511	MvSl-1064-A1-R4_MC04-1g05688	1.20142677502465	0.0137611213063048
512	MvSl-1064-A1-R4_MC04-1g05689	0.932547039959579	0.0464419112162216
513	MvSl-1064-A1-R4_MC04-1g05690	0.919437213510997	0.00889451445852959
514	MvSl-1064-A1-R4_MC04-1g05697	1.23609770910089	0.00442472409828896
515	MvSl-1064-A1-R4_MC04-1g05700	0.878950473624487	0.0218852099585136
516	MvSl-1064-A1-R4_MC04-1g05709	1.39346657817205	3.937448355784e-06
517	MvSl-1064-A1-R4_MC04-1g05782	0.599211324903836	0.0467089637754866
518	MvSl-1064-A1-R4_MC04-1g05873	0.766585917042695	0.00527019858166365
519	MvSl-1064-A1-R4_MC04-1g05886	0.776284161915842	0.0333917471580953
520	MvSl-1064-A1-R4_MC04-1g05888	0.891897462446218	0.0173104248206313
521	MvSl-1064-A1-R4_MC04-1g05945	1.58245449002855	3.937448355784e-06
522	MvSl-1064-A1-R4_MC04-1g05972	1.05052430304322	0.00768744181463772
523	MvSl-1064-A1-R4_MC04-1g05988	0.738288687521049	0.0429989478188456
524	MvSl-1064-A1-R4_MC04-1g05989	0.732265382082274	0.0232208114260795
525	MvSl-1064-A1-R4_MC04-1g06065	1.26996747187751	0.0172984476983315
526	MvSl-1064-A1-R4_MC04-2g06098	1.77477712817974	8.42492287750671e-05
527	MvSl-1064-A1-R4_MC04-2g06106	1.01409495814889	0.0102168150864042
528	MvSl-1064-A1-R4_MC05-1g06160	2.33377213690892	8.12984275756518e-11
529	MvSl-1064-A1-R4_MC05-1g06191	0.913656532107513	0.00975432597999385
530	MvSl-1064-A1-R4_MC05-1g06203	1.01144479915095	0.00433050515656538
531	MvSl-1064-A1-R4_MC05-1g06212	1.6858143467867	5.47601237394864e-08
532	MvSl-1064-A1-R4_MC05-1g06213	1.93242796174999	2.92174323390232e-07
533	MvSl-1064-A1-R4_MC05-1g06220	2.04558748706825	1.335595953334e-11
534	MvSl-1064-A1-R4_MC05-2g06334	0.945716856601447	0.0289370196879368
535	MvSl-1064-A1-R4_MC05-2g06371	1.03548070699123	0.0246234460107021
536	MvSl-1064-A1-R4_MC05-2g06387	0.819383996195441	0.022270107756496
537	MvSl-1064-A1-R4_MC05-2g06388	1.78265409563895	0.00012962925511872
538	MvSl-1064-A1-R4_MC05-2g06389	1.4792775803587	2.54884940252882e-05
539	MvSl-1064-A1-R4_MC05-2g06390	1.20166482248862	0.00708000527951443
540	MvSl-1064-A1-R4_MC05-2g06430	0.766036781153201	0.0316430441719204
541	MvSl-1064-A1-R4_MC05-3g06519	2.48016553486305	1.91676396010585e-20
542	MvSl-1064-A1-R4_MC05-3g06520	2.00350423731081	2.13112410783297e-08
543	MvSl-1064-A1-R4_MC05-3g06544	0.992585558503966	0.0247900593585485
544	MvSl-1064-A1-R4_MC05-3g06549	0.894789832107257	0.022690682726901
545	MvSl-1064-A1-R4_MC05-3g06573	2.02918047841988	3.686200252113e-14
546	MvSl-1064-A1-R4_MC05-3g06574	2.87545810221428	3.10722111213503e-23
547	MvSl-1064-A1-R4_MC05-3g06575	2.63569028541673	1.3266757843908e-18
548	MvSl-1064-A1-R4_MC05-3g06634	3.16262697865738	1.85475771500564e-13
549	MvSl-1064-A1-R4_MC05-3g06650	1.18318149725169	0.0054366102844022
550	MvSl-1064-A1-R4_MC05-3g06651	1.54874016238617	0.0008648181095329
551	MvSl-1064-A1-R4_MC05-3g06706	1.00911954672586	0.0243651647164309
552	MvSl-1064-A1-R4_MC05-3g06707	1.34027750282356	1.12433493024115e-07
553	MvSl-1064-A1-R4_MC05-3g06757	1.72651085838235	1.93522817549757e-08
554	MvSl-1064-A1-R4_MC05-3g06766	2.07525349623477	5.79675503801911e-05
555	MvSl-1064-A1-R4_MC05-3g06778	1.14285983712836	0.001882509856778
556	MvSl-1064-A1-R4_MC05-3g06801	1.64689500836557	0.0439325787354483
557	MvSl-1064-A1-R4_MC05-3g06805	2.42395451633435	7.8361387528746e-05
558	MvSl-1064-A1-R4_MC05-3g06826	0.937227298302443	0.0307223883018642
559	MvSl-1064-A1-R4_MC06g06892	7.36876795041172	1.59761912683373e-06
560	MvSl-1064-A1-R4_MC06g06896	0.944607254617222	0.00444389054381236
561	MvSl-1064-A1-R4_MC06g06933	1.50879963491497	8.21335054205884e-05
562	MvSl-1064-A1-R4_MC06g06945	3.62844144245246	9.70326468364954e-20
563	MvSl-1064-A1-R4_MC06g06946	3.00725224609374	2.91475894919424e-29
564	MvSl-1064-A1-R4_MC06g06947	3.61604209754726	2.00538390353991e-29
565	MvSl-1064-A1-R4_MC06g06958	1.55631531494776	3.47415049244112e-07
566	MvSl-1064-A1-R4_MC06g06997	2.04170573213339	0.000830344312457012
567	MvSl-1064-A1-R4_MC06g06998	2.34633369910672	0.000111954870001005
568	MvSl-1064-A1-R4_MC06g07013	1.02749574446476	0.0185704667949476
569	MvSl-1064-A1-R4_MC06g07014	0.951106027534915	0.00432145002534856
570	MvSl-1064-A1-R4_MC06g07136	2.17460186662049	8.64964842972959e-19
571	MvSl-1064-A1-R4_MC06g07137	3.70651413878525	1.94187886014518e-29
572	MvSl-1064-A1-R4_MC06g07139	1.1062114338492	0.000600945045268378
573	MvSl-1064-A1-R4_MC06g07152	0.911551787287506	0.00168002367373518
574	MvSl-1064-A1-R4_MC06g07256	0.663943881493025	0.0218852099585136
575	MvSl-1064-A1-R4_MC06g07267	1.15294409076813	7.78786540977954e-05
576	MvSl-1064-A1-R4_MC06g07283	1.26504928570151	0.00542640464391352
577	MvSl-1064-A1-R4_MC06g07311	1.02311434749939	9.51517942161656e-05
578	MvSl-1064-A1-R4_MC06g07335	0.692559680026614	0.0160519940572016
579	MvSl-1064-A1-R4_MC06g07377	1.62902762916028	1.75263458293814e-08
580	MvSl-1064-A1-R4_MC06g07405	0.728224202649816	0.0381780746493464
581	MvSl-1064-A1-R4_MC06g07412	2.57346119233947	3.93554684850365e-09
582	MvSl-1064-A1-R4_MC06g07441	2.0546140160205	2.33935705861138e-12
583	MvSl-1064-A1-R4_MC06g07442	1.96956837921257	8.41181152679865e-14
584	MvSl-1064-A1-R4_MC06g07443	1.2370675886803	0.00113738656857091
585	MvSl-1064-A1-R4_MC06g07455	0.690213673792559	0.0313179856617567
586	MvSl-1064-A1-R4_MC06g07466	0.874894227593002	0.047688128651974
587	MvSl-1064-A1-R4_MC06g07489	2.92291609155063	2.02444407311859e-13
588	MvSl-1064-A1-R4_MC06g07522	1.11650580986612	0.0279585836145283
589	MvSl-1064-A1-R4_MC06g07540	1.4865432786116	0.020885924637937
590	MvSl-1064-A1-R4_MC07g07550	0.725963815459007	0.0456187031415147
591	MvSl-1064-A1-R4_MC07g07561	2.08521870146924	1.39119043953072e-15
592	MvSl-1064-A1-R4_MC07g07586	1.09434744659372	0.0138405820741964
593	MvSl-1064-A1-R4_MC07g07657	1.07728242612253	0.000392270939280417
594	MvSl-1064-A1-R4_MC07g07676	2.5517093665696	6.90133904120585e-10
595	MvSl-1064-A1-R4_MC07g07677	2.27384257008195	5.61454524097347e-17
596	MvSl-1064-A1-R4_MC07g07678	2.29508379126765	1.56808508428322e-19
597	MvSl-1064-A1-R4_MC07g07689	0.700855308977646	0.0316739923907147
598	MvSl-1064-A1-R4_MC07g07698	0.869748619424467	0.0185122997418488
599	MvSl-1064-A1-R4_MC07g07745	0.91877005105243	0.0377759673226261
600	MvSl-1064-A1-R4_MC07g07806	0.909143538807984	0.0138405820741964
601	MvSl-1064-A1-R4_MC07g07807	1.53356662000982	0.000646496839597364
602	MvSl-1064-A1-R4_MC07g07808	0.877166253083173	0.0156934434783511
603	MvSl-1064-A1-R4_MC07g07828	0.896301842315371	0.0112048959457263
604	MvSl-1064-A1-R4_MC07g07839	1.13157723679759	0.00215679221828193
605	MvSl-1064-A1-R4_MC07g07911	0.77867696334557	0.0198364199074663
606	MvSl-1064-A1-R4_MC07g07993	0.832395614607775	0.0145640892528237
607	MvSl-1064-A1-R4_MC07g08057	2.11098559296222	1.05408956322135e-09
608	MvSl-1064-A1-R4_MC07g08063	2.33577652424156	1.92363250075534e-11
609	MvSl-1064-A1-R4_MC07g08094	0.751719333702015	0.0105983201845692
610	MvSl-1064-A1-R4_MC07g08097	2.35130331968926	4.55144361799542e-12
611	MvSl-1064-A1-R4_MC07g08104	0.789064035904809	0.00378278260150309
612	MvSl-1064-A1-R4_MC07g08118	0.876287119537543	0.00966803355217979
613	MvSl-1064-A1-R4_MC07g08138	0.871752694439911	0.0264638184594228
614	MvSl-1064-A1-R4_MC07g08189	2.38830954611927	1.49972233006295e-07
615	MvSl-1064-A1-R4_MC07g08211	1.5691911322564	2.18148813250185e-05
616	MvSl-1064-A1-R4_MC08g08275	1.37424625953611	0.00206473608060163
617	MvSl-1064-A1-R4_MC08g08302	1.64960628155197	5.44687898343328e-06
618	MvSl-1064-A1-R4_MC08g08306	1.32307551350371	0.00216748657093567
619	MvSl-1064-A1-R4_MC08g08318	2.15591058563985	4.55229280342067e-05
620	MvSl-1064-A1-R4_MC08g08332	1.46860783070999	0.000546613422316405
621	MvSl-1064-A1-R4_MC08g08333	0.647991663569152	0.0335135020037395
622	MvSl-1064-A1-R4_MC08g08350	1.95197270821583	2.36398363234686e-10
623	MvSl-1064-A1-R4_MC08g08351	1.15065885529185	3.673838535471e-05
624	MvSl-1064-A1-R4_MC08g08372	0.828233053272302	0.0119901564357372
625	MvSl-1064-A1-R4_MC08g08383	0.695920063780159	0.0355762636945996
626	MvSl-1064-A1-R4_MC08g08392	0.720297436347719	0.0112666936447804
627	MvSl-1064-A1-R4_MC08g08450	1.19627749631232	0.0191031818570659
628	MvSl-1064-A1-R4_MC08g08478	1.42208354523631	0.00071880955531812
629	MvSl-1064-A1-R4_MC08g08498	1.76156965449224	0.000899026575994744
630	MvSl-1064-A1-R4_MC08g08499	1.46203092092572	0.0452222150369441
631	MvSl-1064-A1-R4_MC08g08567	0.832600694595661	0.00496421799687246
632	MvSl-1064-A1-R4_MC08g08590	1.44830007224549	0.00304276264526392
633	MvSl-1064-A1-R4_MC08g08591	0.977990570720422	0.00826532170328834
634	MvSl-1064-A1-R4_MC08g08608	0.696120516708225	0.0311656796809335
635	MvSl-1064-A1-R4_MC08g08629	0.835889088934378	0.0150198116199328
636	MvSl-1064-A1-R4_MC08g08632	1.26217581176319	0.00076593502733169
637	MvSl-1064-A1-R4_MC08g08636	1.20852357520616	0.0159470067755274
638	MvSl-1064-A1-R4_MC08g08646	1.01925468038384	0.00549085576294642
639	MvSl-1064-A1-R4_MC08g08647	2.27361918182976	6.31320654219532e-15
640	MvSl-1064-A1-R4_MC08g08649	1.86426909112406	1.91451266019379e-07
641	MvSl-1064-A1-R4_MC08g08667	3.57093004952849	0.00161149706406052
642	MvSl-1064-A1-R4_MC08g08685	0.884908802510392	0.00640920525230814
643	MvSl-1064-A1-R4_MC08g08692	0.828864573186059	0.0307424557190257
644	MvSl-1064-A1-R4_MC08g08693	0.841887568836748	0.0143917529747354
645	MvSl-1064-A1-R4_MC08g08709	0.949673918137446	0.0205038354933272
646	MvSl-1064-A1-R4_MC08g08736	0.783424581935318	0.00724296081714178
647	MvSl-1064-A1-R4_MC08g08737	0.732010842605122	0.0331814563446532
648	MvSl-1064-A1-R4_MC08g08760	3.14652640063164	1.08458979439752e-26
649	MvSl-1064-A1-R4_MC08g08761	1.51681302665335	1.79259429170267e-09
650	MvSl-1064-A1-R4_MC08g08762	1.34901654984022	5.02570895737866e-05
651	MvSl-1064-A1-R4_MC08g08774	0.9961990053694	0.00959442915645753
652	MvSl-1064-A1-R4_MC08g08781	1.82337982513027	0.0090512614974541
653	MvSl-1064-A1-R4_MC08g08783	1.25135635142313	6.80259778081376e-07
654	MvSl-1064-A1-R4_MC08g08866	1.05154155026439	0.0443350452126166
655	MvSl-1064-A1-R4_MC09-2g08941	1.06675881446182	0.00333654739911807
656	MvSl-1064-A1-R4_MC09-2g09031	1.54819692819384	0.000421657013083323
657	MvSl-1064-A1-R4_MC09-2g09040	1.07550050268717	0.00421988127499461
658	MvSl-1064-A1-R4_MC09-2g09054	0.843367579561488	0.0485061773136063
659	MvSl-1064-A1-R4_MC09-2g09115	0.996292884654897	0.000578742904595068
660	MvSl-1064-A1-R4_MC09-2g09142	1.08917434482028	0.000526211499322594
661	MvSl-1064-A1-R4_MC09-2g09201	0.786954738691285	0.0301199679831529
662	MvSl-1064-A1-R4_MC09-2g09303	0.929072668396022	0.00322988870762045
663	MvSl-1064-A1-R4_MC09-2g09342	0.758830133383936	0.0285926656075645
664	MvSl-1064-A1-R4_MC09-2g09343	1.28785631033727	0.00474232185659746
665	MvSl-1064-A1-R4_MC09-2g09357	1.06115274834821	0.0240934868061494
666	MvSl-1064-A1-R4_MC09-2g09380	1.59157102189391	4.37608986191752e-05
667	MvSl-1064-A1-R4_MC09-2g09413	0.702152132582717	0.0419970652922985
668	MvSl-1064-A1-R4_MC09-2g09464	1.53654652267466	1.06145968703157e-05
669	MvSl-1064-A1-R4_MC09-2g09471	0.923423448001435	0.00100752126115778
670	MvSl-1064-A1-R4_MC09-2g09472	0.837298398808803	0.00442125538595896
671	MvSl-1064-A1-R4_MC09-2g09521	1.35031058161954	0.0308292515826606
672	MvSl-1064-A1-R4_MC09-2g09529	0.723904928054976	0.0338269813697437
673	MvSl-1064-A1-R4_MC09-2g09531	1.2861044986861	0.000246930080278899
674	MvSl-1064-A1-R4_MC10-1g09620	1.11531122211414	0.0150086855815642
675	MvSl-1064-A1-R4_MC10-1g09640	1.03407058924825	0.00110985942747954
676	MvSl-1064-A1-R4_MC10-1g09645	1.01266310381279	0.0012699421647051
677	MvSl-1064-A1-R4_MC10-1g09718	1.18701268555578	0.0162273324884141
678	MvSl-1064-A1-R4_MC10-1g09734	1.28915385352298	5.32214008328345e-05
679	MvSl-1064-A1-R4_MC10-1g09746	0.80225959236453	0.0103660075250518
680	MvSl-1064-A1-R4_MC10-1g09754	1.44876586192359	0.0210572410792812
681	MvSl-1064-A1-R4_MC10-1g09761	1.18680959737939	0.00374433115418334
682	MvSl-1064-A1-R4_MC10-1g09766	0.854440124885622	0.0468309527368898
683	MvSl-1064-A1-R4_MC10-1g09814	1.65724872829014	0.000163000266749178
684	MvSl-1064-A1-R4_MC10-2g09915	1.22873863745841	0.0201017373999336
685	MvSl-1064-A1-R4_MC10-2g09921	1.51336766350439	0.0291765264480398
686	MvSl-1064-A1-R4_MC10-2g09922	1.249651387006	0.0478476323233368
687	MvSl-1064-A1-R4_MC10-2g09954	1.40950901599251	0.00257595682723196
688	MvSl-1064-A1-R4_MC10-2g09958	1.38997081670797	0.0132929019567944
689	MvSl-1064-A1-R4_MC10-2g09986	2.19253465951045	6.18391657760659e-08
690	MvSl-1064-A1-R4_MC10-2g10025	0.761567912103633	0.0356119573048886
691	MvSl-1064-A1-R4_MC10-2g10045	2.04788025710666	4.85814719691906e-05
692	MvSl-1064-A1-R4_MC10-2g10062	1.40073092775337	0.0205138594536118
693	MvSl-1064-A1-R4_MC10-2g10090	2.13355329242612	0.000836783398782824
694	MvSl-1064-A1-R4_MC10-2g10098	3.86747185150297	1.58063659232622e-21
695	MvSl-1064-A1-R4_MC10-2g10108	1.14822345492681	0.000816952666351127
696	MvSl-1064-A1-R4_MC10-2g10128	0.774192254013808	0.0319655648388155
697	MvSl-1064-A1-R4_MC11g10198	0.821743244890063	0.0467458170526429
698	MvSl-1064-A1-R4_MC11g10208	0.641191826749582	0.0379593794804569
699	MvSl-1064-A1-R4_MC11g10230	1.27632548751059	0.0137263356580773
700	MvSl-1064-A1-R4_MC11g10261	1.50140136214035	0.000295117871515607
701	MvSl-1064-A1-R4_MC11g10264	0.800287032705201	0.0171867284693716
702	MvSl-1064-A1-R4_MC11g10308	0.631760786896264	0.0392894725864591
703	MvSl-1064-A1-R4_MC11g10315	2.32958148841765	0.00367977130993516
704	MvSl-1064-A1-R4_MC11g10342	1.33267980517523	8.10916021076194e-06
705	MvSl-1064-A1-R4_MC11g10343	1.2583160378352	0.000435015117253931
706	MvSl-1064-A1-R4_MC11g10367	0.826705780105577	0.016010724510325
707	MvSl-1064-A1-R4_MC11g10385	0.995649164757858	0.00838154872735588
708	MvSl-1064-A1-R4_MC11g10386	1.43881588102935	0.01344599474188
709	MvSl-1064-A1-R4_MC11g10398	0.819231378983741	0.0336529562178782
710	MvSl-1064-A1-R4_MC11g10404	0.805398948652721	0.0355342643514031
711	MvSl-1064-A1-R4_MC11g10412	0.781891609249052	0.0158470895454901
712	MvSl-1064-A1-R4_MC11g10427	3.32719422412601	8.86365056049361e-09
713	MvSl-1064-A1-R4_MC11g10435	1.14871822643198	0.0249546026623493
714	MvSl-1064-A1-R4_MC11g10438	0.669922845588521	0.0267080452187225
715	MvSl-1064-A1-R4_MC11g10452	1.51064895683636	5.93304226355577e-05
716	MvSl-1064-A1-R4_MC11g10453	1.28323689928143	0.000621168923367305
717	MvSl-1064-A1-R4_MC11g10482	1.02938348547145	0.00232709523324643
718	MvSl-1064-A1-R4_MC11g10536	1.24344783544158	2.49620696744879e-06
719	MvSl-1064-A1-R4_MC11g10543	1.04021763535134	0.00578107339653656
720	MvSl-1064-A1-R4_MC11g10584	0.813788866671886	0.00395885733348922
721	MvSl-1064-A1-R4_MC11g10585	3.18638051208151	2.31921168641483e-19
722	MvSl-1064-A1-R4_MC11g10606	2.44826893574313	4.05084522635389e-12
723	MvSl-1064-A1-R4_MC11g10608	1.71179498547136	3.45468419782269e-08
724	MvSl-1064-A1-R4_MC11g10613	0.896667010328785	0.0053020706370643
725	MvSl-1064-A1-R4_MC11g10634	0.984810269056282	0.00734879865426286
726	MvSl-1064-A1-R4_MC11g10635	0.753066433882463	0.0119137763434412
727	MvSl-1064-A1-R4_MC11g10648	1.53459109265242	0.000646496839597364
728	MvSl-1064-A1-R4_MC11g10658	1.11596227446102	0.0244624603604693
729	MvSl-1064-A1-R4_MC11g10659	1.55689030733882	0.000784329083129892
730	MvSl-1064-A1-R4_MC11g10660	1.36043225184368	0.0014402530766363
731	MvSl-1064-A1-R4_MC11g10661	1.03009858315057	0.0133060074095648
732	MvSl-1064-A1-R4_MC11g10680	1.45801415001003	0.000266896731096196
733	MvSl-1064-A1-R4_MC11g10681	1.32965406644015	0.00780551909430341
734	MvSl-1064-A1-R4_MC11g10696	1.09260601313822	0.000276072306668769
735	MvSl-1064-A1-R4_MC11g10719	0.710875808318414	0.0180989447271659
736	MvSl-1064-A1-R4_MC11g10727	1.78833350107234	0.0206800758877033
737	MvSl-1064-A1-R4_MC11g10733	0.831051636206908	0.0477380616287047
738	MvSl-1064-A1-R4_MC12g10749	1.13984631977086	0.00757654405595199
739	MvSl-1064-A1-R4_MC12g10751	2.79216222199574	1.56017980293304e-10
740	MvSl-1064-A1-R4_MC12g10757	3.27400848048574	6.97552193295166e-17
741	MvSl-1064-A1-R4_MC12g10758	1.80287273345751	1.19594065864554e-07
742	MvSl-1064-A1-R4_MC12g10778	2.99787842950228	1.26224524511697e-18
743	MvSl-1064-A1-R4_MC12g10779	1.8018932257515	6.98828127410943e-05
744	MvSl-1064-A1-R4_MC12g10808	1.26730296561746	0.000227767119118588
745	MvSl-1064-A1-R4_MC12g10810	2.29366032897089	6.96172656156705e-09
746	MvSl-1064-A1-R4_MC12g10841	0.745361880970219	0.0333917471580953
747	MvSl-1064-A1-R4_MC12g10848	0.659124723692868	0.0283942706565751
748	MvSl-1064-A1-R4_MC12g10904	0.70675104424352	0.0475778265429554
749	MvSl-1064-A1-R4_MC12g10910	1.31451525660589	0.000680805192257738
750	MvSl-1064-A1-R4_MC12g10920	1.56188611082268	0.000731112017834942
751	MvSl-1064-A1-R4_MC12g10979	1.30115686923646	0.0172941621740866
752	MvSl-1064-A1-R4_MC12g10988	1.12951720012381	0.00217471386688988
753	MvSl-1064-A1-R4_MC12g11002	0.70423219311666	0.0301010210887963
754	MvSl-1064-A1-R4_MC12g11008	0.711433764019406	0.00984066039969789
755	MvSl-1064-A1-R4_MC12g11010	0.728333945101393	0.0248004276518509
756	MvSl-1064-A1-R4_MC12g11028	1.13152537409019	0.0356119573048886
757	MvSl-1064-A1-R4_MC12g11030	1.36520511011182	0.000680805192257738
758	MvSl-1064-A1-R4_MC12g11036	1.5577422277841	0.00981133752397029
759	MvSl-1064-A1-R4_MC12g11048	0.933284871747549	0.0213896391505286
760	MvSl-1064-A1-R4_MC12g11088	1.16151031483645	0.000646496839597364
761	MvSl-1064-A1-R4_MC12g11135	1.4810505600688	0.0025148359739876
762	MvSl-1064-A1-R4_MC12g11148	1.25465719216345	0.00768926510579449
763	MvSl-1064-A1-R4_MC12g11164	1.37089541977597	0.0225952096710948
764	MvSl-1064-A1-R4_MC12g11170	1.08028561183226	0.0351156278853096
765	MvSl-1064-A1-R4_MC12g11186	1.75851448877753	0.000590418633244978
766	MvSl-1064-A1-R4_MC12g11198	1.19213056585078	8.53274855358807e-05
767	MvSl-1064-A1-R4_MC12g11205	1.09614898277091	0.009368660894869
768	MvSl-1064-A1-R4_MC12g11206	1.70610717863267	3.49706721199834e-08
769	MvSl-1064-A1-R4_MC13g11329	2.38290108830493	4.1318460604623e-07
770	MvSl-1064-A1-R4_MC13g11330	2.84167670182558	4.38029329071158e-17
771	MvSl-1064-A1-R4_MC13g11331	2.95763594249169	2.84170054010217e-21
772	MvSl-1064-A1-R4_MC13g11386	0.799705427787323	0.00692800577532113
773	MvSl-1064-A1-R4_MC13g11388	0.784172974618728	0.0210517020699426
774	MvSl-1064-A1-R4_MC13g11394	2.50547731348019	3.4232610349994e-08
775	MvSl-1064-A1-R4_MC13g11418	1.11029225980883	0.0431391379122897
776	MvSl-1064-A1-R4_MC13g11429	4.16882296036223	8.58447577027887e-18
777	MvSl-1064-A1-R4_MC13g11433	1.44901849594297	7.44589193971844e-06
778	MvSl-1064-A1-R4_MC13g11440	1.02441431580183	0.000360108811603629
779	MvSl-1064-A1-R4_MC13g11474	0.807471052718551	0.014847151124291
780	MvSl-1064-A1-R4_MC13g11519	1.39210806999258	0.00248369834546898
781	MvSl-1064-A1-R4_MC13g11520	1.26789905153845	0.00433200831348283
782	MvSl-1064-A1-R4_MC13g11521	1.12421895699802	8.85431174454189e-05
783	MvSl-1064-A1-R4_MC13g11530	1.53394220958095	0.0102758936443022
784	MvSl-1064-A1-R4_MC13g11541	2.33436094822066	0.0166873704268741
785	MvSl-1064-A1-R4_MC13g11588	0.84379707862824	0.0429267431602705
786	MvSl-1064-A1-R4_MC13g11597	1.08473742671917	0.0143917529747354
787	MvSl-1064-A1-R4_MC13g11598	1.7009867286349	0.0131955711170659
788	MvSl-1064-A1-R4_MC13g11599	1.53029534707615	0.00322322796818714
789	MvSl-1064-A1-R4_MC13g11607	1.16763969091633	0.000471869960944153
790	MvSl-1064-A1-R4_MC13g11608	0.923180055185277	0.030140292601907
791	MvSl-1064-A1-R4_MC13g11616	1.10706917102242	0.00280341223792952
792	MvSl-1064-A1-R4_MC13g11645	1.43562731914746	0.00194611544104154
793	MvSl-1064-A1-R4_MC13g11653	1.00203860841725	0.00378278260150309
794	MvSl-1064-A1-R4_MC13g11664	0.784829288197416	0.0269063641953324
795	MvSl-1064-A1-R4_MC13g11680	2.09032750375993	0.00442840661968639
796	MvSl-1064-A1-R4_MC13g11703	1.63905726388355	1.69805757639281e-05
797	MvSl-1064-A1-R4_MC14g11750	1.21742643718891	4.48211177940135e-05
798	MvSl-1064-A1-R4_MC14g11820	1.11521126213001	0.0245061870472039
799	MvSl-1064-A1-R4_MC14g11832	1.43962575821683	0.0308292515826606
800	MvSl-1064-A1-R4_MC14g11907	0.877486362265765	0.0211829753504331
801	MvSl-1064-A1-R4_MC14g11939	0.968334714843923	0.015732387967099
802	MvSl-1064-A1-R4_MC14g11972	1.03417543510509	0.0116686675465412
803	MvSl-1064-A1-R4_MC15g12015	1.13828406697504	0.00289980753282658
804	MvSl-1064-A1-R4_MC15g12019	1.51512648628323	0.000107582753786852
805	MvSl-1064-A1-R4_MC15g12072	5.06154250186182	2.4781906156735e-08
806	MvSl-1064-A1-R4_MC15g12082	2.20656053758896	0.000138519930501218
807	MvSl-1064-A1-R4_MC15g12083	2.92422891959551	7.38777091066711e-06
808	MvSl-1064-A1-R4_MC15g12102	1.2661823752556	0.00791861252032748
809	MvSl-1064-A1-R4_MC16g12181	1.08926345961949	0.0102506882923001
810	MvSl-1064-A1-R4_MC16g12183	0.865399969974599	0.00428675744262864
