gid	gname	chr	start	end	logCPM	logFC.A1.A2	PV.A1.A2	FDR.A1.A2	A1_1	A1_2	A2_1	A2_2	average	ward.D
MvSl-1064-A1-R4_A1g00021	MvSl-1064-A1-R4_A1	aMAT	39845	40120	5.09301940961056	1.51409448514308	7.3319412285966e-10	7.50723361659063e-08	5.83904137556726	5.45789528401717	4.19158654191726	4.11055523808997	2	2
MvSl-1064-A1-R4_A1g00073	MvSl-1064-A1-R4_A1	aMAT	160618	163050	5.05819666318866	-0.809919470236329	0.00191607323442741	0.0497620419016892	4.83208860346842	4.31746684315258	5.54883681046163	5.24499689343362	1	1
MvSl-1064-A1-R4_A1g00078	MvSl-1064-A1-R4_A1	aMAT	177417	178892	7.11566473408918	0.994579565995959	8.82465081088713e-05	0.00397020148602942	7.30239341833937	7.72480212371488	6.84594947354076	6.13850695105527	2	2
MvSl-1064-A1-R4_A1g00079	MvSl-1064-A1-R4_A1	aMAT	179366	179827	5.64428735711557	1.64719802954929	7.86021256037379e-10	7.95667880543292e-08	6.54708473461078	5.86364443251374	4.36145656504353	4.80785654867577	2	2
MvSl-1064-A1-R4_A1g00080	MvSl-1064-A1-R4_A1	aMAT	180716	185718	5.5144551003074	1.36180363566686	8.68697831336935e-10	8.67213076302195e-08	6.18576597453638	5.88014860524807	4.70745289661262	4.65667321045425	2	2
MvSl-1064-A1-R4_A1g00081	MvSl-1064-A1-R4_A1	aMAT	186136	186867	5.51284121082702	2.86252310336993	2.20105451890859e-28	8.16958068934906e-26	6.53221854674802	6.09115449719364	3.2692726781589	3.65702959332417	2	2
MvSl-1064-A1-R4_A1g00107	MvSl-1064-A1-R4_A1	aMAT	220047	220241	1.20679886961333	2.47124817063347	4.46774641333308e-08	3.52200752654611e-06	2.05144650475629	1.88946899420337	-0.440443164350654	-0.271390808990467	2	2
MvSl-1064-A1-R4_A1g00112	MvSl-1064-A1-R4_A1	aMAT	240393	243364	3.03387517965838	-1.25286845349048	0.000470042713945653	0.0159814522741522	2.63744338552294	1.80688150447963	3.39358607509185	3.63066732687522	1	1
MvSl-1064-A1-R4_A1g00154	MvSl-1064-A1-R4_A1	aMAT	2575916	2576612	4.89918471183251	1.19990710717855	6.98221430439264e-07	4.57335036937718e-05	5.30214883738896	5.45111325013076	4.22719838341661	4.1370179869251	2	2
MvSl-1064-A1-R4_A1g00163	MvSl-1064-A1-R4_A1	aMAT	1648933	1652928	1.64038219865471	2.30698618271007	2.18099937285196e-08	1.78241673517113e-06	2.42496250457584	2.33481896339107	0.0793799387424962	0.255781301560837	2	2
MvSl-1064-A1-R4_A1g00165	MvSl-1064-A1-R4_A1	aMAT	621126	622892	7.5965774334827	0.648642331575889	0.0014427866505988	0.0399646583093915	7.95706401349453	7.80876902828136	7.22325301272032	7.24959100044864	2	2
MvSl-1064-A1-R4_A1g00209	MvSl-1064-A1-R4_A1	aMAT	380085	382864	5.78361689553945	1.27524512195404	1.10135571119165e-09	1.07811831596651e-07	6.34358028844472	6.22439916887052	4.98214977816482	5.04192065522088	2	2
MvSl-1064-A1-R4_A1g00241	MvSl-1064-A1-R4_A1	aMAT	1098507	1099824	7.57484976603621	-0.662073360720249	0.00106232483517355	0.0311289132622566	7.20992745806112	7.20240953719159	7.93609692644586	7.79635333024883	1	1
MvSl-1064-A1-R4_A1g00242	MvSl-1064-A1-R4_A1	aMAT	1108286	1110870	5.62910496396781	-0.639026402783558	0.00190954260263269	0.0497374429948889	5.34625775130313	5.19921635576273	5.96628681680899	5.85628650664131	1	1
MvSl-1064-A1-R4_A1g00246	MvSl-1064-A1-R4_A1	aMAT	551158	551514	6.34990364059913	-0.870177676132714	2.69604723396997e-06	0.00016678047750142	5.89046181808471	5.80899498336625	6.68815292201633	6.74999963398444	1	1
MvSl-1064-A1-R4_A1g00254	MvSl-1064-A1-R4_A1	aMAT	667810	671393	4.77927462166404	1.93412253005848	2.24540017496206e-12	2.81718658571296e-10	5.60493118907769	5.26643230139265	3.25554159483214	3.74322064047433	2	2
MvSl-1064-A1-R4_A1g00270	MvSl-1064-A1-R4_A1	aMAT	1111101	1112366	5.52377076684924	1.14658198215634	3.2021620095193e-07	2.22850462349984e-05	5.99294484726406	5.98011392202196	4.64035517906323	5.01974464835407	2	2
MvSl-1064-A1-R4_A1g00292	MvSl-1064-A1-R4_A1	aMAT	1132727	1134319	6.84281317482457	0.909844551093575	5.02656738603152e-06	0.000296534187250124	7.088722794328	7.35371108483933	6.46172318382163	6.15894290338224	2	2
MvSl-1064-A1-R4_A1g00312	MvSl-1064-A1-R4_A1	aMAT	1393224	1396199	8.46395048836884	3.50629370671791	2.51415739202452e-34	1.31741847342085e-31	9.05985995548923	9.57867163290556	5.73475733443972	5.93487949315162	2	2
MvSl-1064-A1-R4_A1g00326	MvSl-1064-A1-R4_A1	aMAT	1162650	1164414	4.17920072782698	-12.5204325936974	1.26421155940148e-71	3.75386552371612e-68	-3.35702000194919	-3.35702000194919	5.03535122594624	5.28780304523164	1	1
MvSl-1064-A1-R4_A1g00400	MvSl-1064-A1-R4_A1	aMAT	852461	853825	4.76921681641736	1.0720200361893	0.00016636164674331	0.00661584620173841	5.34247528053682	5.0612865399922	3.75247759926609	4.4460502505572	2	2
MvSl-1064-A1-R4_A1g00453	MvSl-1064-A1-R4_A1	aMAT	3104710	3107087	2.16297766508773	-5.47778835800836	1.6869171556785e-25	5.5655770454756e-23	-2.29255867825372	-1.49302128221501	3.02408075556097	3.15613145528414	1	1
MvSl-1064-A1-R4_A1g00495	MvSl-1064-A1-R4_A1	aMAT	3171155	3174630	6.93623921266344	2.06770355586782	6.85813211534681e-27	2.44368963534037e-24	7.69723141919355	7.55531171421115	5.56562655999566	5.55921021962423	2	2
MvSl-1064-A1-R4_A1g00516	MvSl-1064-A1-R4_A1	aMAT	2618847	2620704	8.60405268311849	0.995708514690732	9.91745446858258e-05	0.00433062178461439	8.81998569499579	9.19155557933694	8.09247442355901	7.94844131994337	2	2
MvSl-1064-A1-R4_A1g00522	MvSl-1064-A1-R4_A1	aMAT	1378554	1381105	1.32646367499525	4.65808951563058	1.93352131282216e-16	3.82751285658218e-14	2.14127070830561	2.40668559879287	-1.26100710692886	-2.80309411576075	2	2
MvSl-1064-A1-R4_A1g00594	MvSl-1064-A1-R4_A1	aMAT	1017072	1017508	5.46038908506979	1.18899212520619	1.2303777808361e-06	7.82871805120572e-05	5.82555603549577	6.03896549988708	4.45153059048109	4.99722244037598	2	2
MvSl-1064-A1-R4_A1g00624	MvSl-1064-A1-R4_A1	aMAT	908654	911656	7.53663643816013	0.808088471763115	8.50779251220808e-05	0.00388653413839741	7.77471099405666	7.98725686991029	7.13132290125007	7.02105988610355	2	2
MvSl-1064-A1-R4_A1g00635	MvSl-1064-A1-R4_A1	aMAT	1091186	1095689	3.80338654010994	3.59765044110069	4.99268363673601e-20	1.17039015358012e-17	4.89283345450501	4.46278199771794	0.507804334734784	1.59516508656745	2	2
MvSl-1064-A1-R4_A1g00641	MvSl-1064-A1-R4_A1	aMAT	545893	546933	3.22292308471278	2.24131478981213	1.02056642996482e-10	1.09532599495502e-08	3.65076411073916	4.19697604329982	1.61627665607611	1.85406197466942	2	2
MvSl-1064-A1-R4_A1g00644	MvSl-1064-A1-R4_A1	aMAT	1588797	1592442	5.04824636620791	1.3207337051043	8.96754921711046e-08	6.71285112823698e-06	5.43773333708386	5.67862086895763	4.09079798824339	4.3874256930359	2	2
MvSl-1064-A1-R4_A1g00646	MvSl-1064-A1-R4_A1	aMAT	2776699	2777667	8.0183988016333	1.50964723349858	8.76169475383897e-10	8.67213076302195e-08	8.33539729618903	8.79646563901298	7.19115353095232	6.94927791240624	2	2
MvSl-1064-A1-R4_A1g00648	MvSl-1064-A1-R4_A1	aMAT	739770	740360	6.45870638290909	-0.643515079604386	0.00055243028648542	0.0183621231045228	6.12761237784609	6.07470264860951	6.72722989817157	6.76097939649761	1	1
MvSl-1064-A1-R4_A1g00668	MvSl-1064-A1-R4_A1	aMAT	1389234	1391759	6.33471636159406	5.49597304172742	3.46999071144897e-104	3.09106772575875e-100	7.26840937594335	7.33909164579489	2.10392902232916	1.5281925795405	2	2
MvSl-1064-A1-R4_A1g00718	MvSl-1064-A1-R4_A1	aMAT	646353	651020	5.23155766743447	-1.03997234267757	4.70152095698201e-05	0.00229771188442252	4.44097823831043	4.77937725054352	5.87942560868364	5.39506328974289	1	1
MvSl-1064-A1-R4_A1g00800	MvSl-1064-A1-R4_A1	aMAT	486140	486307	6.81588253612189	0.846571443694008	9.74871642830858e-06	0.000546173370713037	7.0169733668509	7.32293015744791	6.35791733961959	6.30612911671013	2	2
MvSl-1064-A1-R4_A1g00804	MvSl-1064-A1-R4_A1	aMAT	2194410	2199254	1.84473529380773	-2.26732739470134	2.44026590017403e-07	1.72898409367985e-05	0.618770606302281	0.0359221013491793	2.19307016504893	2.81585615563199	1	1
MvSl-1064-A1-R4_A1g00835	MvSl-1064-A1-R4_A1	aMAT	1637608	1638887	4.36863237224011	-4.21139954916937	3.97433101701167e-38	2.52881004996714e-35	0.806199110801548	1.39109179928443	5.28048342586681	5.28611496455701	1	1
MvSl-1064-A1-R4_A1g00853	MvSl-1064-A1-R4_A1	aMAT	1711315	1715586	7.43225327766646	1.60202969465559	3.25661211678233e-15	5.80198014725939e-13	8.044929991106	7.99805729732433	6.39283311991409	6.44800732282732	2	2
MvSl-1064-A1-R4_A1g00854	MvSl-1064-A1-R4_A1	aMAT	1701948	1703146	7.95255019074025	-0.781634241066068	0.00049762589700506	0.0167911041307617	7.63404034219859	7.37312553771672	8.39353626862639	8.18013694142074	1	1
MvSl-1064-A1-R4_A1g00920	MvSl-1064-A1-R4_A1	aMAT	3000503	3001944	5.77938655567158	0.945533516235328	2.23478976722819e-05	0.00120880603683284	6.32069248919224	6.01617172339543	5.07498072678429	5.37455748973446	2	2
MvSl-1064-A1-R4_A1g00923	MvSl-1064-A1-R4_A1	aMAT	3018297	3020055	3.81587210218896	-1.14939674192045	0.000164773142967328	0.00658205900247962	3.36781208624003	2.84986145765406	4.23771274880378	4.30646992073586	1	1
MvSl-1064-A1-R4_A1g00929	MvSl-1064-A1-R4_A1	aMAT	3107476	3107769	0.230060429100657	-2.77792479696371	3.21959080171715e-06	0.000195102822188411	-2.29255867825372	-0.971797913713282	0.90960834138465	0.978626450806531	1	1
MvSl-1064-A1-R4_A1g00956	MvSl-1064-A1-R4_A1	aMAT	1794549	1795435	6.00171105436309	-1.56857892827048	1.54074071280792e-13	2.17855845550681e-11	4.82397341020327	5.1829350985052	6.60193286912361	6.55911488204837	1	1
MvSl-1064-A1-R4_A1g00959	MvSl-1064-A1-R4_A1	aMAT	1838292	1841771	4.97589969122206	-1.92935936374581	4.74085063266455e-15	7.96820706335393e-13	3.72236694378456	3.70406096136346	5.72731522942315	5.5366706536291	1	1
MvSl-1064-A1-R4_A1g00970	MvSl-1064-A1-R4_A1	aMAT	2085727	2087119	6.78955132924306	-0.873348638123395	6.54771975611691e-06	0.000377689557857039	6.1088087657494	6.4469487129204	7.14906996094045	7.17173612764518	1	1
MvSl-1064-A1-R4_A1g00972	MvSl-1064-A1-R4_A1	aMAT	2138970	2141225	6.17458799924898	1.76142274328535	6.60477960347204e-16	1.25181652569636e-13	6.5601717361156	7.00932404073721	5.05728203645357	5.02986692769226	2	2
MvSl-1064-A1-R4_A1g00997	MvSl-1064-A1-R4_A1	aMAT	1790347	1792433	6.06799219365409	2.95453030625525	2.19184852993067e-42	1.95249867046224e-39	6.83310142977781	6.9522301210457	3.81933908913801	4.06402971556765	2	2
MvSl-1064-A1-R4_A1g01038	MvSl-1064-A1-R4_A1	aMAT	919803	924298	8.08640611884476	-2.44804904424862	9.51102765140922e-15	1.54044062397733e-12	5.87875718825833	6.77620523439407	9.07448486816108	8.56723296732445	1	1
MvSl-1064-A1-R4_A1g01045	MvSl-1064-A1-R4_A1	aMAT	1907815	1909744	2.20391123660666	-2.98502790641293	2.71660193138114e-09	2.49479278399414e-07	-0.246035122314769	0.416209415199055	2.27702251149364	3.47933593701075	1	1
MvSl-1064-A1-R4_A1g01136	MvSl-1064-A1-R4_A1	aMAT	1164814	1164982	3.70277387921649	3.95083490661759	9.00775613754826e-25	2.86575327404571e-22	4.94365281216203	4.19697604329982	0.72264963051778	0.762554685844025	2	2
MvSl-1064-A1-R4_A1g01137	MvSl-1064-A1-R4_A1	aMAT	1164529	1164771	6.62899501269224	0.636191170333576	0.00069176154068081	0.0223268543637125	6.92385733885639	6.90089398358594	6.24171283878392	6.31111787657188	2	2
MvSl-1064-A1-R4_A1g01162	MvSl-1064-A1-R4_A1	aMAT	1176877	1180058	3.00531525336697	-5.46680016060322	8.18805696548998e-32	3.83890586571499e-29	-0.793556811367931	-1.71912154558816	4.14393672922586	3.72339876052355	1	1
MvSl-1064-A1-R4_A1g01163	MvSl-1064-A1-R4_A1	aMAT	1183296	1185232	3.95701026938193	-3.61809830778806	9.11110565122727e-29	3.52877083222316e-26	1.3490653228404	1.17761919517806	4.7739781544508	4.88794595161043	1	1
MvSl-1064-A1-R4_A1g01164	MvSl-1064-A1-R4_A1	aMAT	2987402	2994226	5.64088488288373	0.771436125356979	0.000137746463264922	0.0056286490585501	5.99173790685884	5.95995086767498	5.22343452125804	5.18828380975512	2	2
MvSl-1064-A1-R4_A1g01212	MvSl-1064-A1-R4_A1	aMAT	1185421	1186806	3.68478415072871	1.98008134205863	2.2995062229492e-07	1.65193559951866e-05	4.81308165238509	3.70406096136346	2.46773403045342	2.33093994484671	2	2
MvSl-1064-A1-R4_A1g01220	MvSl-1064-A1-R4_A1	aMAT	2515006	2516109	7.58838563419469	-3.43352633686467	1.96374698663353e-53	2.91550969282192e-50	4.99756115168233	5.0612865399922	8.50744329800679	8.41026235096624	1	1
MvSl-1064-A1-R4_A1g01253	MvSl-1064-A1-R4_A1	aMAT	473140	476235	6.64061894270218	0.883920257920335	2.57592353130163e-05	0.00134978393040205	6.90858945477826	7.11607872577404	6.32542534531844	5.91098133295422	2	2
MvSl-1064-A1-R4_A1g01261	MvSl-1064-A1-R4_A1	aMAT	2570487	2572532	10.6590402717022	2.08306420383073	5.53475788500043e-09	4.78675953782367e-07	11.2400846760929	11.4584155651942	9.08592606232918	9.43407343227842	2	2
MvSl-1064-A1-R4_A1g01282	MvSl-1064-A1-R4_A1	aMAT	817323	819348	2.37841757599337	-6.17656711296061	1.16413738401927e-30	4.93815991278267e-28	-1.95807687448953	-2.31713705616712	3.32292629430036	3.32347767568273	1	1
MvSl-1064-A1-R4_A1g01347	MvSl-1064-A1-R4_A1	aMAT	2816107	2817007	6.92006136598164	-1.10086985403714	3.46713677593515e-09	3.11972266666973e-07	6.33027323815765	6.20134592847887	7.30468266844124	7.42704484192269	1	1
MvSl-1064-A1-R4_A1g01358	MvSl-1064-A1-R4_A1	aMAT	1688108	1688798	2.12941828887106	-1.31074222160522	0.000306533244866414	0.011190976005205	1.3490653228404	1.33325345504761	2.61480141422935	2.62606489391647	1	1
MvSl-1064-A1-R4_A1g01359	MvSl-1064-A1-R4_A1	aMAT	1699348	1701504	5.69625277644843	0.921473077031638	4.72026577064796e-05	0.00229771188442252	6.28467999723449	5.85339336924682	5.09824621451789	5.22927037773818	2	2
MvSl-1064-A1-R4_A1g01376	MvSl-1064-A1-R4_A1	aMAT	907140	907771	6.92104670934952	-0.932916599957486	7.00736029964857e-06	0.000400138240700445	6.47376867146617	6.2809485130087	7.07575660410867	7.5161481894615	1	1
MvSl-1064-A1-R4_A1g01384	MvSl-1064-A1-R4_A1	aMAT	1761367	1764288	7.78333308207343	0.957219371976048	4.63045291820035e-06	0.000274987163968858	8.14929034779233	8.21800090974792	7.2611104928557	7.19261133437548	2	2
MvSl-1064-A1-R4_A1g01432	MvSl-1064-A1-R4_A1	aMAT	1786241	1788119	4.7974067590908	-1.15963539548225	2.86930264177486e-05	0.00146895103062819	4.39789156391081	3.73788970527857	5.34997352886879	5.16459180062604	1	1
MvSl-1064-A1-R4_A1g01515	MvSl-1064-A1-R4_A1	aMAT	3408913	3409518	5.67280514360077	-1.61854402523244	1.00679480971544e-12	1.31890120072723e-10	4.83208860346842	4.43898548247927	6.22331351810359	6.30279366714398	1	1
MvSl-1064-A1-R4_MC01-1g01829	MvSl-1064-A1-R4_MC01-1	Chr01	192929	193317	4.6590758995838	-0.804351666503758	0.00127054446644885	0.0357035019152251	4.19050539024388	4.21310049068332	4.85816000891594	5.13488795993228	1	1
MvSl-1064-A1-R4_MC01-1g01952	MvSl-1064-A1-R4_MC01-2	Chr01	349846	350081	7.1484103929178	0.612699942965943	0.00156493652093046	0.0423722022141293	7.38882988976694	7.4554906788783	6.88549119175467	6.7308919247028	2	2
MvSl-1064-A1-R4_MC01-1g01957	MvSl-1064-A1-R4_MC01-2	Chr01	356542	357953	6.93025567545914	-0.738982325326189	0.000396656986350628	0.0138565507231819	6.63010220510954	6.38780267164589	7.02202498314021	7.45097234148248	1	1
MvSl-1064-A1-R4_MC01-1g01970	MvSl-1064-A1-R4_MC01-2	Chr01	376307	376829	7.86710243819696	-2.96653364616295	4.38379468177905e-33	2.16949127918265e-30	5.8309653071253	5.61784460109876	8.47633429359511	8.88068708687699	1	1
MvSl-1064-A1-R4_MC01-1g02022	MvSl-1064-A1-R4_MC01-1	Chr01	443094	443969	3.82831278591607	1.01427252193341	0.000436865488237775	0.0150254740124405	4.16074336444572	4.33230593441711	3.17759167521431	3.30359059115923	2	2
MvSl-1064-A1-R4_MC01-1g02046	MvSl-1064-A1-R4_MC01-2	Chr01	481728	484515	3.36608926166204	-1.33482250729924	4.03124815169227e-05	0.00200616528130027	2.73299529772395	2.34948154390792	3.677225408683	4.04818170351906	1	1
MvSl-1064-A1-R4_MC01-1g02161	MvSl-1064-A1-R4_MC01-1	Chr01	700448	701057	3.07129377610634	1.6143253815741	3.5357923882461e-05	0.00177948240646872	3.45447238093892	3.8504088064324	2.51460277625807	1.43376701204429	2	2
MvSl-1064-A1-R4_MC01-1g02176	MvSl-1064-A1-R4_MC01-1	Chr01	722869	724783	4.69521997645546	1.70690576953784	3.89838458880154e-11	4.34085123963052e-09	5.11971433507053	5.47971926333429	3.57036456887399	3.65179553651101	2	2
MvSl-1064-A1-R4_MC01-1g02422	MvSl-1064-A1-R4_MC01-1	Chr01	1303810	1304945	2.47663489152969	-1.3083678888107	0.000744373318926326	0.0234306626324937	1.8741637832974	1.47372115024313	2.54878140944225	3.29690017355018	1	1
MvSl-1064-A1-R4_MC01-1g02545	MvSl-1064-A1-R4_MC01-1	Chr01	1623049	1624982	5.32193003696782	-0.71292221183075	0.00175652552876025	0.0468476928448991	5.05647095259941	4.77395249598346	5.56701692563212	5.69644224328719	1	1
MvSl-1064-A1-R4_MC01-1g02598	MvSl-1064-A1-R4_MC01-1	Chr01	1729784	1733845	0.810405328673993	2.02519603590215	9.47661575559314e-05	0.00419988523138426	1.085020322372	1.80688150447963	-0.975445524842191	0.0161415680417033	2	2
MvSl-1064-A1-R4_MC01-1g02603	MvSl-1064-A1-R4_MC01-1	Chr01	1744104	1745938	4.74824646835356	0.996392695186873	0.00181182000036531	0.0479486118605412	5.01904683177267	5.29322428486571	4.58927025972877	3.57645209102365	2	2
MvSl-1064-A1-R4_MC01-1g02628	MvSl-1064-A1-R4_MC01-1	Chr01	1799921	1802713	7.58606312799057	-0.682538114612265	0.00113441634951934	0.0327034978689913	7.25035559674488	7.15780864885669	7.73493927771617	8.02457301193532	1	1
MvSl-1064-A1-R4_MC01-1g02725	MvSl-1064-A1-R4_MC01-1	Chr01	2015903	2020132	4.67788216250929	-1.35929545886003	5.96769182654137e-08	4.62262598181135e-06	3.84506566452956	3.84524513986382	5.06123388516585	5.32444969485192	1	1
MvSl-1064-A1-R4_MC01-1g02734	MvSl-1064-A1-R4_MC01-1	Chr01	2039963	2041115	4.32442493091892	-2.26729113351253	3.90283504236263e-16	7.55792490377528e-14	2.7096940467101	2.87034098133197	5.08277765139287	5.00545307245178	1	1
MvSl-1064-A1-R4_MC01-1g02753	MvSl-1064-A1-R4_MC01-1	Chr01	2095150	2096226	3.33527184053031	-1.2585877647733	0.000108801390001953	0.00463733388582486	2.57434126278228	2.57833288593044	3.54800864772099	4.05216005737487	1	1
MvSl-1064-A1-R4_MC01-1g02763	MvSl-1064-A1-R4_MC01-1	Chr01	2127734	2131703	8.75010155654183	-0.786327856478859	0.00181395175089834	0.0479486118605412	8.31527580894221	8.29268930625156	9.19762950506314	8.97407491490755	1	1
MvSl-1064-A1-R4_MC01-1g02764	MvSl-1064-A1-R4_MC01-1	Chr01	2133289	2133526	8.11791052539013	-0.967982214415637	2.77277751326334e-05	0.00142774000509537	7.64559789046825	7.45676088291628	8.38390468639436	8.64781992115031	1	1
MvSl-1064-A1-R4_MC01-1g02769	MvSl-1064-A1-R4_MC01-1	Chr01	2142465	2143388	4.00010171156214	-1.02544667003571	0.000366635034108359	0.0131164051559729	3.42616009221484	3.37196237830349	4.25506817708642	4.56498043598822	1	1
MvSl-1064-A1-R4_MC01-1g02779	MvSl-1064-A1-R4_MC01-1	Chr01	2167004	2168847	5.85150646895072	-0.828548762317791	5.38499766469485e-05	0.00260704126071205	5.30603838350996	5.44771023985227	6.20913577807634	6.20255038816108	1	1
MvSl-1064-A1-R4_MC01-1g02785	MvSl-1064-A1-R4_MC01-1	Chr01	2188911	2189774	3.07795263786577	1.81025775398997	7.24150387930107e-06	0.000410874627750407	3.29139345406651	4.04762517224806	2.33039393693013	1.38413073829389	2	2
MvSl-1064-A1-R4_MC01-1g02787	MvSl-1064-A1-R4_MC01-1	Chr01	2190569	2190916	1.08821482690461	-1.95930613314794	9.55674294787828e-05	0.00421442901879701	-0.157674885389796	-0.116936734344634	1.13631679722947	2.11971794487786	1	1
MvSl-1064-A1-R4_MC01-1g02805	MvSl-1064-A1-R4_MC01-1	Chr01	2224752	2226292	1.2761076078511	-1.9391095537385	0.000388552014945456	0.0136708839447537	0.00429992942778774	0.10667802059155	0.94425916405975	2.46828101934932	1	1
MvSl-1064-A1-R4_MC01-1g02827	MvSl-1064-A1-R4_MC01-1	Chr01	2277804	2277986	0.0905937829501477	-3.39796682963831	2.87112052598481e-07	2.01385367287186e-05	-2.29255867825372	-1.71912154558816	0.460710554356751	1.16651279717513	1	1
MvSl-1064-A1-R4_MC01-1g02837	MvSl-1064-A1-R4_MC01-1	Chr01	2299525	2301343	3.64960057568454	1.87941961144806	3.53839992179408e-09	3.15200665033416e-07	4.45855804000531	4.13485160945038	2.62551688747457	2.23620218919891	2	2
MvSl-1064-A1-R4_MC01-1g02869	MvSl-1064-A1-R4_MC01-1	Chr01	2388232	2388937	0.07272950114524	5.23662639047278	4.83357809934623e-11	5.31574243320694e-09	1.40816104589918	0.523547080653121	-2.80327162377787	-2.80309411576075	2	2
MvSl-1064-A1-R4_MC01-1g02870	MvSl-1064-A1-R4_MC01-1	Chr01	2389164	2391367	0.366746629900975	3.4212633127282	2.62188381382486e-08	2.12324918305017e-06	1.5977901744055	0.76141803752798	-2.09177288295093	-1.42781555483966	2	2
MvSl-1064-A1-R4_MC01-1g02885	MvSl-1064-A1-R4_MC01-1	Chr01	2421729	2423505	0.806835190097972	-9.03658320902751	5.65635928341773e-19	1.29197047427398e-16	-3.35702000194919	-3.35702000194919	1.61627665607611	1.8171323578974	1	1
MvSl-1064-A1-R4_MC01-1g02912	MvSl-1064-A1-R4_MC01-1	Chr01	2476117	2477982	1.92590602962338	-3.20888345680154	1.1346596253614e-12	1.46486202068396e-10	-0.666168434655042	-0.0384837684140247	2.51460277625807	2.93267451494784	1	1
MvSl-1064-A1-R4_MC01-1g02916	MvSl-1064-A1-R4_MC01-1	Chr01	2469795	2471672	2.60045185305364	-10.9138206003004	5.38141155915489e-29	2.17898246222508e-26	-3.35702000194919	-3.35702000194919	2.80591676115327	4.06402971556765	1	1
MvSl-1064-A1-R4_MC01-1g02924	MvSl-1064-A1-R4_MC01-1	Chr01	2461947	2463297	0.0772707345686375	-2.59060492596248	0.000107692791755228	0.00461215090844023	-3.35702000194919	-0.706185576730538	0.553409307568056	0.944787738239229	1	1
MvSl-1064-A1-R4_MC01-2g02957	MvSl-1064-A1-R4_MC01-1	Chr01	2528970	2529194	1.55260905659858	-1.78254213107379	0.000114915930630452	0.00485152184860695	0.403304403814227	0.470876268794319	2.54878140944225	1.59516508656745	1	1
MvSl-1064-A1-R4_MC01-2g02970	MvSl-1064-A1-R4_MC01-1	Chr01	2555812	2558089	5.41836888190416	-6.83440400651521	1.15963002382813e-52	1.47571203603729e-49	-0.246035122314769	-0.28793212788796	5.70475576464089	6.8681056896699	1	1
MvSl-1064-A1-R4_MC01-2g03005	MvSl-1064-A1-R4_MC01-1	Chr01	2638104	2638522	7.55649838104538	-1.19313754544465	7.66651002275262e-07	4.9849103126044e-05	7.02348444903102	6.6299858559745	7.75703522349947	8.26378352304375	1	1
MvSl-1064-A1-R4_MC01-2g03006	MvSl-1064-A1-R4_MC01-1	Chr01	2638903	2639454	3.43230221553992	-7.96272439935848	9.74821317625545e-49	1.08546353717604e-45	-2.29255867825372	-2.74534674356397	4.2516137539304	4.54817659925825	1	1
MvSl-1064-A1-R4_MC01-2g03070	MvSl-1064-A1-R4_MC01-1	Chr01	2813014	2813993	4.28579101343775	-0.907754982701629	0.000731781117455905	0.0231982426843317	3.63847702447242	3.87595349929639	4.64825839615962	4.68256873176756	1	1
MvSl-1064-A1-R4_MC01-2g03113	MvSl-1064-A1-R4_MC01-1	Chr01	2877953	2880822	3.85712248146384	1.19574608313116	0.000207411919246986	0.00786223564532831	4.24824852516137	4.41827132418462	2.73841546278093	3.46746849861962	2	2
MvSl-1064-A1-R4_MC01-2g03146	MvSl-1064-A1-R4_MC02	Chr02	1	793	5.8007944661817	-0.846469500295903	0.000200730737859681	0.00767428932555381	5.47448820664126	5.13930149472639	5.9830486759429	6.32021937158735	1	1
MvSl-1064-A1-R4_MC01-2g03166	MvSl-1064-A1-R4_MC02	Chr02	46893	50202	1.42137745156142	3.8248128880543	2.59519558359268e-13	3.61218785291306e-11	1.97532984431312	2.61520297250475	-0.851396816560704	-1.61700946166639	2	2
MvSl-1064-A1-R4_MC02g03205	MvSl-1064-A1-R4_MC02	Chr02	150721	151305	6.18283363973949	-0.991156641627837	5.08719135735611e-06	0.000298136188232423	5.51369741493059	5.68874616393387	6.34581843435267	6.80526051383225	1	1
MvSl-1064-A1-R4_MC02g03224	MvSl-1064-A1-R4_MC02	Chr02	198023	198831	5.53596468237029	0.829492030686843	0.00157423246786691	0.0424947358295709	5.52875468439243	6.18202011424753	5.26171666797382	4.83581950196395	2	2
MvSl-1064-A1-R4_MC02g03229	MvSl-1064-A1-R4_MC02	Chr02	208275	211944	4.70556362178127	-0.801401631908429	0.00124818379936276	0.0352978453483284	4.23198496184465	4.26815778567022	4.89847781614186	5.18466411359818	1	1
MvSl-1064-A1-R4_MC02g03274	MvSl-1064-A1-R4_MC02	Chr02	312457	313624	3.0337958143256	-1.55623869693271	2.77882294839135e-06	0.000170715550512208	1.91548531983386	2.19568431759486	3.42459466643283	3.75303037878867	1	1
MvSl-1064-A1-R4_MC02g03288	MvSl-1064-A1-R4_MC02	Chr02	345926	346202	3.90065471681648	-0.937752501542826	0.00110019902378225	0.0319236902405613	3.28352415428605	3.42829900340631	4.16612466752413	4.40308564933398	1	1
MvSl-1064-A1-R4_MC02g03327	MvSl-1064-A1-R4_MC02	Chr02	441250	443026	4.88171069547728	-1.01384750206752	0.000373622878032756	0.0132598908267561	3.87679398964909	4.60704544000396	5.14926104609165	5.43369667096821	1	1
MvSl-1064-A1-R4_MC02g03352	MvSl-1064-A1-R4_MC02	Chr02	522417	524545	7.08533400159901	-1.01374733669335	9.29724379489644e-08	6.90165397707812e-06	6.41645299156859	6.56236733469246	7.5109036593236	7.4976687389251	1	1
MvSl-1064-A1-R4_MC02g03373	MvSl-1064-A1-R4_MC02	Chr02	569119	570909	3.39836031959337	-1.54995453683823	4.16819395912308e-07	2.81289937786882e-05	2.45329807582354	2.40668559879287	3.95296084651518	3.97462900621709	1	1
MvSl-1064-A1-R4_MC02g03471	MvSl-1064-A1-R4_MC02	Chr02	787392	787596	2.8063092009537	-1.24906828174476	0.00116295661106535	0.0332039022159301	2.08804998501524	2.02351350791079	2.73841546278093	3.68291877561313	1	1
MvSl-1064-A1-R4_MC02g03484	MvSl-1064-A1-R4_MC02	Chr02	806915	808042	4.54839080200189	1.08084307440932	0.000133535689605315	0.0055327252232751	4.66648404708603	5.25479594036857	4.01540019624247	3.80582310718282	2	2
MvSl-1064-A1-R4_MC02g03498	MvSl-1064-A1-R4_MC02	Chr02	834046	835876	5.00687960567996	2.37714819502237	1.91194699599765e-10	2.02757426670798e-08	5.48653464839512	5.98011392202196	3.89657081752587	2.59367651308598	2	2
MvSl-1064-A1-R4_MC02g03515	MvSl-1064-A1-R4_MC02	Chr02	876340	878957	4.68418282496652	-0.86700965260048	0.000352063742173645	0.0126459024809791	4.13910248073744	4.23300587823382	4.99460231785047	5.10455966337116	1	1
MvSl-1064-A1-R4_MC02g03606	MvSl-1064-A1-R4_MC02	Chr02	1116373	1120136	7.57481946814861	-1.57161865131897	1.25485162035667e-13	1.80293842486084e-11	6.65547625950058	6.51112003605993	8.26836398284817	8.03365590001468	1	1
MvSl-1064-A1-R4_MC02g03617	MvSl-1064-A1-R4_MC02	Chr02	1150600	1152710	5.25394673156145	-0.849481762383873	0.000318208295947385	0.0114941971580081	4.8048585299013	4.72980410366943	5.78341382197108	5.42451857185204	1	1
MvSl-1064-A1-R4_MC02g03891	MvSl-1064-A1-R4_MC02	Chr02	1741514	1744931	6.22675978384988	-1.86885600557409	1.94467022787011e-15	3.53533109997284e-13	5.1175027401205	4.89383495478545	6.54733214150413	7.14311336856929	1	1
MvSl-1064-A1-R4_MC02g03922	MvSl-1064-A1-R4_MC02	Chr02	1811379	1812803	4.35875457571896	-1.25620795461141	0.00010372938830042	0.0044855407329133	3.9777820822007	3.08706654015142	4.69478953632939	4.98894458266684	1	1
MvSl-1064-A1-R4_MC02g04109	MvSl-1064-A1-R4_MC02	Chr02	2282051	2282777	3.8977729917547	-1.2743754651683	5.71601306656361e-05	0.00273754002134132	3.32244831333316	2.90052528558323	4.11000157369303	4.62764078461188	1	1
MvSl-1064-A1-R4_MC02g04206	MvSl-1064-A1-R4_MC02	Chr02	2520294	2521314	1.39352228600176	-1.30275385053103	0.00144461382752852	0.0399646583093915	0.618770606302281	0.623448787496776	1.77869156441068	1.95949661326687	1	1
MvSl-1064-A1-R4_MC02g04207	MvSl-1064-A1-R4_MC02	Chr02	2537745	2542439	5.84948244982431	-0.768739148899436	0.00125530744112387	0.0353869578656058	5.46059653880101	5.36714012633835	5.85459253620568	6.44876201397421	1	1
MvSl-1064-A1-R4_MC02g04208	MvSl-1064-A1-R4_MC02	Chr02	2542839	2543411	4.76430646604096	-0.779442813250446	0.00135240197730246	0.0377655072533239	4.36843520062197	4.27585435651738	4.9883894833889	5.20267245471661	1	1
MvSl-1064-A1-R4_MC02g04224	MvSl-1064-A1-R4_MC03	Chr03	26279	28913	5.31281344874286	-1.16503748202518	0.000402152944686388	0.0139392156858613	5.01904683177267	4.05658899538634	5.36763342878918	6.09770822975598	1	1
MvSl-1064-A1-R4_MC03g04423	MvSl-1064-A1-R4_MC03	Chr03	457974	458561	7.46710244843396	-0.717472941471242	0.000418319870820726	0.014443385307252	6.97361396651992	7.14945393579787	7.77067528833177	7.79189931455776	1	1
MvSl-1064-A1-R4_MC03g04424	MvSl-1064-A1-R4_MC03	Chr03	458630	459341	3.00064420579798	-1.08817393897125	0.000760984133386935	0.02378278800871	2.48108781925678	2.22778339604896	3.31632770387302	3.54291726331671	1	1
MvSl-1064-A1-R4_MC03g04539	MvSl-1064-A1-R4_MC03	Chr03	736466	738274	2.05802851904078	-2.03283190501821	1.84145525350203e-05	0.00100636094467461	0.972053696397208	0.470876268794319	1.9924528766931	3.19263211843577	1	1
MvSl-1064-A1-R4_MC03g04642	MvSl-1064-A1-R4_MC03	Chr03	973608	977163	6.39662141233886	1.07079693085493	3.25017143195897e-07	2.24438194696826e-05	7.00386237756004	6.6441784180564	5.90713569864194	5.60867246883427	2	2
MvSl-1064-A1-R4_MC03g04747	MvSl-1064-A1-R4_MC03	Chr03	1234285	1237148	5.45503950136837	0.842917789884051	0.000135231921056664	0.00555801880452172	5.79405287427519	5.83787889389089	5.11164647852133	4.82423406643904	2	2
MvSl-1064-A1-R4_MC03g04760	MvSl-1064-A1-R4_MC03	Chr03	1277504	1279733	4.58257222465652	-0.875667489084087	0.00070761050593697	0.0225928114225324	3.90271143907062	4.23695420965515	5.0493457151507	4.84731264234474	1	1
MvSl-1064-A1-R4_MC03g04807	MvSl-1064-A1-R4_MC03	Chr03	1389676	1391164	2.90437815329819	2.13155799551768	1.62211871539175e-09	1.55374553943115e-07	3.41179282828096	3.78719047623139	1.69976843608086	1.30631956489809	2	2
MvSl-1064-A1-R4_MC03g04831	MvSl-1064-A1-R4_MC03	Chr03	1440930	1449373	3.5800203197536	-1.04641787069514	0.000622401101672028	0.0203836360797589	2.80072266017598	3.11307833615499	4.08692640543562	3.91471072608896	1	1
MvSl-1064-A1-R4_MC03g04844	MvSl-1064-A1-R4_MC03	Chr03	1477378	1479347	3.37468652568478	1.47510513356149	2.93067846867428e-06	0.000178811532869524	4.05377281781679	3.80325665653993	2.31723504011266	2.61534935503343	2	2
MvSl-1064-A1-R4_MC03g04845	MvSl-1064-A1-R4_MC03	Chr03	1480098	1480448	6.49434160643814	1.4869825572436	3.16328053708393e-14	4.85836259040408e-12	6.95948383341142	7.14368187562819	5.65593925269805	5.47725251958929	2	2
MvSl-1064-A1-R4_MC03g04879	MvSl-1064-A1-R4_MC03	Chr03	1585502	1587550	0.34631772816736	-2.24965584712505	7.61083415821415e-05	0.00351281402494154	-0.666168434655042	-1.49302128221501	0.597616728651346	1.30631956489809	1	1
MvSl-1064-A1-R4_MC03g04909	MvSl-1064-A1-R4_MC03	Chr03	1648424	1649875	3.5513572971372	-2.16262536947299	4.49931880474783e-12	5.27367525167023e-10	2.15858342398113	2.05963069950411	4.24815103956516	4.24870499128774	1	1
MvSl-1064-A1-R4_MC03g04929	MvSl-1064-A1-R4_MC03	Chr03	1698538	1701021	3.51468510616452	1.53914510062594	4.04171620011549e-07	2.74836701607853e-05	4.03514707711	4.14329106653957	2.52608585828285	2.60455363112735	2	2
MvSl-1064-A1-R4_MC03g04959	MvSl-1064-A1-R4_MC03	Chr03	1761110	1762028	0.290750032625851	-2.18582739065084	8.69313259968823e-05	0.00393088452781841	-1.68673360878875	-0.58971807261344	0.94425916405975	0.910136229154467	1	1
MvSl-1064-A1-R4_MC03g05070	MvSl-1064-A1-R4_MC03	Chr03	2033734	2033925	1.10196274425685	-2.33222653756924	0.000763569529691406	0.02378278800871	0.460262101031234	-2.74534674356397	1.55032569223151	1.9929960331353	1	1
MvSl-1064-A1-R4_MC03g05077	MvSl-1064-A1-R4_MC03	Chr03	2062396	2063578	6.59989968650172	-0.717885806500038	0.00184274577997651	0.0482799394353846	6.37724523730864	5.99067547930039	6.62347469963791	7.15564797880541	1	1
MvSl-1064-A1-R4_MC03g05082	MvSl-1064-A1-R4_MC03	Chr03	2070240	2071403	2.78331873153168	1.76462838833369	1.0053942949781e-06	6.4432031508381e-05	3.52958258774065	3.29072215322991	1.30578473175232	1.97634355320203	2	2
MvSl-1064-A1-R4_MC03g05112	MvSl-1064-A1-R4_MC03	Chr03	2150803	2151639	5.6535830005839	-0.765743953578124	0.000228099166593009	0.00853742594962404	5.21588223970609	5.22528767461761	6.0119213329172	5.9573279147651	1	1
MvSl-1064-A1-R4_MC03g05154	MvSl-1064-A1-R4_MC03	Chr03	2236247	2236895	6.16182406631254	1.27273254416559	5.89271827583222e-10	6.10375981408296e-08	6.52054911000374	6.79172263131425	5.28386949009793	5.49197197642062	2	2
MvSl-1064-A1-R4_MC03g05159	MvSl-1064-A1-R4_MC03	Chr03	2247547	2249124	6.08621023038782	1.07779878950115	3.84760862152736e-08	3.06022300005051e-06	6.51215562729239	6.54176717242132	5.52184685347846	5.37614524824003	2	2
MvSl-1064-A1-R4_MC03g05222	MvSl-1064-A1-R4_MC03	Chr03	2406369	2407408	4.2605609553395	-2.47305347486191	1.56814425285042e-17	3.24861139637012e-15	2.67402096108773	2.43445894378869	5.07888445631049	4.94468901697504	1	1
MvSl-1064-A1-R4_MC03g05233	MvSl-1064-A1-R4_MC03	Chr03	2430829	2431709	6.99047345268664	1.26986543578312	1.31749089409202e-11	1.5241829720223e-09	7.49017282324615	7.49022691123936	6.30056692451204	6.13757113046666	2	2
MvSl-1064-A1-R4_MC03g05235	MvSl-1064-A1-R4_MC03	Chr03	2437236	2440046	6.10517502626976	1.7659332110009	8.9306041554774e-08	6.71285112823698e-06	6.18259598716917	7.13153787885158	5.34024895753956	4.47300966012181	2	2
MvSl-1064-A1-R4_MC04-1g05282	MvSl-1064-A1-R4_MC04-1	Chr04	49616	50221	0.32171577137927	-5.21727398980531	2.69482742010725e-12	3.28842776141306e-10	-2.72876486854616	-2.74534674356397	1.10603065512179	1.25201158919503	1	1
MvSl-1064-A1-R4_MC04-1g05292	MvSl-1064-A1-R4_MC04-2	Chr04	61568	64875	7.08702672493374	-5.89465634173644	3.67939152451409e-79	1.63880098501858e-75	2.2900785509327	2.09486575316137	7.62976284946407	8.39311304403582	1	1
MvSl-1064-A1-R4_MC04-1g05308	MvSl-1064-A1-R4_MC04-1	Chr04	83248	83523	4.30710755850983	-0.991807877628025	0.000242084656905234	0.00894809179963412	3.59462892891491	3.8504088064324	4.78596796545509	4.64090981136964	1	1
MvSl-1064-A1-R4_MC04-1g05310	MvSl-1064-A1-R4_MC04-1	Chr04	87548	90744	5.31856523719359	0.703831783537142	0.00179287487014281	0.0476744159499468	5.71434397693019	5.53688621593883	4.82600371300252	5.01974464835407	2	2
MvSl-1064-A1-R4_MC04-1g05323	MvSl-1064-A1-R4_MC04-1	Chr04	106646	108295	7.1233931040995	-0.644210348726506	0.00117815718419511	0.0335304287438021	6.62232415229852	6.89590819475067	7.44626651793392	7.3716118501414	1	1
MvSl-1064-A1-R4_MC04-1g05373	MvSl-1064-A1-R4_MC04-1	Chr04	218527	219073	6.23963145656422	0.623684676508805	0.00163796605302615	0.0439488000010752	6.35018806702652	6.66850160908804	5.9300077949821	5.85969542521553	2	2
MvSl-1064-A1-R4_MC04-1g05411	MvSl-1064-A1-R4_MC04-1	Chr04	343240	347427	3.43040339875864	3.87394131480699	7.00868373706185e-23	2.01397918483055e-20	4.58559300285661	4.04762517224806	0.140423896302744	0.874631914274694	2	2
MvSl-1064-A1-R4_MC04-1g05424	MvSl-1064-A1-R4_MC04-1	Chr04	385667	389100	0.734257353571477	-2.02384575212826	3.31474748916588e-05	0.00167771424053919	-0.666168434655042	-0.381684148947219	1.19504595887313	1.5051592397649	1	1
MvSl-1064-A1-R4_MC04-1g05441	MvSl-1064-A1-R4_MC04-1	Chr04	421065	421307	7.41718133106476	0.664901010940451	0.00109639252165157	0.0319172045191902	7.71562479235078	7.70783276277758	6.92614653015568	7.15887999309082	2	2
MvSl-1064-A1-R4_MC04-1g05493	MvSl-1064-A1-R4_MC04-1	Chr04	531590	531883	6.31086932289446	-0.648329768364395	0.00122494333874428	0.0347509403233568	6.11879414020411	5.76044631330533	6.54097862819927	6.65313539071613	1	1
MvSl-1064-A1-R4_MC04-1g05502	MvSl-1064-A1-R4_MC04-1	Chr04	552732	553186	1.89382525995477	3.2736429012965	2.17212461682724e-14	3.39461159415738e-12	2.75592617963624	2.76490620064787	-0.194454147062977	-0.532256666477131	2	2
MvSl-1064-A1-R4_MC04-1g05592	MvSl-1064-A1-R4_MC04-1	Chr04	753437	754771	4.74531985419632	-0.996261031279783	5.83335124613007e-05	0.00277879641179287	4.08126817327492	4.24089176486792	5.2787874088689	5.02177479381403	1	1
MvSl-1064-A1-R4_MC04-1g05677	MvSl-1064-A1-R4_MC04-1	Chr04	986137	986821	5.44619942740377	-0.973365371601284	0.000697669314660029	0.0224362391876951	4.79104830383208	4.96221106626817	5.31895145225876	6.23790937531782	1	1
MvSl-1064-A1-R4_MC04-1g05729	MvSl-1064-A1-R4_MC04-1	Chr04	1116693	1119291	5.7394652594337	0.804899346647012	0.000144355442026929	0.00585467964531683	6.13309653013479	6.03896549988708	5.17136787296474	5.38721089793297	2	2
MvSl-1064-A1-R4_MC04-1g05801	MvSl-1064-A1-R4_MC04-1	Chr04	1296862	1297302	4.0314239276278	-1.29587514167157	0.000172171076365221	0.0067862829569088	2.64973924077663	3.66356465736151	4.60830211634121	4.45208491814557	1	1
MvSl-1064-A1-R4_MC04-1g05826	MvSl-1064-A1-R4_MC04-1	Chr04	1353900	1355170	1.98269496910539	-3.74084778340297	1.13915753569905e-14	1.81207416571556e-12	-1.45843544932468	-0.199902509540692	3.02408075556097	2.62606489391647	1	1
MvSl-1064-A1-R4_MC04-1g05832	MvSl-1064-A1-R4_MC04-1	Chr04	1366216	1367297	4.80964258237543	-6.36076504421719	4.65145964696826e-10	4.87472971002273e-08	0.515056251188435	-3.35702000194919	4.03963842469321	6.55140604957045	1	1
MvSl-1064-A1-R4_MC04-1g05858	MvSl-1064-A1-R4_MC04-1	Chr04	1423579	1424514	4.95448171129467	-1.28332985432504	1.22435402238852e-07	9.0136740755677e-06	4.06299628295133	4.27968729896577	5.46630322569852	5.44281675001252	1	1
MvSl-1064-A1-R4_MC04-1g05865	MvSl-1064-A1-R4_MC04-1	Chr04	1439123	1440432	7.45546602087506	0.797419697558942	0.000214547954443493	0.00807782525599385	7.82572620140655	7.77352551207149	7.18392227261565	6.79580071343934	2	2
MvSl-1064-A1-R4_MC04-1g05911	MvSl-1064-A1-R4_MC04-1	Chr04	1554327	1556717	0.928623052156155	1.89302608740147	0.000101670418935907	0.0044179516677125	1.31858419737225	1.80688150447963	-0.631336606398735	0.140931412994793	2	2
MvSl-1064-A1-R4_MC04-1g05942	MvSl-1064-A1-R4_MC04-1	Chr04	1618800	1619609	6.04352772863501	-0.753476184828847	0.000206463017909771	0.00785971181000102	5.74475321953849	5.47971926333429	6.43608314000921	6.30195859844906	1	1
MvSl-1064-A1-R4_MC04-1g05945	MvSl-1064-A1-R4_MC04-1	Chr04	1623051	1624038	6.57309513715061	0.84875161925792	0.000822838583761004	0.0251884745846839	6.5867944623904	7.21697526670088	6.34095031827275	5.78157540229616	2	2
MvSl-1064-A1-R4_MC04-1g05982	MvSl-1064-A1-R4_MC04-1	Chr04	1708858	1709195	2.6092814301652	-1.44319893962128	0.000747503584900891	0.0234463448390744	1.99473880093233	1.39109179928443	2.49135872274747	3.58745935282362	1	1
MvSl-1064-A1-R4_MC04-1g05987	MvSl-1064-A1-R4_MC04-1	Chr04	1713418	1713721	4.14642534959896	1.29745721479352	2.52263706924598e-05	0.001337598274574	4.37215030491074	4.89133198662913	3.56480798207414	3.13377940007786	2	2
MvSl-1064-A1-R4_MC04-1g06004	MvSl-1064-A1-R4_MC04-1	Chr04	1763728	1769167	2.49226240372182	-1.41821995145252	6.35900943823575e-05	0.00299714582411661	1.67200330494561	1.57701063529719	2.81530706389111	3.19263211843577	1	1
MvSl-1064-A1-R4_MC04-1g06041	MvSl-1064-A1-R4_MC04-1	Chr04	1868139	1871971	5.2425540492332	-1.26792222046373	2.4455769623222e-07	1.72898409367985e-05	4.67853588857982	4.23695420965515	5.82235573020106	5.64994701106965	1	1
MvSl-1064-A1-R4_MC04-1g06069	MvSl-1064-A1-R4_MC04-1	Chr04	1935217	1937471	4.0699606200176	-2.35214986343411	8.34614901166971e-16	1.54890615408237e-13	2.36656504950653	2.56583044913723	4.79548858353879	4.81020760760828	1	1
MvSl-1064-A1-R4_MC04-2g06086	MvSl-1064-A1-R4_MC05-1	Chr05	5538	7710	6.49332026051639	-2.05021305915383	3.76526362944832e-22	1.01639298215532e-19	4.93865067924625	5.30267353727716	7.06398799162209	7.28678653971354	1	1
MvSl-1064-A1-R4_MC05-1g06149	MvSl-1064-A1-R4_MC05-3	Chr05	71756	72543	6.69930289240766	0.680708917123863	0.0010128405627338	0.0299746967868194	6.79278350447938	7.1810501553669	6.44971402363293	6.17727313754454	2	2
MvSl-1064-A1-R4_MC05-1g06209	MvSl-1064-A1-R4_MC05-1	Chr05	124813	126762	1.46324514150873	-3.93174476936804	9.12928859433559e-15	1.50599449626558e-12	-1.08802847150305	-1.49302128221501	2.2356569144911	2.39499259143031	1	1
MvSl-1064-A1-R4_MC05-1g06212	MvSl-1064-A1-R4_MC05-2	Chr05	126793	127386	5.55644678881562	3.28578924595336	7.13187874593909e-31	3.17653879344127e-28	6.07387586323559	6.69385853524826	3.36189633291975	2.88885656622696	2	2
MvSl-1064-A1-R4_MC05-1g06258	MvSl-1064-A1-R4_MC05-1	Chr05	166720	167211	3.61183720020958	-1.14961713196588	0.000172124731508652	0.0067862829569088	2.84416997246243	3.00609295317467	4.22367649712449	3.89269359058994	1	1
MvSl-1064-A1-R4_MC05-2g06412	MvSl-1064-A1-R4_MC05-2	Chr05	273474	273683	4.39209430938606	-1.97549884824826	3.5108341756083e-12	4.22628524815117e-10	3.22720337431437	2.94947012304136	4.88293227398564	5.21514586634396	1	1
MvSl-1064-A1-R4_MC05-2g06430	MvSl-1064-A1-R4_MC05-1	Chr05	285041	285279	6.34784290461164	0.937505774280328	0.000389807422762399	0.0136708839447537	6.45462333792626	6.98135372544971	6.1398207327468	5.3697837027678	2	2
MvSl-1064-A1-R4_MC05-2g06432	MvSl-1064-A1-R4_MC05-2	Chr05	285886	287358	7.24769692047964	1.98532349812941	4.23864020693033e-15	7.4034915614383e-13	7.59681838289657	8.18899669733057	6.13514162836932	5.71287062455743	2	2
MvSl-1064-A1-R4_MC05-2g06461	MvSl-1064-A1-R4_MC05-3	Chr05	310382	311304	2.71693369671423	-1.38762416200866	8.20303499969041e-05	0.00376663071016712	1.71943927627446	2.0051100876616	2.98300767396638	3.44948227116724	1	1
MvSl-1064-A1-R4_MC05-2g06481	MvSl-1064-A1-R4_MC05-2	Chr05	323133	324392	4.72211811837955	-0.948524293814701	0.000526011560821628	0.0175494793400714	4.35347836976811	3.96434131240893	4.85132945512445	5.34080442725609	1	1
MvSl-1064-A1-R4_MC05-2g06485	MvSl-1064-A1-R4_MC05-2	Chr05	327387	329680	1.34250432525116	-1.65619240282392	0.000200685502518281	0.00767428932555381	0.618770606302281	-0.0384837684140247	1.67934409235493	2.10447319411414	1	1
MvSl-1064-A1-R4_MC05-3g06511	MvSl-1064-A1-R4_MC05-3	Chr05	333416	334242	3.28907107432017	1.32277700633424	4.6502998108121e-05	0.0022886668903157	4.03045282516799	3.5411739883311	2.59312870653799	2.39499259143031	2	2
MvSl-1064-A1-R4_MC05-3g06513	MvSl-1064-A1-R4_MC05-3	Chr05	335094	339137	5.45336529286484	1.21636149270992	0.000127812099478806	0.00537051972715664	6.22942961238823	5.57169381026015	4.16978970653481	5.12358943086018	2	2
MvSl-1064-A1-R4_MC05-3g06514	MvSl-1064-A1-R4_MC05-1	Chr05	336152	336708	8.67052828773189	1.11981521224292	6.57183222584655e-06	0.000377689557857039	9.21439709782887	9.02857392961312	7.99073262872241	8.01899407549029	2	2
MvSl-1064-A1-R4_MC05-3g06515	MvSl-1064-A1-R4_MC05-1	Chr05	337264	338212	9.77824569769701	1.15710190864823	0.000173518050098251	0.00680924577213753	10.1596388190448	10.3233215066854	9.26920373719483	8.87802803358908	2	2
MvSl-1064-A1-R4_MC05-3g06516	MvSl-1064-A1-R4_MC05-3	Chr05	339298	341280	5.11353288254092	0.75447327280513	0.00152810483757662	0.0417612174117047	5.57461909332663	5.29701141585942	4.5755207022368	4.79604343795352	2	2
MvSl-1064-A1-R4_MC05-3g06517	MvSl-1064-A1-R4_MC05-1	Chr05	339369	346823	8.05567390562482	1.04132479426921	3.92754305973966e-06	0.000234809084403764	8.39115869599893	8.57203439543044	7.5249222529406	7.35721332269737	2	2
MvSl-1064-A1-R4_MC05-3g06518	MvSl-1064-A1-R4_MC05-2	Chr05	342012	342758	7.90866005392894	1.07563613576318	2.07054152940302e-06	0.000130811233644838	8.50910139984996	8.16795341648354	7.18120117881298	7.36002431366113	2	2
MvSl-1064-A1-R4_MC05-3g06519	MvSl-1064-A1-R4_MC05-3	Chr05	342167	343614	8.06928578529504	0.99468536781328	0.000135394036886081	0.00555801880452172	8.38128399919175	8.57729943135985	7.12331219428567	7.77935441553593	2	2
MvSl-1064-A1-R4_MC05-3g06520	MvSl-1064-A1-R4_MC05-2	Chr05	343243	346503	8.62700263206731	1.35437751654064	6.32244247428767e-08	4.85519978973746e-06	9.05322210785859	9.24227857761374	7.70051427554962	7.88712355932274	2	2
MvSl-1064-A1-R4_MC05-3g06591	MvSl-1064-A1-R4_MC05-3	Chr05	394942	396910	6.15127581893111	-0.741328641136454	0.000104566118563575	0.0044998791505523	5.67878710994597	5.78627267201621	6.47214981655456	6.47567126607011	1	1
MvSl-1064-A1-R4_MC05-3g06707	MvSl-1064-A1-R4_MC05-3	Chr05	623804	624999	7.1078042895993	1.0365632191192	7.12869729313525e-08	5.42755858865374e-06	7.46994577921361	7.59738152301633	6.44669604868483	6.55000000740978	2	2
MvSl-1064-A1-R4_MC05-3g06731	MvSl-1064-A1-R4_MC05-3	Chr05	677213	677974	5.38310856935831	-2.33180470909772	7.02309589784602e-21	1.78747823594321e-18	3.54940626344896	4.00195110711994	6.02715437493176	6.20344500710883	1	1
MvSl-1064-A1-R4_MC05-3g06760	MvSl-1064-A1-R4_MC05-3	Chr05	748841	749627	0.12796694539601	-2.34135654927364	0.000401786474098054	0.0139392156858613	-0.933292490140704	-1.71912154558816	-0.120970938132246	1.33272568033727	1	1
MvSl-1064-A1-R4_MC05-3g06790	MvSl-1064-A1-R4_MC05-3	Chr05	818866	823259	5.0236418268901	-1.17016978801169	5.63290755794484e-06	0.000327960395595899	4.53677526651773	4.07435126884503	5.61350933899214	5.35536682677614	1	1
MvSl-1064-A1-R4_MC06g06896	MvSl-1064-A1-R4_MC06	Chr06	164622	167040	6.08815676434359	1.01442842786391	4.56011542390399e-07	3.05424873655164e-05	6.3707605064555	6.63373429828858	5.51609984241042	5.47429052056191	2	2
MvSl-1064-A1-R4_MC06g06907	MvSl-1064-A1-R4_MC06	Chr06	187971	189682	5.56461537922351	-1.63657948069778	2.31712617541777e-12	2.86679999591965e-10	4.68153318354244	4.35428225635813	5.96839273037998	6.32844392550972	1	1
MvSl-1064-A1-R4_MC06g06943	MvSl-1064-A1-R4_MC06	Chr06	280916	282284	5.94551085728286	-0.80076468297201	0.000469827719046768	0.0159814522741522	5.30020012487562	5.6581545648031	6.4817646770872	6.06854492322822	1	1
MvSl-1064-A1-R4_MC06g06944	MvSl-1064-A1-R4_MC06	Chr06	283718	287261	2.00553736018995	1.9828512257197	3.34502770361264e-06	0.00020133450529582	3.02495301921296	2.24356902872854	0.507804334734784	0.978626450806531	2	2
MvSl-1064-A1-R4_MC06g06945	MvSl-1064-A1-R4_MC06	Chr06	287765	289283	9.96032615976545	2.9508269319495	4.48573075349199e-15	7.68440183694359e-13	11.0467171233303	10.4648713457833	7.48134546287328	8.11815474057934	2	2
MvSl-1064-A1-R4_MC06g06946	MvSl-1064-A1-R4_MC06	Chr06	289735	293030	6.97162729868462	2.60955455156655	4.81879452077196e-37	2.86172143940244e-34	7.86514625420755	7.63190109106732	5.03735876912166	5.24846851547259	2	2
MvSl-1064-A1-R4_MC06g06947	MvSl-1064-A1-R4_MC06	Chr06	294446	295853	6.27903246389744	2.99214174530755	3.0927258273415e-41	2.50454560635983e-38	7.27487367010217	6.92189343860961	3.99488588188773	4.2417545152474	2	2
MvSl-1064-A1-R4_MC06g07033	MvSl-1064-A1-R4_MC01-2	Chr01	21439	22441	2.48002249381531	2.93518343902903	1.14787471588328e-13	1.67627343755545e-11	3.54940626344896	3.02448391953453	0.412027470018676	0.508322933463477	2	2
MvSl-1064-A1-R4_MC06g07102	MvSl-1064-A1-R4_MC06	Chr06	719696	720073	2.33159247374679	-2.26368580736835	5.80292345237539e-09	4.97042712632307e-07	1.01070045865122	0.623448787496776	2.81530706389111	3.22118198990257	1	1
MvSl-1064-A1-R4_MC06g07136	MvSl-1064-A1-R4_MC06	Chr06	800364	806063	7.11953665779335	1.42766996902994	8.54100467572621e-13	1.1355711888264e-10	7.78101276726702	7.53621287223009	6.2064618705002	6.26729782273176	2	2
MvSl-1064-A1-R4_MC06g07137	MvSl-1064-A1-R4_MC06	Chr06	806773	806949	8.96517644015147	4.9614362376576	1.56886983585509e-48	1.55283249975524e-45	10.1399574059231	9.65986441081752	5.14554341529914	4.75269694143438	2	2
MvSl-1064-A1-R4_MC06g07138	MvSl-1064-A1-R4_MC06	Chr06	807580	809503	10.1475255226275	-4.46192241792102	3.39585308010108e-35	1.89064120234627e-32	6.68564612740565	6.55685000971718	11.0503822169181	11.1155147925675	1	1
MvSl-1064-A1-R4_MC06g07191	MvSl-1064-A1-R4_MC06	Chr06	940825	943820	5.24208975617406	-1.25496864384642	4.22813785862925e-05	0.00209245844692607	4.59516140823396	4.36153392988773	5.1640365051464	6.14224417488976	1	1
MvSl-1064-A1-R4_MC06g07298	MvSl-1064-A1-R4_MC06	Chr06	1221202	1222069	6.88963129773019	0.789319846822894	2.23903228645509e-05	0.00120880603683284	7.15922413787911	7.29952366186344	6.50588767434528	6.37603701165186	2	2
MvSl-1064-A1-R4_MC06g07412	MvSl-1064-A1-R4_MC06	Chr06	1485035	1486477	1.86746612033961	1.99533336646485	3.95841329188411e-07	2.71242658493105e-05	2.41058324970302	2.67463346608216	0.682164172611542	0.553929095342866	2	2
MvSl-1064-A1-R4_MC06g07419	MvSl-1064-A1-R4_MC06	Chr06	1508105	1508263	6.88345814440675	0.847864364958502	0.00152924577635558	0.0417612174117047	6.76973155103889	7.60351105199867	6.62079949579482	6.13663470245333	2	2
MvSl-1064-A1-R4_MC06g07420	MvSl-1064-A1-R4_MC06	Chr06	1508718	1510257	2.58398075090508	-1.21477557942211	0.000705936553944085	0.0225928114225324	1.62295445169752	2.05963069950411	2.82463664148412	3.24917782666572	1	1
MvSl-1064-A1-R4_MC06g07471	MvSl-1064-A1-R4_MC06	Chr06	1621156	1622824	2.99782915278348	-1.29895137056859	0.00016082096268831	0.00645312223255613	2.30570369608336	2.11216574193952	3.17759167521431	3.75303037878867	1	1
MvSl-1064-A1-R4_MC06g07527	MvSl-1064-A1-R4_MC07	Chr07	28375	28666	5.9485642774392	-0.873800661244811	0.00109326302999958	0.0319172045191902	5.03319488574148	5.76728767420358	6.54309957641641	6.05373917850666	1	1
MvSl-1064-A1-R4_MC07g07592	MvSl-1064-A1-R4_MC07	Chr07	186081	187166	3.18016042029147	-1.0870434707309	0.00156096710584977	0.0423722022141293	2.12374770953367	2.86013755837241	3.69259314253583	3.53156349866843	1	1
MvSl-1064-A1-R4_MC07g07597	MvSl-1064-A1-R4_MC07	Chr07	196832	198411	7.4677177948591	-0.703489722713151	0.00183083843819521	0.0482518012054526	6.84918491009675	7.26755147127197	7.91359518297774	7.62532117249994	1	1
MvSl-1064-A1-R4_MC07g07612	MvSl-1064-A1-R4_MC07	Chr07	235864	236563	7.01036979503219	-0.779599209511135	0.0013502861199709	0.0377655072533239	6.30620100309026	6.79037989848615	7.61840860724333	7.01393830636456	1	1
MvSl-1064-A1-R4_MC07g07855	MvSl-1064-A1-R4_MC07	Chr07	803187	804691	6.62089408834355	0.843074327829665	7.02697803418099e-05	0.00326022501710856	7.1953221608326	6.73142726365272	6.194817325744	6.08222786055969	2	2
MvSl-1064-A1-R4_MC07g07961	MvSl-1064-A1-R4_MC07	Chr07	1066540	1066944	4.46258920381324	-4.09879713274562	4.31332712561783e-39	2.95562446423105e-36	1.04833890739762	1.55187323756138	5.32389424042577	5.4183672394315	1	1
MvSl-1064-A1-R4_MC07g07964	MvSl-1064-A1-R4_MC07	Chr07	1072860	1073318	0.911932081323547	-1.66684139845191	0.000613725109111094	0.0201736652101905	-0.246035122314769	0.0359221013491793	1.77869156441068	1.07562608769201	1	1
MvSl-1064-A1-R4_MC07g07981	MvSl-1064-A1-R4_MC07	Chr07	1123124	1123801	4.88125396136069	0.812984352373353	0.0010269013413715	0.0302901892348919	5.09069573078149	5.35991664807322	4.54197706447395	4.28971900024749	2	2
MvSl-1064-A1-R4_MC07g08004	MvSl-1064-A1-R4_MC07	Chr07	1187289	1193245	5.44878292365061	-2.06605191799088	8.55361056586595e-11	9.29214181960169e-09	4.3869157866238	3.68105958904795	5.6533236299228	6.49771848262723	1	1
MvSl-1064-A1-R4_MC07g08057	MvSl-1064-A1-R4_MC07	Chr07	1312446	1314003	4.3979907374569	1.07689215512294	6.72381330933594e-05	0.0031524067873455	4.76302481414637	4.91123518748704	3.93153241524815	3.58196621959596	2	2
MvSl-1064-A1-R4_MC07g08097	MvSl-1064-A1-R4_MC07	Chr07	1410040	1412737	4.37385583173095	1.42269813421156	5.69336631301259e-07	3.78481396390419e-05	5.1041614978654	4.70436376514164	3.32292629430036	3.66224472974918	2	2
MvSl-1064-A1-R4_MC07g08104	MvSl-1064-A1-R4_MC07	Chr07	1429990	1433590	7.24745813593415	0.8189352710305	0.000595635225427675	0.0196515503263323	7.71745129749256	7.4714978828053	6.43532207926992	7.06010629691259	2	2
MvSl-1064-A1-R4_MC07g08138	MvSl-1064-A1-R4_MC07	Chr07	1502445	1503999	5.50866732845997	0.830411176071576	0.000190061705485519	0.00732930594140694	5.69073703499733	6.02075938006988	5.11164647852133	4.95747259613295	2	2
MvSl-1064-A1-R4_MC07g08235	MvSl-1064-A1-R4_MC08	Chr08	21352	26574	4.77593397372295	5.63747020586569	2.26203490533861e-60	5.03755173418909e-57	5.52875468439243	5.94192286164475	0.460710554356751	-0.0505493488611871	2	2
MvSl-1064-A1-R4_MC07g08249	MvSl-1064-A1-R4_MC08	Chr08	57854	58597	0.526226108871549	-1.90341450415976	0.000287544865150572	0.0105845027221541	-0.34016225040223	-0.971797913713282	0.800363759598633	1.38413073829389	1	1
MvSl-1064-A1-R4_MC08g08318	MvSl-1064-A1-R4_MC08	Chr08	228358	231681	2.11138153892779	2.38626528606108	2.43183963267858e-09	2.28029762609482e-07	3.03436198271645	2.67463346608216	0.30943721896546	0.762554685844025	2	2
MvSl-1064-A1-R4_MC08g08369	MvSl-1064-A1-R4_MC08	Chr08	367562	374596	3.47287402233348	-1.86933015316315	1.61365871450402e-07	1.17823539580342e-05	2.54830677227533	1.9093977364075	3.8005498929667	4.36840656944324	1	1
MvSl-1064-A1-R4_MC08g08445	MvSl-1064-A1-R4_MC08	Chr08	545880	552149	5.33920468569352	-0.798314109231268	0.000310598717720026	0.0112931158263265	4.79935029313522	4.96697327469048	5.69588648055641	5.6682069653064	1	1
MvSl-1064-A1-R4_MC08g08447	MvSl-1064-A1-R4_MC08	Chr08	558027	562182	3.57217845765669	-1.08432114774897	0.000826376222386	0.0252101348938852	3.16859427536509	2.65115422583047	3.80997507889211	4.18128310322177	1	1
MvSl-1064-A1-R4_MC08g08472	MvSl-1064-A1-R4_MC08	Chr08	622555	623825	5.89060968294011	-0.799902043901943	0.000290825019084879	0.010661190411556	5.60335159441564	5.24698589510889	6.09233241935672	6.36408510939438	1	1
MvSl-1064-A1-R4_MC08g08498	MvSl-1064-A1-R4_MC08	Chr08	690817	693672	8.93543928358814	-1.02049481252812	0.000558978054111408	0.0185106933309458	8.08735823680406	8.54939151049424	9.59522307485049	9.07173843368653	1	1
MvSl-1064-A1-R4_MC08g08647	MvSl-1064-A1-R4_MC08	Chr08	1049752	1052546	7.7153149639555	2.58167902792748	1.06521066820909e-26	3.64957562784867e-24	8.24001566967542	8.70767382398846	5.97154584814477	5.85172871577197	2	2
MvSl-1064-A1-R4_MC08g08665	MvSl-1064-A1-R4_MC08	Chr08	1093774	1094085	7.34748980808047	1.58105826808999	7.00866242600173e-13	9.45957043800355e-11	7.83012226053287	8.02656432910069	6.53672735457845	6.13944216500665	2	2
MvSl-1064-A1-R4_MC08g08762	MvSl-1064-A1-R4_MC08	Chr08	1297904	1300149	5.99152698174683	-1.02593129851143	8.29652065504911e-07	5.35546420254909e-05	5.42884241037913	5.34901316058207	6.25212233190918	6.55911488204837	1	1
MvSl-1064-A1-R4_MC08g08835	MvSl-1064-A1-R4_MC08	Chr08	1507577	1509754	0.552745647695047	-1.55354132802663	0.00189685457523535	0.0495518491384061	-0.440861916532631	-0.28793212788796	0.762029913378139	1.33272568033727	1	1
MvSl-1064-A1-R4_MC09-2g08945	MvSl-1064-A1-R4_MC09-2	Chr09	122911	123324	1.41367561565476	1.9807532888904	2.52058611727688e-06	0.00015701665127764	2.08804998501524	2.09486575316137	0.361644053356209	0.0161415680417033	2	2
MvSl-1064-A1-R4_MC09-2g09067	MvSl-1064-A1-R4_MC09-2	Chr09	391574	393954	4.36099501715065	-5.75421881364114	1.29684756469738e-40	9.62693175527025e-38	0.00429992942778774	-0.58971807261344	4.83526459434472	5.68879635323472	1	1
MvSl-1064-A1-R4_MC09-2g09215	MvSl-1064-A1-R4_MC09-2	Chr09	784918	785094	7.03232391208717	1.413346670887	6.79650739991601e-09	5.76602742080493e-07	7.22746595384384	7.85092175738278	6.34986268718212	5.9424011781706	2	2
MvSl-1064-A1-R4_MC09-2g09232	MvSl-1064-A1-R4_MC09-2	Chr09	825754	830191	4.4456435638153	1.69231699448802	1.36032688270736e-08	1.12201776584788e-06	5.29237884554348	4.77937725054352	3.5923793435948	3.11868328925629	2	2
MvSl-1064-A1-R4_MC09-2g09340	MvSl-1064-A1-R4_MC09-2	Chr09	1106688	1107914	7.47300455301842	0.703577393384905	0.000818164044487983	0.0251317424424102	7.60473478865711	7.94050670897402	7.12000069559025	7.0372069727183	2	2
MvSl-1064-A1-R4_MC09-2g09380	MvSl-1064-A1-R4_MC09-2	Chr09	1199582	1201096	4.94598705528007	-1.27144907500632	2.48711428614822e-05	0.00132665952461128	4.32692489445849	4.00658413494623	4.96748465151486	5.7994361250782	1	1
MvSl-1064-A1-R4_MC09-2g09506	MvSl-1064-A1-R4_MC09-2	Chr09	1515570	1516664	3.44799118143719	-1.05147624140489	0.00092593754106974	0.0279601749689805	2.7784982823651	2.8804727473447	3.61943365442842	4.08748001910132	1	1
MvSl-1064-A1-R4_MC09-2g09507	MvSl-1064-A1-R4_MC09-2	Chr09	1516718	1516949	2.33033611953221	-1.16723368926442	0.00161681306395046	0.0435122984098814	1.80987388521193	1.44670047752644	2.53747826238041	2.9918663485058	1	1
MvSl-1064-A1-R4_MC09-2g09527	MvSl-1064-A1-R4_MC09-2	Chr09	1550158	1552168	6.43889200113883	-0.658873779541453	0.000998789014681276	0.0296573751426027	6.14942500330868	5.99067547930039	6.55716010255312	6.88493269065473	1	1
MvSl-1064-A1-R4_MC09-2g09541	MvSl-1064-A1-R4_MC09-2	Chr09	1580756	1581629	7.09240431517446	-1.58218507252668	7.09528542513768e-14	1.05341337611877e-11	6.2253276429365	5.95156582495847	7.49455725919493	7.83669768416897	1	1
MvSl-1064-A1-R4_MC09-2g09545	MvSl-1064-A1-R4_MC09-2	Chr09	1589632	1590186	5.43337017942191	-1.06410971853559	2.1556774802319e-06	0.000135230809816238	4.90314154564172	4.70150916853784	5.7446207974194	5.9804765757217	1	1
MvSl-1064-A1-R4_MC09-2g09566	MvSl-1064-A1-R4_MC10-2	Chr10	25719	27254	0.392643735472723	-3.14377603066775	2.13178814553639e-07	1.54389990247465e-05	-2.72876486854616	-0.971797913713282	1.04348156349917	1.25201158919503	1	1
MvSl-1064-A1-R4_MC10-1g09620	MvSl-1064-A1-R4_MC10-2	Chr10	81247	81645	3.25981878909045	1.10804641603316	0.000388050965296367	0.0136708839447537	3.60097512751448	3.81386889841697	2.73841546278093	2.48014180331439	2	2
MvSl-1064-A1-R4_MC10-1g09718	MvSl-1064-A1-R4_MC10-2	Chr10	210089	212095	6.93010415129803	0.784862468399961	0.000658255224174482	0.021400501959658	6.96871481885818	7.51888611004468	6.67660687273321	6.26558556347165	2	2
MvSl-1064-A1-R4_MC10-1g09727	MvSl-1064-A1-R4_MC10-2	Chr10	218280	220266	5.12749582835554	-0.974000632546367	2.66700907398037e-05	0.00138934016555656	4.66345528988873	4.44923208885935	5.52041224553861	5.54233864422105	1	1
MvSl-1064-A1-R4_MC10-1g09730	MvSl-1064-A1-R4_MC10-2	Chr10	222279	222725	4.40291921135671	-1.67589180208005	5.10051423954413e-09	4.45444910253521e-07	3.3826218074787	3.29072215322991	4.72997055278437	5.23453162058277	1	1
MvSl-1064-A1-R4_MC10-1g09732	MvSl-1064-A1-R4_MC10-2	Chr10	224561	225761	4.67222790345416	-1.14380270804224	2.95716954853185e-05	0.00150528379076124	3.86629522211845	4.10491855597884	4.83064158453856	5.37773126125827	1	1
MvSl-1064-A1-R4_MC10-1g09733	MvSl-1064-A1-R4_MC10-1	Chr10	224612	227162	2.63705123740228	1.24401964833127	0.000502381756369322	0.0168876101348601	3.06222620237367	3.19654559655809	1.55032569223151	2.19361509414411	2	2
MvSl-1064-A1-R4_MC10-1g09734	MvSl-1064-A1-R4_MC10-2	Chr10	226029	227197	7.8373443521297	1.01224409985496	5.69477997113116e-05	0.00273754002134132	7.91566058966643	8.5320224066829	7.36667104476711	7.11153025474324	2	2
MvSl-1064-A1-R4_MC10-1g09785	MvSl-1064-A1-R4_MC10-2	Chr10	284000	284197	1.79170192406345	1.84110698592269	1.20706157842019e-05	0.00066785742487994	2.73299529772395	2.07735579221779	0.800363759598633	0.508322933463477	2	2
MvSl-1064-A1-R4_MC10-1g09809	MvSl-1064-A1-R4_MC10-2	Chr10	309722	312089	5.77354799899766	-0.667180082608248	0.0014944011010128	0.0410868055796976	5.48138419952139	5.31766477856689	5.98513028122169	6.14597174265524	1	1
MvSl-1064-A1-R4_MC10-1g09814	MvSl-1064-A1-R4_MC10-2	Chr10	316220	317941	6.53738882652404	1.8843143193421	2.61339713339005e-09	2.42501475669152e-07	6.51803618863228	7.64941157742368	5.51177451029228	5.07553592577188	2	2
MvSl-1064-A1-R4_MC10-1g09833	MvSl-1064-A1-R4_MC10-1	Chr10	338697	340016	6.18423917043531	-1.53743424170759	6.39844381271053e-14	9.66056567519075e-12	5.06338116915012	5.36172591116899	6.70340530542772	6.8058496968795	1	1
MvSl-1064-A1-R4_MC10-1g09854	MvSl-1064-A1-R4_MC10-1	Chr10	366740	368605	1.36105010556397	-4.09972587074786	1.87146521514039e-12	2.38157316235295e-10	-3.35702000194919	-0.706185576730538	2.33039393693013	2.10447319411414	1	1
MvSl-1064-A1-R4_MC10-2g09873	MvSl-1064-A1-R4_MC10-1	Chr10	379321	381148	5.58750619224513	-0.742634868436163	0.000794254519616639	0.0245149816255412	5.0951982993939	5.23913333985173	5.7072798630022	6.08805248200907	1	1
MvSl-1064-A1-R4_MC10-2g09885	MvSl-1064-A1-R4_MC10-1	Chr10	398901	400457	3.27115389272595	3.67682850675029	1.28344566600687e-24	3.94239103199627e-22	4.29596728658606	4.02952869223046	0.553409307568056	0.598137633706416	2	2
MvSl-1064-A1-R4_MC10-2g09886	MvSl-1064-A1-R4_MC10-2	Chr10	399487	401761	6.24444931180575	-1.84729906535259	1.18827631755888e-21	3.11328395200426e-19	5.06567723895778	5.02292636278912	6.85962907176329	6.9174640021155	1	1
MvSl-1064-A1-R4_MC10-2g09933	MvSl-1064-A1-R4_MC10-2	Chr10	451155	452243	2.86806956375592	3.78162484729256	2.86708664887421e-23	8.51333595605716e-21	3.69889198891055	3.84524513986382	0.0793799387424962	0.140931412994793	2	2
MvSl-1064-A1-R4_MC10-2g09942	MvSl-1064-A1-R4_MC10-1	Chr10	463549	468551	6.8859260650036	-0.840044849033583	9.26288538985101e-05	0.00412568915263964	6.32836217156498	6.47897445063085	6.95669919515517	7.48521627959597	1	1
MvSl-1064-A1-R4_MC10-2g09962	MvSl-1064-A1-R4_MC10-1	Chr10	491379	497206	2.92758728103117	-1.07293707527649	0.000981650618808301	0.0292459655931249	2.24216133755222	2.34948154390792	3.2135463603594	3.48523324827763	1	1
MvSl-1064-A1-R4_MC10-2g09980	MvSl-1064-A1-R4_MC10-1	Chr10	517526	520063	3.4944943973607	-1.13328956543751	0.000188309908889939	0.00729332464518077	2.8967013888063	2.74286202779874	3.86526859814474	4.02002174633511	1	1
MvSl-1064-A1-R4_MC10-2g10026	MvSl-1064-A1-R4_MC10-2	Chr10	575022	576333	6.88207522683769	0.610271596330954	0.000969183656530264	0.0290689832066384	7.06711181446161	7.23830560242937	6.55225449079584	6.538702064442	2	2
MvSl-1064-A1-R4_MC10-2g10037	MvSl-1064-A1-R4_MC10-1	Chr10	583323	583724	6.15883854671806	-0.772699483922822	0.000129132649180795	0.00537529737804915	5.84306251941857	5.58878766697343	6.39440029823901	6.58543285701462	1	1
MvSl-1064-A1-R4_MC10-2g10050	MvSl-1064-A1-R4_MC10-1	Chr10	604423	605658	7.28228321969976	-0.85558767501473	6.34329189049812e-05	0.00299714582411661	6.97666750695658	6.58034854549993	7.7096699906463	7.58160633130903	1	1
MvSl-1064-A1-R4_MC10-2g10098	MvSl-1064-A1-R4_MC10-2	Chr10	695051	697492	7.70036774686523	1.14433992624399	8.97215095096879e-05	0.00401627742066482	7.56633353215092	8.58235137018214	6.98297720613891	7.05267898946102	2	2
MvSl-1064-A1-R4_MC10-2g10108	MvSl-1064-A1-R4_MC10-2	Chr10	724656	727993	5.04642194054004	-0.909026834984057	0.000460020450159905	0.0157610083462478	4.55976259004309	4.48287119256066	5.12681019154594	5.6772509999441	1	1
MvSl-1064-A1-R4_MC10-2g10116	MvSl-1064-A1-R4_MC11	Chr11	5223	6816	5.73255601826012	-0.89100296935903	0.000240320086969277	0.00891988056134301	4.92353937014398	5.46464558503359	6.25729904788655	5.94347251048999	1	1
MvSl-1064-A1-R4_MC10-2g10125	MvSl-1064-A1-R4_MC11	Chr11	20365	25661	2.74388787803288	-1.14311887447646	0.00113921439903013	0.0327358769889045	2.20930887561243	1.9093977364075	2.91475710295445	3.42514641726877	1	1
MvSl-1064-A1-R4_MC10-2g10132	MvSl-1064-A1-R4_MC11	Chr11	32687	34858	6.13171815211304	-1.29646797268684	3.12548835689644e-08	2.5082748002913e-06	5.55677442073582	5.09212894357566	6.40065204278895	6.84076747216114	1	1
MvSl-1064-A1-R4_MC11g10175	MvSl-1064-A1-R4_MC11	Chr11	79199	79396	4.36166758087315	-0.885826768459059	0.000889668712394903	0.0269563567687544	3.9777820822007	3.71542557388188	4.76915418996812	4.6978858329517	1	1
MvSl-1064-A1-R4_MC11g10198	MvSl-1064-A1-R4_MC11	Chr11	137582	137933	6.27690352037345	1.17987226499573	7.87112421801066e-09	6.61471457868292e-07	6.54379435050923	6.92984254941059	5.60541291068261	5.5366706536291	2	2
MvSl-1064-A1-R4_MC11g10201	MvSl-1064-A1-R4_MC11	Chr11	144280	144774	1.30218758848199	-2.87670852519867	2.28333580816097e-09	2.16382504032957e-07	-0.246035122314769	-1.1255221906353	2.00891517972889	2.11971794487786	1	1
MvSl-1064-A1-R4_MC11g10231	MvSl-1064-A1-R4_MC11	Chr11	211104	212018	2.002816069853	-1.28712000045958	0.000515824445160345	0.0172743013439412	1.1897801079485	1.27299914938363	2.40692223463979	2.56054428458854	1	1
MvSl-1064-A1-R4_MC11g10248	MvSl-1064-A1-R4_MC11	Chr11	242201	242398	3.84405049466157	-1.12334091893909	9.74279138763418e-05	0.00427530963946036	3.08050778690395	3.26774806444211	4.28916496838693	4.2964427254907	1	1
MvSl-1064-A1-R4_MC11g10255	MvSl-1064-A1-R4_MC11	Chr11	250669	252335	6.3036793550294	-1.51549083518826	1.28945408675206e-09	1.24852793530297e-07	5.23844620244713	5.46464558503359	7.1943058445784	6.44951631053949	1	1
MvSl-1064-A1-R4_MC11g10335	MvSl-1064-A1-R4_MC11	Chr11	449737	452062	7.16462864347033	-0.69534306503499	0.00103279801315452	0.0303635798718827	6.95824856066641	6.56629540259471	7.37304384532663	7.56151148883095	1	1
MvSl-1064-A1-R4_MC11g10346	MvSl-1064-A1-R4_MC11	Chr11	491321	493060	2.28685225993935	-2.31730032504422	6.83902232152066e-07	4.51274154371156e-05	1.04833890739762	0.359389254324568	2.34343389479376	3.44343668424506	1	1
MvSl-1064-A1-R4_MC11g10369	MvSl-1064-A1-R4_MC11	Chr11	564884	566298	5.210323615912	-0.994440394931086	0.000151309320419533	0.00609892953075654	4.92353937014398	4.2604199343994	5.52614213770962	5.71035532577465	1	1
MvSl-1064-A1-R4_MC11g10508	MvSl-1064-A1-R4_MC11	Chr11	896165	897640	2.1892008711015	-1.47219372680989	0.00153299484661287	0.0417612174117047	1.71943927627446	0.670919777197402	2.16396416877174	3.12625108996284	1	1
MvSl-1064-A1-R4_MC11g10517	MvSl-1064-A1-R4_MC11	Chr11	919825	923088	6.79244597849995	-0.691713661761654	0.00047635231872379	0.0161343971680286	6.58919052515946	6.19527096145215	7.06448027194884	7.12811511931455	1	1
MvSl-1064-A1-R4_MC11g10575	MvSl-1064-A1-R4_MC11	Chr11	1068704	1069784	0.332394334717798	-2.34521386740288	8.63847103576234e-05	0.00392609693809035	-0.549121356815921	-1.98736299205702	0.597616728651346	1.30631956489809	1	1
MvSl-1064-A1-R4_MC11g10576	MvSl-1064-A1-R4_MC11	Chr11	1070132	1072201	2.07624743116972	-5.18608806631458	9.05755088880139e-17	1.8337423481237e-14	-0.933292490140704	-3.35702000194919	2.43155539435341	3.40039300460278	1	1
MvSl-1064-A1-R4_MC11g10594	MvSl-1064-A1-R4_MC11	Chr11	1101395	1103865	2.92687801907844	1.17100993956613	0.000632654451594638	0.0206435379296888	3.08956243381051	3.65178238373103	2.31723504011266	2.16450885571936	2	2
MvSl-1064-A1-R4_MC11g10618	MvSl-1064-A1-R4_MC11	Chr11	1160696	1164186	0.987767442819042	1.8694174128568	0.00036974441013626	0.0131747328219752	1.89497248745753	1.33325345504761	-0.975445524842191	0.412543445800814	2	2
MvSl-1064-A1-R4_MC11g10627	MvSl-1064-A1-R4_MC11	Chr11	1199775	1204067	2.64036390937426	-2.11565764836826	3.92594792161684e-09	3.46260832532305e-07	1.15569846383075	1.33325345504761	3.14816850000095	3.47341442029847	1	1
MvSl-1064-A1-R4_MC11g10628	MvSl-1064-A1-R4_MC11	Chr11	1205502	1206110	0.348271672097887	-1.94042588866259	0.000184829805756951	0.00721345478834735	-0.793556811367931	-0.832887674681486	0.874104747118029	1.01168962499986	1	1
MvSl-1064-A1-R4_MC11g10629	MvSl-1064-A1-R4_MC11	Chr11	1206252	1206518	1.43365314386722	-1.55161720454283	0.000738190130847428	0.0233184315091805	-0.0744155085001729	0.887336910032836	2.20740588217652	1.70030852138244	1	1
MvSl-1064-A1-R4_MC11g10630	MvSl-1064-A1-R4_MC11	Chr11	1207136	1213124	2.34778619841807	-1.98949693099486	8.45568027080232e-06	0.000476729112989285	0.715526454853909	1.33325345504761	3.43071720141931	2.38240754794484	1	1
MvSl-1064-A1-R4_MC11g10654	MvSl-1064-A1-R4_MC11	Chr11	1268416	1268911	2.11520837672858	-1.72447219888928	3.78261262090462e-05	0.00189300636106845	1.37891574834365	0.574362492882977	2.40692223463979	2.95834037977414	1	1
MvSl-1064-A1-R4_MC11g10688	MvSl-1064-A1-R4_MC11	Chr11	1342717	1345035	0.734283290364317	1.57218568524949	0.000843312570010898	0.0256390046882494	1.54610527293354	1.03976667245823	-0.120970938132246	-0.193959509782462	2	2
MvSl-1064-A1-R4_MC11g10722	MvSl-1064-A1-R4_MC12	Chr12	5848	9319	5.22016598543108	-1.5833391115908	2.85988510584694e-09	2.59957719621271e-07	4.11269749905086	4.32490546745815	6.07582362248151	5.46238133444393	1	1
MvSl-1064-A1-R4_MC11g10730	MvSl-1064-A1-R4_MC12	Chr12	23219	24603	3.1651512894341	-3.42792551172588	3.53464514363007e-20	8.50989701066397e-18	0.403304403814227	0.887336910032836	3.85619892857768	4.16300407082056	1	1
MvSl-1064-A1-R4_MC12g10761	MvSl-1064-A1-R4_MC12	Chr12	87886	92708	1.86570793427392	1.28677449556131	0.00113197621754538	0.0327034978689913	2.33645528518473	2.40668559879287	0.762029913378139	1.40916233315005	2	2
MvSl-1064-A1-R4_MC12g10779	MvSl-1064-A1-R4_MC12	Chr12	139852	140109	5.59903782600918	-1.35398749404418	1.47048247179056e-05	0.00080858381843891	4.98062600093227	4.52222935813303	5.5030847473512	6.55140604957045	1	1
MvSl-1064-A1-R4_MC12g10792	MvSl-1064-A1-R4_MC12	Chr12	178609	179984	8.78252039443696	-0.968515183350512	0.000185437937419347	0.00721345478834735	8.08820549669245	8.33796763336516	9.28185378131748	9.08502723738674	1	1
MvSl-1064-A1-R4_MC12g10810	MvSl-1064-A1-R4_MC12	Chr12	211548	214912	4.27238734089759	3.06778641890712	8.4519317003143e-19	1.88224518965999e-16	5.22207112924031	4.99522106039016	2.46773403045342	1.5281925795405	2	2
MvSl-1064-A1-R4_MC12g10849	MvSl-1064-A1-R4_MC12	Chr12	315412	315903	3.0764031150788	1.85498075087769	9.53246569990254e-09	7.93600041633008e-07	3.75118347475488	3.70406096136346	2.00891517972889	1.77923254011934	2	2
MvSl-1064-A1-R4_MC12g10990	MvSl-1064-A1-R4_MC12	Chr12	666047	667790	4.14345530594897	1.14606185616361	0.00072697057071398	0.0231280494425719	4.75451051012047	4.44240911048274	2.91475710295445	3.86582168083773	2	2
MvSl-1064-A1-R4_MC12g11020	MvSl-1064-A1-R4_MC12	Chr12	742400	743576	6.629044586638	-0.751989496370212	0.000144592447459553	0.00585467964531683	6.04391065723958	6.34910999111879	6.92071905739678	6.99028818806049	1	1
MvSl-1064-A1-R4_MC12g11112	MvSl-1064-A1-R4_MC12	Chr12	976481	977308	10.1128831712329	-1.57670910817679	0.000240241780463195	0.00891988056134301	8.5389484519661	9.53173176232111	11.114007147044	10.1040669948401	1	1
MvSl-1064-A1-R4_MC12g11286	MvSl-1064-A1-R4_MC01-1	Chr01	27347	32415	5.01292315931894	1.59814860796678	3.5228297039288e-11	3.97232493703769e-09	5.60335159441564	5.60109356976541	3.89214043909765	4.11816568305394	2	2
MvSl-1064-A1-R4_MC13g11325	MvSl-1064-A1-R4_MC13	Chr13	145539	147253	4.90989480019555	-0.951850954662334	0.000114196126288896	0.00484409091895948	4.45505917524922	4.25264035750233	5.16953852079503	5.43064378766831	1	1
MvSl-1064-A1-R4_MC13g11330	MvSl-1064-A1-R4_MC13	Chr13	154196	158501	6.39541093739155	0.743834964759245	0.000214912953038902	0.00807782525599385	6.59237909781752	6.83729785442112	5.82002530136721	6.11872610077535	2	2
MvSl-1064-A1-R4_MC13g11331	MvSl-1064-A1-R4_MC13	Chr13	158550	159079	8.38511210822597	2.28234636472811	2.2515051857386e-18	4.89180687672181e-16	8.88302286475307	9.31575183446983	6.91144523343458	6.7524468128354	2	2
MvSl-1064-A1-R4_MC13g11416	MvSl-1064-A1-R4_MC13	Chr13	336128	337816	1.7197316189588	-1.26720396797455	0.00169977377633634	0.0454702246234357	0.715526454853909	1.17761919517806	2.00891517972889	2.35690324514968	1	1
MvSl-1064-A1-R4_MC13g11418	MvSl-1064-A1-R4_MC13	Chr13	342385	345247	3.20214617434612	-1.32935296621927	2.54424713549132e-05	0.00134107417058915	2.36656504950653	2.42063910339663	3.57589983638503	3.82919569955995	1	1
MvSl-1064-A1-R4_MC13g11429	MvSl-1064-A1-R4_MC13	Chr13	377143	378651	4.23333309794737	7.31749550149564	2.07845271126194e-58	3.70297135038427e-55	4.92859408040449	5.47638314129663	-1.42822614090346	-1.83481312642173	2	2
MvSl-1064-A1-R4_MC13g11443	MvSl-1064-A1-R4_MC13	Chr13	415327	415476	7.13859577194885	-0.684927693702817	0.00142360188866926	0.0396295175758304	6.87363422937851	6.6277321068036	7.21795245162086	7.63297803632032	1	1
MvSl-1064-A1-R4_MC13g11584	MvSl-1064-A1-R4_MC13	Chr13	746658	747842	4.47031685050666	-0.897711895462501	0.000795259821393825	0.0245149816255412	3.72236694378456	4.15168144159204	4.84675771962345	4.84731264234474	1	1
MvSl-1064-A1-R4_MC13g11616	MvSl-1064-A1-R4_MC13	Chr13	810561	811633	6.8057206771899	-0.579929400751607	0.00183940440040994	0.0482799394353846	6.55364307469308	6.41680883653892	6.97880475647437	7.1486977557781	1	1
MvSl-1064-A1-R4_MC13g11645	MvSl-1064-A1-R4_MC13	Chr13	884408	885523	7.7290384113648	0.961665249367034	0.000318709777506511	0.0114941971580081	7.72146148757838	8.44999607367586	7.35222847713267	6.96149234936218	2	2
MvSl-1064-A1-R4_MC13g11692	MvSl-1064-A1-R4_MC13	Chr13	996102	997532	5.26866120874193	-0.758477434174777	0.000977523582865506	0.0292207385106239	4.75451051012047	4.92108475797238	5.47076684201372	5.71287062455743	1	1
MvSl-1064-A1-R4_MC13g11714	MvSl-1064-A1-R4_MC14	Chr14	22020	23277	4.80120721500033	-1.0921098179596	6.92235025264666e-05	0.00322849717542285	4.3383648513412	3.94516223802987	4.96748465151486	5.47429052056191	1	1
MvSl-1064-A1-R4_MC13g11715	MvSl-1064-A1-R4_MC14	Chr14	23854	24536	6.1929635613327	-1.3883541262652	4.41147149775784e-12	5.23965174693692e-10	5.21174151442573	5.45450825231859	6.77913897085625	6.66811856540699	1	1
MvSl-1064-A1-R4_MC14g11772	MvSl-1064-A1-R4_MC14	Chr14	131534	132661	3.2943541533042	-1.07577584265635	0.0011554118536252	0.0330945620324541	2.94738704222596	2.30503902256079	3.63011490419404	3.81521763090318	1	1
MvSl-1064-A1-R4_MC14g11775	MvSl-1064-A1-R4_MC14	Chr14	138823	141895	4.69708908310301	-0.872592490093699	0.00079533337334771	0.0245149816255412	4.3459414014138	4.02952869223046	4.8694728868158	5.23802848663271	1	1
MvSl-1064-A1-R4_MC14g11804	MvSl-1064-A1-R4_MC14	Chr14	197560	197983	8.58262283808984	-1.71953912497091	3.27521643370959e-11	3.74046512711347e-09	7.3722302175238	7.58155469486253	9.35500668194076	9.02569425620964	1	1
MvSl-1064-A1-R4_MC14g11805	MvSl-1064-A1-R4_MC14	Chr14	198088	198312	6.07103572250014	-0.620472463751676	0.0014723457779262	0.0406057467175437	5.79820120473639	5.65373089778925	6.34581843435267	6.3488024902589	1	1
MvSl-1064-A1-R4_MC14g11845	MvSl-1064-A1-R4_MC14	Chr14	294736	295985	6.62019151522454	1.890821084962	3.48014664758311e-20	8.50989701066397e-18	7.24073534109405	7.31080618232991	5.5446086639279	5.21159302533249	2	2
MvSl-1064-A1-R4_MC14g11898	MvSl-1064-A1-R4_MC14	Chr14	434183	434753	3.16546830270398	1.90111057923671	4.67344706035845e-08	3.65184793102395e-06	3.82893593829884	3.82440364795676	1.55032569223151	2.2639108341514	2	2
MvSl-1064-A1-R4_MC14g11916	MvSl-1064-A1-R4_MC14	Chr14	463841	467568	4.90122662204165	-0.960056912989136	0.000128613210136914	0.00537529737804915	4.37215030491074	4.31373309863343	5.47225165045715	5.10455966337116	1	1
MvSl-1064-A1-R4_MC14g11962	MvSl-1064-A1-R4_MC14	Chr14	572936	573493	3.99056023486848	-1.00736375842327	0.000676708518817632	0.0219204344931908	3.58825469095541	3.18841285113583	4.24815103956516	4.54253154303916	1	1
MvSl-1064-A1-R4_MC14g11983	MvSl-1064-A1-R4_MC14	Chr14	629824	632718	2.20928423176954	-4.62654929296632	2.58668094001081e-22	7.2006730667551e-20	-0.933292490140704	-1.49302128221501	3.01595915389784	3.2069776756309	1	1
MvSl-1064-A1-R4_MC15g12029	MvSl-1064-A1-R4_MC15	Chr15	64738	66884	8.32986326767556	0.76039176248441	0.000953427999337559	0.0286930291151992	8.67054623206787	8.65054172766944	7.95294529208006	7.84589392783037	2	2
MvSl-1064-A1-R4_MC15g12082	MvSl-1064-A1-R4_MC15	Chr15	214376	215732	1.66562702933588	1.79083788547916	1.15914826932224e-05	0.000645355798945156	2.06986432787582	2.50163951280521	0.597616728651346	0.553929095342866	2	2
MvSl-1064-A1-R4_MC15g12133	MvSl-1064-A1-R4_MC15	Chr15	338080	339343	2.14175278068889	-1.67140076334151	2.44833459789883e-05	0.00131384124084836	0.849484255195149	1.30344084525899	2.95779056210926	2.44426284905601	1	1
MvSl-1064-A1-R4_MC15g12148	MvSl-1064-A1-R4_MC16	Chr16	3693	5975	1.01240641010168	-6.84166751643337	5.32172857905338e-18	1.12871329005256e-15	-2.72876486854616	-3.35702000194919	1.65862644230812	2.14973252718815	1	1
MvSl-1064-A1-R4_MC16g12190	MvSl-1064-A1-R4_MC16	Chr16	74922	79824	4.17736651313683	-1.14061583866192	2.74213931187066e-05	0.00142017308082232	3.44744622726284	3.54754650027009	4.6110005731099	4.65405790911986	1	1
MvSl-1064-A1-R4_MC16g12196	MvSl-1064-A1-R4_MC17	Chr17	25191	27421	5.2981844047112	-1.65429517937647	3.29971216554385e-13	4.52212861087148e-11	4.30765437446236	4.18476332795804	5.88054429157811	5.91317032539546	1	1
