gene	logFC	FDR
1	MvSl-1064-A1-R4_A1g00073	-0.809919470236329	0.0497620419016892
2	MvSl-1064-A1-R4_A1g00112	-1.25286845349048	0.0159814522741522
3	MvSl-1064-A1-R4_A1g00246	-0.870177676132714	0.00016678047750142
4	MvSl-1064-A1-R4_A1g00718	-1.03997234267757	0.00229771188442252
5	MvSl-1064-A1-R4_A1g00648	-0.643515079604386	0.0183621231045228
6	MvSl-1064-A1-R4_A1g01282	-6.17656711296061	4.93815991278267e-28
7	MvSl-1064-A1-R4_A1g01376	-0.932916599957486	0.000400138240700445
8	MvSl-1064-A1-R4_A1g01038	-2.44804904424862	1.54044062397733e-12
9	MvSl-1064-A1-R4_A1g00241	-0.662073360720249	0.0311289132622566
10	MvSl-1064-A1-R4_A1g00242	-0.639026402783558	0.0497374429948889
11	MvSl-1064-A1-R4_A1g00326	-12.5204325936974	3.75386552371612e-68
12	MvSl-1064-A1-R4_A1g01162	-5.46680016060322	3.83890586571499e-29
13	MvSl-1064-A1-R4_A1g01163	-3.61809830778806	3.52877083222316e-26
14	MvSl-1064-A1-R4_A1g00835	-4.21139954916937	2.52881004996714e-35
15	MvSl-1064-A1-R4_A1g01358	-1.31074222160522	0.011190976005205
16	MvSl-1064-A1-R4_A1g00854	-0.781634241066068	0.0167911041307617
17	MvSl-1064-A1-R4_A1g01432	-1.15963539548225	0.00146895103062819
18	MvSl-1064-A1-R4_A1g00956	-1.56857892827048	2.17855845550681e-11
19	MvSl-1064-A1-R4_A1g00959	-1.92935936374581	7.96820706335393e-13
20	MvSl-1064-A1-R4_A1g01045	-2.98502790641293	2.49479278399414e-07
21	MvSl-1064-A1-R4_A1g00970	-0.873348638123395	0.000377689557857039
22	MvSl-1064-A1-R4_A1g00804	-2.26732739470134	1.72898409367985e-05
23	MvSl-1064-A1-R4_A1g01220	-3.43352633686467	2.91550969282192e-50
24	MvSl-1064-A1-R4_A1g01347	-1.10086985403714	3.11972266666973e-07
25	MvSl-1064-A1-R4_A1g00923	-1.14939674192045	0.00658205900247962
26	MvSl-1064-A1-R4_A1g00453	-5.47778835800836	5.5655770454756e-23
27	MvSl-1064-A1-R4_A1g00929	-2.77792479696371	0.000195102822188411
28	MvSl-1064-A1-R4_A1g01515	-1.61854402523244	1.31890120072723e-10
29	MvSl-1064-A1-R4_MC01-1g01829	-0.804351666503758	0.0357035019152251
30	MvSl-1064-A1-R4_MC01-1g01957	-0.738982325326189	0.0138565507231819
31	MvSl-1064-A1-R4_MC01-1g01970	-2.96653364616295	2.16949127918265e-30
32	MvSl-1064-A1-R4_MC01-1g02046	-1.33482250729924	0.00200616528130027
33	MvSl-1064-A1-R4_MC01-1g02422	-1.3083678888107	0.0234306626324937
34	MvSl-1064-A1-R4_MC01-1g02545	-0.71292221183075	0.0468476928448991
35	MvSl-1064-A1-R4_MC01-1g02628	-0.682538114612265	0.0327034978689913
36	MvSl-1064-A1-R4_MC01-1g02725	-1.35929545886003	4.62262598181135e-06
37	MvSl-1064-A1-R4_MC01-1g02734	-2.26729113351253	7.55792490377528e-14
38	MvSl-1064-A1-R4_MC01-1g02753	-1.2585877647733	0.00463733388582486
39	MvSl-1064-A1-R4_MC01-1g02763	-0.786327856478859	0.0479486118605412
40	MvSl-1064-A1-R4_MC01-1g02764	-0.967982214415637	0.00142774000509537
41	MvSl-1064-A1-R4_MC01-1g02769	-1.02544667003571	0.0131164051559729
42	MvSl-1064-A1-R4_MC01-1g02779	-0.828548762317791	0.00260704126071205
43	MvSl-1064-A1-R4_MC01-1g02787	-1.95930613314794	0.00421442901879701
44	MvSl-1064-A1-R4_MC01-1g02805	-1.9391095537385	0.0136708839447537
45	MvSl-1064-A1-R4_MC01-1g02827	-3.39796682963831	2.01385367287186e-05
46	MvSl-1064-A1-R4_MC01-1g02885	-9.03658320902751	1.29197047427398e-16
47	MvSl-1064-A1-R4_MC01-1g02924	-2.59060492596248	0.00461215090844023
48	MvSl-1064-A1-R4_MC01-1g02916	-10.9138206003004	2.17898246222508e-26
49	MvSl-1064-A1-R4_MC01-1g02912	-3.20888345680154	1.46486202068396e-10
50	MvSl-1064-A1-R4_MC01-2g02957	-1.78254213107379	0.00485152184860695
51	MvSl-1064-A1-R4_MC01-2g02970	-6.83440400651521	1.47571203603729e-49
52	MvSl-1064-A1-R4_MC01-2g03005	-1.19313754544465	4.9849103126044e-05
53	MvSl-1064-A1-R4_MC01-2g03006	-7.96272439935848	1.08546353717604e-45
54	MvSl-1064-A1-R4_MC01-2g03070	-0.907754982701629	0.0231982426843317
55	MvSl-1064-A1-R4_MC01-2g03146	-0.846469500295903	0.00767428932555381
56	MvSl-1064-A1-R4_MC02g03205	-0.991156641627837	0.000298136188232423
57	MvSl-1064-A1-R4_MC02g03229	-0.801401631908429	0.0352978453483284
58	MvSl-1064-A1-R4_MC02g03274	-1.55623869693271	0.000170715550512208
59	MvSl-1064-A1-R4_MC02g03288	-0.937752501542826	0.0319236902405613
60	MvSl-1064-A1-R4_MC02g03327	-1.01384750206752	0.0132598908267561
61	MvSl-1064-A1-R4_MC02g03352	-1.01374733669335	6.90165397707812e-06
62	MvSl-1064-A1-R4_MC02g03373	-1.54995453683823	2.81289937786882e-05
63	MvSl-1064-A1-R4_MC02g03471	-1.24906828174476	0.0332039022159301
64	MvSl-1064-A1-R4_MC02g03515	-0.86700965260048	0.0126459024809791
65	MvSl-1064-A1-R4_MC02g03606	-1.57161865131897	1.80293842486084e-11
66	MvSl-1064-A1-R4_MC02g03617	-0.849481762383873	0.0114941971580081
67	MvSl-1064-A1-R4_MC02g03891	-1.86885600557409	3.53533109997284e-13
68	MvSl-1064-A1-R4_MC02g03922	-1.25620795461141	0.0044855407329133
69	MvSl-1064-A1-R4_MC02g04109	-1.2743754651683	0.00273754002134132
70	MvSl-1064-A1-R4_MC02g04206	-1.30275385053103	0.0399646583093915
71	MvSl-1064-A1-R4_MC02g04207	-0.768739148899436	0.0353869578656058
72	MvSl-1064-A1-R4_MC02g04208	-0.779442813250446	0.0377655072533239
73	MvSl-1064-A1-R4_MC02g04224	-1.16503748202518	0.0139392156858613
74	MvSl-1064-A1-R4_MC03g04423	-0.717472941471242	0.014443385307252
75	MvSl-1064-A1-R4_MC03g04424	-1.08817393897125	0.02378278800871
76	MvSl-1064-A1-R4_MC03g04539	-2.03283190501821	0.00100636094467461
77	MvSl-1064-A1-R4_MC03g04760	-0.875667489084087	0.0225928114225324
78	MvSl-1064-A1-R4_MC03g04831	-1.04641787069514	0.0203836360797589
79	MvSl-1064-A1-R4_MC03g04879	-2.24965584712505	0.00351281402494154
80	MvSl-1064-A1-R4_MC03g04909	-2.16262536947299	5.27367525167023e-10
81	MvSl-1064-A1-R4_MC03g04959	-2.18582739065084	0.00393088452781841
82	MvSl-1064-A1-R4_MC03g05070	-2.33222653756924	0.02378278800871
83	MvSl-1064-A1-R4_MC03g05077	-0.717885806500038	0.0482799394353846
84	MvSl-1064-A1-R4_MC03g05112	-0.765743953578124	0.00853742594962404
85	MvSl-1064-A1-R4_MC03g05222	-2.47305347486191	3.24861139637012e-15
86	MvSl-1064-A1-R4_MC04-1g05282	-5.21727398980531	3.28842776141306e-10
87	MvSl-1064-A1-R4_MC04-1g05292	-5.89465634173644	1.63880098501858e-75
88	MvSl-1064-A1-R4_MC04-1g05308	-0.991807877628025	0.00894809179963412
89	MvSl-1064-A1-R4_MC04-1g05323	-0.644210348726506	0.0335304287438021
90	MvSl-1064-A1-R4_MC04-1g05424	-2.02384575212826	0.00167771424053919
91	MvSl-1064-A1-R4_MC04-1g05493	-0.648329768364395	0.0347509403233568
92	MvSl-1064-A1-R4_MC04-1g05592	-0.996261031279783	0.00277879641179287
93	MvSl-1064-A1-R4_MC04-1g05677	-0.973365371601284	0.0224362391876951
94	MvSl-1064-A1-R4_MC04-1g05801	-1.29587514167157	0.0067862829569088
95	MvSl-1064-A1-R4_MC04-1g05826	-3.74084778340297	1.81207416571556e-12
96	MvSl-1064-A1-R4_MC04-1g05832	-6.36076504421719	4.87472971002273e-08
97	MvSl-1064-A1-R4_MC04-1g05858	-1.28332985432504	9.0136740755677e-06
98	MvSl-1064-A1-R4_MC04-1g05942	-0.753476184828847	0.00785971181000102
99	MvSl-1064-A1-R4_MC04-1g05982	-1.44319893962128	0.0234463448390744
100	MvSl-1064-A1-R4_MC04-1g06004	-1.41821995145252	0.00299714582411661
101	MvSl-1064-A1-R4_MC04-1g06041	-1.26792222046373	1.72898409367985e-05
102	MvSl-1064-A1-R4_MC04-1g06069	-2.35214986343411	1.54890615408237e-13
103	MvSl-1064-A1-R4_MC04-2g06086	-2.05021305915383	1.01639298215532e-19
104	MvSl-1064-A1-R4_MC05-1g06209	-3.93174476936804	1.50599449626558e-12
105	MvSl-1064-A1-R4_MC05-1g06258	-1.14961713196588	0.0067862829569088
106	MvSl-1064-A1-R4_MC05-2g06412	-1.97549884824826	4.22628524815117e-10
107	MvSl-1064-A1-R4_MC05-2g06461	-1.38762416200866	0.00376663071016712
108	MvSl-1064-A1-R4_MC05-2g06481	-0.948524293814701	0.0175494793400714
109	MvSl-1064-A1-R4_MC05-2g06485	-1.65619240282392	0.00767428932555381
110	MvSl-1064-A1-R4_MC05-3g06591	-0.741328641136454	0.0044998791505523
111	MvSl-1064-A1-R4_MC05-3g06731	-2.33180470909772	1.78747823594321e-18
112	MvSl-1064-A1-R4_MC05-3g06760	-2.34135654927364	0.0139392156858613
113	MvSl-1064-A1-R4_MC05-3g06790	-1.17016978801169	0.000327960395595899
114	MvSl-1064-A1-R4_MC06g06907	-1.63657948069778	2.86679999591965e-10
115	MvSl-1064-A1-R4_MC06g06943	-0.80076468297201	0.0159814522741522
116	MvSl-1064-A1-R4_MC06g07102	-2.26368580736835	4.97042712632307e-07
117	MvSl-1064-A1-R4_MC06g07138	-4.46192241792102	1.89064120234627e-32
118	MvSl-1064-A1-R4_MC06g07191	-1.25496864384642	0.00209245844692607
119	MvSl-1064-A1-R4_MC06g07420	-1.21477557942211	0.0225928114225324
120	MvSl-1064-A1-R4_MC06g07471	-1.29895137056859	0.00645312223255613
121	MvSl-1064-A1-R4_MC06g07527	-0.873800661244811	0.0319172045191902
122	MvSl-1064-A1-R4_MC07g07592	-1.0870434707309	0.0423722022141293
123	MvSl-1064-A1-R4_MC07g07597	-0.703489722713151	0.0482518012054526
124	MvSl-1064-A1-R4_MC07g07612	-0.779599209511135	0.0377655072533239
125	MvSl-1064-A1-R4_MC07g07961	-4.09879713274562	2.95562446423105e-36
126	MvSl-1064-A1-R4_MC07g07964	-1.66684139845191	0.0201736652101905
127	MvSl-1064-A1-R4_MC07g08004	-2.06605191799088	9.29214181960169e-09
128	MvSl-1064-A1-R4_MC07g08249	-1.90341450415976	0.0105845027221541
129	MvSl-1064-A1-R4_MC08g08369	-1.86933015316315	1.17823539580342e-05
130	MvSl-1064-A1-R4_MC08g08445	-0.798314109231268	0.0112931158263265
131	MvSl-1064-A1-R4_MC08g08447	-1.08432114774897	0.0252101348938852
132	MvSl-1064-A1-R4_MC08g08472	-0.799902043901943	0.010661190411556
133	MvSl-1064-A1-R4_MC08g08498	-1.02049481252812	0.0185106933309458
134	MvSl-1064-A1-R4_MC08g08762	-1.02593129851143	5.35546420254909e-05
135	MvSl-1064-A1-R4_MC08g08835	-1.55354132802663	0.0495518491384061
136	MvSl-1064-A1-R4_MC09-2g09067	-5.75421881364114	9.62693175527025e-38
137	MvSl-1064-A1-R4_MC09-2g09380	-1.27144907500632	0.00132665952461128
138	MvSl-1064-A1-R4_MC09-2g09506	-1.05147624140489	0.0279601749689805
139	MvSl-1064-A1-R4_MC09-2g09507	-1.16723368926442	0.0435122984098814
140	MvSl-1064-A1-R4_MC09-2g09527	-0.658873779541453	0.0296573751426027
141	MvSl-1064-A1-R4_MC09-2g09541	-1.58218507252668	1.05341337611877e-11
142	MvSl-1064-A1-R4_MC09-2g09545	-1.06410971853559	0.000135230809816238
143	MvSl-1064-A1-R4_MC09-2g09566	-3.14377603066775	1.54389990247465e-05
144	MvSl-1064-A1-R4_MC10-1g09727	-0.974000632546367	0.00138934016555656
145	MvSl-1064-A1-R4_MC10-1g09730	-1.67589180208005	4.45444910253521e-07
146	MvSl-1064-A1-R4_MC10-1g09732	-1.14380270804224	0.00150528379076124
147	MvSl-1064-A1-R4_MC10-1g09809	-0.667180082608248	0.0410868055796976
148	MvSl-1064-A1-R4_MC10-1g09833	-1.53743424170759	9.66056567519075e-12
149	MvSl-1064-A1-R4_MC10-1g09854	-4.09972587074786	2.38157316235295e-10
150	MvSl-1064-A1-R4_MC10-2g09873	-0.742634868436163	0.0245149816255412
151	MvSl-1064-A1-R4_MC10-2g09886	-1.84729906535259	3.11328395200426e-19
152	MvSl-1064-A1-R4_MC10-2g09942	-0.840044849033583	0.00412568915263964
153	MvSl-1064-A1-R4_MC10-2g09962	-1.07293707527649	0.0292459655931249
154	MvSl-1064-A1-R4_MC10-2g09980	-1.13328956543751	0.00729332464518077
155	MvSl-1064-A1-R4_MC10-2g10037	-0.772699483922822	0.00537529737804915
156	MvSl-1064-A1-R4_MC10-2g10050	-0.85558767501473	0.00299714582411661
157	MvSl-1064-A1-R4_MC10-2g10108	-0.909026834984057	0.0157610083462478
158	MvSl-1064-A1-R4_MC10-2g10116	-0.89100296935903	0.00891988056134301
159	MvSl-1064-A1-R4_MC10-2g10125	-1.14311887447646	0.0327358769889045
160	MvSl-1064-A1-R4_MC10-2g10132	-1.29646797268684	2.5082748002913e-06
161	MvSl-1064-A1-R4_MC11g10175	-0.885826768459059	0.0269563567687544
162	MvSl-1064-A1-R4_MC11g10201	-2.87670852519867	2.16382504032957e-07
163	MvSl-1064-A1-R4_MC11g10231	-1.28712000045958	0.0172743013439412
164	MvSl-1064-A1-R4_MC11g10248	-1.12334091893909	0.00427530963946036
165	MvSl-1064-A1-R4_MC11g10255	-1.51549083518826	1.24852793530297e-07
166	MvSl-1064-A1-R4_MC11g10335	-0.69534306503499	0.0303635798718827
167	MvSl-1064-A1-R4_MC11g10346	-2.31730032504422	4.51274154371156e-05
168	MvSl-1064-A1-R4_MC11g10369	-0.994440394931086	0.00609892953075654
169	MvSl-1064-A1-R4_MC11g10508	-1.47219372680989	0.0417612174117047
170	MvSl-1064-A1-R4_MC11g10517	-0.691713661761654	0.0161343971680286
171	MvSl-1064-A1-R4_MC11g10575	-2.34521386740288	0.00392609693809035
172	MvSl-1064-A1-R4_MC11g10576	-5.18608806631458	1.8337423481237e-14
173	MvSl-1064-A1-R4_MC11g10627	-2.11565764836826	3.46260832532305e-07
174	MvSl-1064-A1-R4_MC11g10628	-1.94042588866259	0.00721345478834735
175	MvSl-1064-A1-R4_MC11g10629	-1.55161720454283	0.0233184315091805
176	MvSl-1064-A1-R4_MC11g10630	-1.98949693099486	0.000476729112989285
177	MvSl-1064-A1-R4_MC11g10654	-1.72447219888928	0.00189300636106845
178	MvSl-1064-A1-R4_MC11g10722	-1.5833391115908	2.59957719621271e-07
179	MvSl-1064-A1-R4_MC11g10730	-3.42792551172588	8.50989701066397e-18
180	MvSl-1064-A1-R4_MC12g10779	-1.35398749404418	0.00080858381843891
181	MvSl-1064-A1-R4_MC12g10792	-0.968515183350512	0.00721345478834735
182	MvSl-1064-A1-R4_MC12g11020	-0.751989496370212	0.00585467964531683
183	MvSl-1064-A1-R4_MC12g11112	-1.57670910817679	0.00891988056134301
184	MvSl-1064-A1-R4_MC13g11325	-0.951850954662334	0.00484409091895948
185	MvSl-1064-A1-R4_MC13g11416	-1.26720396797455	0.0454702246234357
186	MvSl-1064-A1-R4_MC13g11418	-1.32935296621927	0.00134107417058915
187	MvSl-1064-A1-R4_MC13g11443	-0.684927693702817	0.0396295175758304
188	MvSl-1064-A1-R4_MC13g11584	-0.897711895462501	0.0245149816255412
189	MvSl-1064-A1-R4_MC13g11616	-0.579929400751607	0.0482799394353846
190	MvSl-1064-A1-R4_MC13g11692	-0.758477434174777	0.0292207385106239
191	MvSl-1064-A1-R4_MC13g11714	-1.0921098179596	0.00322849717542285
192	MvSl-1064-A1-R4_MC13g11715	-1.3883541262652	5.23965174693692e-10
193	MvSl-1064-A1-R4_MC14g11772	-1.07577584265635	0.0330945620324541
194	MvSl-1064-A1-R4_MC14g11775	-0.872592490093699	0.0245149816255412
195	MvSl-1064-A1-R4_MC14g11804	-1.71953912497091	3.74046512711347e-09
196	MvSl-1064-A1-R4_MC14g11805	-0.620472463751676	0.0406057467175437
197	MvSl-1064-A1-R4_MC14g11916	-0.960056912989136	0.00537529737804915
198	MvSl-1064-A1-R4_MC14g11962	-1.00736375842327	0.0219204344931908
199	MvSl-1064-A1-R4_MC14g11983	-4.62654929296632	7.2006730667551e-20
200	MvSl-1064-A1-R4_MC15g12133	-1.67140076334151	0.00131384124084836
201	MvSl-1064-A1-R4_MC15g12148	-6.84166751643337	1.12871329005256e-15
202	MvSl-1064-A1-R4_MC16g12190	-1.14061583866192	0.00142017308082232
203	MvSl-1064-A1-R4_MC16g12196	-1.65429517937647	4.52212861087148e-11
