gid	gname	chr	start	end	logCPM	logFC.A1.A2	PV.A1.A2	FDR.A1.A2	A1_1	A1_2	A2_1	A2_2
MvSl-1064-A1-R4_A1g00004	MvSl-1064-A1-R4_A1	aMAT	2563	6967	6.33103723816921	-0.092774478414517	0.613905966670274	0.999958419202852	6.32261373570641	6.2441503314045	6.34662819239524	6.40587930644966
MvSl-1064-A1-R4_A1g00005	MvSl-1064-A1-R4_A1	aMAT	7783	9967	5.91619304464634	-0.059029749066909	0.773412573223944	0.999958419202852	5.79405287427519	5.97302968325758	6.02513257178185	5.86082994378175
MvSl-1064-A1-R4_A1g00006	MvSl-1064-A1-R4_A1	aMAT	10297	11118	7.43243550279985	0.00868639912546976	0.965905870514315	0.999958419202852	7.33130772771547	7.5350107578012	7.48539525236004	7.36842457307736
MvSl-1064-A1-R4_A1g00007	MvSl-1064-A1-R4_A1	aMAT	11416	12757	7.70778701643715	0.210262502434326	0.311383635062428	0.945084765505755	7.71525921366764	7.89718937015599	7.61135078832362	7.58641516304856
MvSl-1064-A1-R4_A1g00008	MvSl-1064-A1-R4_A1	aMAT	13778	17299	7.66870028199072	0.432991251916051	0.104822330049783	0.659023585911921	7.56714407313436	8.11851684719279	7.72407471094153	7.07631301224065
MvSl-1064-A1-R4_A1g00009	MvSl-1064-A1-R4_A1	aMAT	17742	19664	7.48257018986221	0.706101623770608	0.0118328711172371	0.186231830233831	7.2950733784458	8.16225504356473	7.29716238535339	6.84134233434234
MvSl-1064-A1-R4_A1g00013	MvSl-1064-A1-R4_A1	aMAT	25010	25687	6.10161148449679	0.0516768768708922	0.786979704167657	0.999958419202852	6.16557073657714	6.08787910201436	6.07875070054321	6.07246759395023
MvSl-1064-A1-R4_A1g00017	MvSl-1064-A1-R4_A1	aMAT	32832	32999	1.16511826347503	-0.889547079313115	0.0484145048873808	0.4487787820362	0.282163865241931	0.965564000384688	1.22353767991356	1.75990260922974
MvSl-1064-A1-R4_A1g00025	MvSl-1064-A1-R4_A1	aMAT	44670	45575	0.89832153537892	-0.216576115201585	0.656604089608599	0.999958419202852	1.1897801079485	0.238559882256371	0.640509712446307	1.27942110420403
MvSl-1064-A1-R4_A1g00031	MvSl-1064-A1-R4_A1	aMAT	60777	61230	4.63368752843566	-0.118574157069426	0.65685473209236	0.999958419202852	4.48281534045059	4.65799824298327	4.40874809152925	4.92746610944884
MvSl-1064-A1-R4_A1g00032	MvSl-1064-A1-R4_A1	aMAT	61566	63177	9.33839601589185	0.0612407543504193	0.821500451765705	0.999958419202852	9.34844140171884	9.38866178415308	9.34774484848909	9.26601865082594
MvSl-1064-A1-R4_A1g00033	MvSl-1064-A1-R4_A1	aMAT	63513	66190	4.59605801755781	-0.284616012954925	0.242580202738214	0.882867968757444	4.43388589515136	4.4594064326144	4.70745289661262	4.75269694143438
MvSl-1064-A1-R4_A1g00035	MvSl-1064-A1-R4_A1	aMAT	68178	68401	5.12479416440487	0.425650311099996	0.0657067721575563	0.529848335276237	5.24453925237634	5.39567770746933	4.99460231785047	4.79366916388819
MvSl-1064-A1-R4_A1g00036	MvSl-1064-A1-R4_A1	aMAT	68795	70180	5.33168087366124	0.00355139788152048	0.98690005838825	0.999958419202852	5.319569804088	5.3471878740249	5.34349776998918	5.31620227366411
MvSl-1064-A1-R4_A1g00037	MvSl-1064-A1-R4_A1	aMAT	71408	72880	4.73158268429785	0.137660031865189	0.57389476563734	0.999958419202852	4.88765165739082	4.70436376514164	4.54480234905438	4.76970900834213
MvSl-1064-A1-R4_A1g00039	MvSl-1064-A1-R4_A1	aMAT	77299	78423	8.11314648535357	0.295471115866702	0.195195377122438	0.830462168847266	8.18352192551146	8.31993340368579	8.09343957624801	7.80845794346912
MvSl-1064-A1-R4_A1g00040	MvSl-1064-A1-R4_A1	aMAT	79342	82258	1.20943855545572	-0.153782550552387	0.708575572797697	0.999958419202852	1.01070045865122	1.24190124495121	1.19504595887313	1.35865715064887
MvSl-1064-A1-R4_A1g00046	MvSl-1064-A1-R4_A1	aMAT	89113	90244	3.90510140170451	0.172808323749179	0.538855769405832	0.999958419202852	4.07216115485571	3.90105374989486	3.87876708255342	3.75303037878867
MvSl-1064-A1-R4_A1g00047	MvSl-1064-A1-R4_A1	aMAT	90443	91903	4.99247653833059	0.101448808656902	0.668080852647748	0.999958419202852	4.92353937014398	5.1519034790545	4.9883894833889	4.8923909223828
MvSl-1064-A1-R4_A1g00048	MvSl-1064-A1-R4_A1	aMAT	92386	93655	4.81012468792304	0.0074852677672013	0.974758816795647	0.999958419202852	4.82938860788906	4.79820485079462	4.80494678493335	4.80785654867577
MvSl-1064-A1-R4_A1g00049	MvSl-1064-A1-R4_A1	aMAT	94248	95819	5.33571804386245	0.0165017889379636	0.941272847810332	0.999958419202852	5.34436775553408	5.34353035825238	5.1750196330642	5.46536786003801
MvSl-1064-A1-R4_A1g00050	MvSl-1064-A1-R4_A1	aMAT	96486	99661	5.50888333328656	-0.3055659034626	0.30905483509828	0.945084765505755	4.72866188992885	5.77952095915017	5.78101957950322	5.51233013035012
MvSl-1064-A1-R4_A1g00051	MvSl-1064-A1-R4_A1	aMAT	101324	106023	6.85685665090169	0.525224842731537	0.0248637788641347	0.303485108920575	6.79139685261486	7.34687666459864	6.78512492506069	6.31939433153158
MvSl-1064-A1-R4_A1g00052	MvSl-1064-A1-R4_A1	aMAT	106474	107890	1.1691437687708	-0.246962770077076	0.589975637271993	0.999958419202852	0.891508456659377	1.17761919517806	1.67934409235493	0.723173516396965
MvSl-1064-A1-R4_A1g00053	MvSl-1064-A1-R4_A1	aMAT	108409	108819	6.5690036883373	0.0927223712898448	0.632698290729135	0.999958419202852	6.51047105488767	6.71170158751799	6.61811932207737	6.41903253324793
MvSl-1064-A1-R4_A1g00054	MvSl-1064-A1-R4_A1	aMAT	111120	112733	2.50882087113256	-0.264670367562133	0.460620122746218	0.999958419202852	2.22582861741679	2.50163951280521	2.89717775352002	2.30450082275639
MvSl-1064-A1-R4_A1g00055	MvSl-1064-A1-R4_A1	aMAT	113646	115349	5.405796892829	-0.468008417939855	0.0494119206350692	0.453473626012509	5.32341272735309	4.95982405419481	5.43466513877799	5.78396964640247
MvSl-1064-A1-R4_A1g00056	MvSl-1064-A1-R4_A1	aMAT	115614	117044	8.46229616696835	0.138986425015022	0.597395573627645	0.999958419202852	8.2016433966115	8.79746856765098	8.38173362811366	8.40054344782648
MvSl-1064-A1-R4_A1g00057	MvSl-1064-A1-R4_A1	aMAT	118986	121284	4.60991081863831	-0.0544388801445056	0.832362274416254	0.999958419202852	4.36097616782452	4.77395249598346	4.67429408024726	4.59801209812929
MvSl-1064-A1-R4_A1g00061	MvSl-1064-A1-R4_A1	aMAT	125081	126633	7.07444648833496	0.162009487585316	0.385380760474486	0.986847619595283	7.13592230208528	7.17025069576794	7.04215965695937	6.93857194845754
MvSl-1064-A1-R4_A1g00062	MvSl-1064-A1-R4_A1	aMAT	128311	129271	6.07751075601863	-0.149956868748848	0.441759349664165	0.999958419202852	5.99415077880217	6.00695241156242	6.232980516697	6.06264084617616
MvSl-1064-A1-R4_A1g00063	MvSl-1064-A1-R4_A1	aMAT	130054	132843	5.00620036605893	0.0619045482440714	0.788441369382212	0.999958419202852	5.01192043276118	5.0612865399922	4.98423267989424	4.96593248278526
MvSl-1064-A1-R4_A1g00064	MvSl-1064-A1-R4_A1	aMAT	133237	134512	8.22453876254922	-0.174246288694909	0.444678168868208	0.999958419202852	8.06572665267352	8.20066844777691	8.37916361265643	8.23519780157558
MvSl-1064-A1-R4_A1g00065	MvSl-1064-A1-R4_A1	aMAT	135668	136821	7.24524993135204	0.256054292225132	0.188949424144787	0.822268879271857	7.42101873120459	7.31221031356771	7.12802975996786	7.09523459692479
MvSl-1064-A1-R4_A1g00066	MvSl-1064-A1-R4_A1	aMAT	137505	140273	8.00034823296385	0.0315934112653318	0.89378855485481	0.999958419202852	7.92422668425218	8.10237582181955	8.19292480063794	7.74074353376948
MvSl-1064-A1-R4_A1g00067	MvSl-1064-A1-R4_A1	aMAT	141157	141857	1.42691873903616	-0.223086763307051	0.60629801705916	0.999958419202852	1.43682526313295	1.17761919517806	1.04348156349917	1.89006982565025
MvSl-1064-A1-R4_A1g00068	MvSl-1064-A1-R4_A1	aMAT	142411	144606	1.09544454323403	-0.392762524974695	0.405337297432689	0.999958419202852	0.932343105671562	0.846572996932114	0.640509712446307	1.70030852138244
MvSl-1064-A1-R4_A1g00069	MvSl-1064-A1-R4_A1	aMAT	145335	146902	5.96752455596967	-0.260923672475478	0.248276393146684	0.890868542482603	6.02515632210311	5.60720738110157	5.91042542539022	6.2526784299735
MvSl-1064-A1-R4_A1g00070	MvSl-1064-A1-R4_A1	aMAT	149220	153705	7.2396548260221	0.338336875142065	0.0841888769983086	0.601406989816305	7.43040336009033	7.36683319172074	6.98557887254957	7.13234916044522
MvSl-1064-A1-R4_A1g00072	MvSl-1064-A1-R4_A1	aMAT	158422	160299	7.79152110105699	0.103669735356542	0.680364989939646	0.999958419202852	8.11145118669318	7.51157080214628	7.54234444029681	7.91169059465508
MvSl-1064-A1-R4_A1g00073	MvSl-1064-A1-R4_A1	aMAT	160618	163050	5.05819666318866	-0.809919470236329	0.00191607323442741	0.0497620419016892	4.83208860346842	4.31746684315258	5.54883681046163	5.24499689343362
MvSl-1064-A1-R4_A1g00074	MvSl-1064-A1-R4_A1	aMAT	165329	166779	8.73344038897239	0.569611228968345	0.0509924514995775	0.460354433588413	8.63503938250877	9.27516949514761	8.61536500133626	8.19595578647466
MvSl-1064-A1-R4_A1g00076	MvSl-1064-A1-R4_A1	aMAT	171697	173594	7.09495254314587	-0.0429677151778728	0.819650895507542	0.999958419202852	7.00565727130933	7.13788662930041	7.10284901810799	7.1295278474882
MvSl-1064-A1-R4_A1g00077	MvSl-1064-A1-R4_A1	aMAT	173863	176567	6.573761794994	0.0499289039924081	0.798496138812909	0.999958419202852	6.50455951292841	6.68665906183792	6.66561676469487	6.42134129350997
MvSl-1064-A1-R4_A1g00078	MvSl-1064-A1-R4_A1	aMAT	177417	178892	7.11566473408918	0.994579565995959	8.82465081088713e-05	0.00397020148602942	7.30239341833937	7.72480212371488	6.84594947354076	6.13850695105527
MvSl-1064-A1-R4_A1g00079	MvSl-1064-A1-R4_A1	aMAT	179366	179827	5.64428735711557	1.64719802954929	7.86021256037379e-10	7.95667880543292e-08	6.54708473461078	5.86364443251374	4.36145656504353	4.80785654867577
MvSl-1064-A1-R4_A1g00080	MvSl-1064-A1-R4_A1	aMAT	180716	185718	5.5144551003074	1.36180363566686	8.68697831336935e-10	8.67213076302195e-08	6.18576597453638	5.88014860524807	4.70745289661262	4.65667321045425
MvSl-1064-A1-R4_A1g00109	MvSl-1064-A1-R4_A1	aMAT	234418	236731	7.02431044172676	0.203157286403178	0.364257943654562	0.976804263822725	6.86575002903043	7.34000971377139	7.10572182888124	6.70522537852628
MvSl-1064-A1-R4_A1g00110	MvSl-1064-A1-R4_A1	aMAT	238849	239016	8.21583629929683	-0.239746971263684	0.294484251185255	0.940149944012569	8.18061184241076	7.99543759853117	8.26429862637623	8.39409291794988
MvSl-1064-A1-R4_A1g00113	MvSl-1064-A1-R4_A1	aMAT	244443	244638	7.93285114093236	0.0782260363949858	0.725906809508589	0.999958419202852	8.13706020484287	7.78435789317662	7.86948397669154	7.91660875090609
MvSl-1064-A1-R4_A1g00144	MvSl-1064-A1-R4_A1	aMAT	1139524	1144406	6.63220599639719	0.362255569297193	0.0869997065036123	0.608315059288994	6.57152628159385	7.00064142779351	6.55155232544721	6.31939433153158
MvSl-1064-A1-R4_A1g00153	MvSl-1064-A1-R4_A1	aMAT	2573298	2575010	7.85790723374955	0.23245883500989	0.297314439085011	0.941690387543478	8.04143454706186	7.89375467313051	7.54622679436109	7.90565665661626
MvSl-1064-A1-R4_A1g00154	MvSl-1064-A1-R4_A1	aMAT	2575916	2576612	4.89918471183251	1.19990710717855	6.98221430439264e-07	4.57335036937718e-05	5.30214883738896	5.45111325013076	4.22719838341661	4.1370179869251
MvSl-1064-A1-R4_A1g00155	MvSl-1064-A1-R4_A1	aMAT	2576791	2577822	6.31348787752844	-0.424687392549616	0.0319076395243878	0.354405552223499	5.90592172457473	6.24513082695008	6.55084981818552	6.46750211625881
MvSl-1064-A1-R4_A1g00165	MvSl-1064-A1-R4_A1	aMAT	621126	622892	7.5965774334827	0.648642331575889	0.0014427866505988	0.0399646583093915	7.95706401349453	7.80876902828136	7.22325301272032	7.24959100044864
MvSl-1064-A1-R4_A1g00175	MvSl-1064-A1-R4_A1	aMAT	2578833	2582754	7.13997832886159	0.179277962694838	0.367983367975175	0.979464615686792	7.10723112822698	7.33725375532602	6.94765451332142	7.14124709224594
MvSl-1064-A1-R4_A1g00184	MvSl-1064-A1-R4_A1	aMAT	1966448	1967834	6.20147273586889	-0.151634744551154	0.443800623448961	0.999958419202852	6.10769500145954	6.1394134744937	6.41616389765117	6.11872610077535
MvSl-1064-A1-R4_A1g00185	MvSl-1064-A1-R4_A1	aMAT	912091	913460	8.40514347315844	-0.391179053007992	0.0916675746434422	0.621441974827841	8.16891245262074	8.2232349401158	8.55673822749852	8.61743276480443
MvSl-1064-A1-R4_A1g00186	MvSl-1064-A1-R4_A1	aMAT	914330	919259	7.49322508666527	-0.0526255620726509	0.793265460615567	0.999958419202852	7.47901845929463	7.45421935551841	7.61202445110324	7.42013488508359
MvSl-1064-A1-R4_A1g00193	MvSl-1064-A1-R4_A1	aMAT	1550514	1551842	8.52910746150248	0.702608646516834	0.00334638100075603	0.0762080797978445	8.7854020230535	8.88891760244224	8.19179868698089	8.07725612410615
MvSl-1064-A1-R4_A1g00211	MvSl-1064-A1-R4_A1	aMAT	1116801	1118832	9.02508300903538	-0.182895244327894	0.484132302352346	0.999958419202852	8.93371160663582	8.92775533607155	9.03207563625971	9.19076189047027
MvSl-1064-A1-R4_A1g00241	MvSl-1064-A1-R4_A1	aMAT	1098507	1099824	7.57484976603621	-0.662073360720249	0.00106232483517355	0.0311289132622566	7.20992745806112	7.20240953719159	7.93609692644586	7.79635333024883
MvSl-1064-A1-R4_A1g00242	MvSl-1064-A1-R4_A1	aMAT	1108286	1110870	5.62910496396781	-0.639026402783558	0.00190954260263269	0.0497374429948889	5.34625775130313	5.19921635576273	5.96628681680899	5.85628650664131
MvSl-1064-A1-R4_A1g00245	MvSl-1064-A1-R4_A1	aMAT	1060653	1061300	4.56991720347614	0.822763866243135	0.0108742703726167	0.177739450420678	4.59833682609691	5.18906212204678	4.463524701517	3.62533657079238
MvSl-1064-A1-R4_A1g00246	MvSl-1064-A1-R4_A1	aMAT	551158	551514	6.34990364059913	-0.870177676132714	2.69604723396997e-06	0.00016678047750142	5.89046181808471	5.80899498336625	6.68815292201633	6.74999963398444
MvSl-1064-A1-R4_A1g00254	MvSl-1064-A1-R4_A1	aMAT	667810	671393	4.77927462166404	1.93412253005848	2.24540017496206e-12	2.81718658571296e-10	5.60493118907769	5.26643230139265	3.25554159483214	3.74322064047433
MvSl-1064-A1-R4_A1g00270	MvSl-1064-A1-R4_A1	aMAT	1111101	1112366	5.52377076684924	1.14658198215634	3.2021620095193e-07	2.22850462349984e-05	5.99294484726406	5.98011392202196	4.64035517906323	5.01974464835407
MvSl-1064-A1-R4_A1g00280	MvSl-1064-A1-R4_A1	aMAT	713060	718328	7.8743449127228	-0.22568415278769	0.287313465273547	0.934316152201256	7.73522972802119	7.77861331933905	8.05630212346497	7.90510686333881
MvSl-1064-A1-R4_A1g00281	MvSl-1064-A1-R4_A1	aMAT	704230	705173	6.40762096639829	-0.0660727455606182	0.741194644736408	0.999958419202852	6.46943971521166	6.27231759879449	6.26674171748057	6.59500919577043
MvSl-1064-A1-R4_A1g00290	MvSl-1064-A1-R4_A1	aMAT	407531	411380	7.22979762008248	-0.171909394471142	0.394721764429254	0.992710750292431	7.04284321819721	7.23337312785113	7.19655328755669	7.42090429446919
MvSl-1064-A1-R4_A1g00292	MvSl-1064-A1-R4_A1	aMAT	1132727	1134319	6.84281317482457	0.909844551093575	5.02656738603152e-06	0.000296534187250124	7.088722794328	7.35371108483933	6.46172318382163	6.15894290338224
MvSl-1064-A1-R4_A1g00311	MvSl-1064-A1-R4_A1	aMAT	1396587	1398849	8.28851538878555	-0.0242417878231174	0.918945153199411	0.999958419202852	8.39230254237096	8.15026703299809	8.15436629922443	8.43332401947761
MvSl-1064-A1-R4_A1g00312	MvSl-1064-A1-R4_A1	aMAT	1393224	1396199	8.46395048836884	3.50629370671791	2.51415739202452e-34	1.31741847342085e-31	9.05985995548923	9.57867163290556	5.73475733443972	5.93487949315162
MvSl-1064-A1-R4_A1g00326	MvSl-1064-A1-R4_A1	aMAT	1162650	1164414	4.17920072782698	-12.5204325936974	1.26421155940148e-71	3.75386552371612e-68	-3.35702000194919	-3.35702000194919	5.03535122594624	5.28780304523164
MvSl-1064-A1-R4_A1g00327	MvSl-1064-A1-R4_A1	aMAT	1158935	1161921	4.1871432447203	0.0928509867297093	0.727482578542229	0.999958419202852	4.25631206710367	4.20908624266341	4.17344545842652	4.10673490760699
MvSl-1064-A1-R4_A1g00351	MvSl-1064-A1-R4_A1	aMAT	1488010	1490661	8.57512094173885	-0.242191733239139	0.311229208705355	0.945084765505755	8.45997967121689	8.43782657357033	8.69271188605697	8.68944226667409
MvSl-1064-A1-R4_A1g00352	MvSl-1064-A1-R4_A1	aMAT	1486271	1487768	5.59988839266567	-0.189240510620396	0.387454596372404	0.988867199848635	5.37616572551948	5.61784460109876	5.84430905176624	5.51953183559996
MvSl-1064-A1-R4_A1g00359	MvSl-1064-A1-R4_A1	aMAT	679143	681507	8.61896543058111	0.268073831225764	0.309836908111904	0.945084765505755	8.64812194365183	8.83913646807168	8.70823146318321	8.20581100838247
MvSl-1064-A1-R4_A1g00367	MvSl-1064-A1-R4_A1	aMAT	245502	246121	3.97930360922546	0.553171469978447	0.0455591616814853	0.436857924928601	4.19470742746883	4.26429404774503	3.66688854896131	3.69314575119959
MvSl-1064-A1-R4_A1g00368	MvSl-1064-A1-R4_A1	aMAT	248916	251783	6.1986154943338	0.0476311594610428	0.824772652235862	0.999958419202852	6.04856139376801	6.37710869070925	6.35470087298248	5.96894867352005
MvSl-1064-A1-R4_A1g00369	MvSl-1064-A1-R4_A1	aMAT	270179	271004	7.0569794199464	0.0880198089677822	0.646950129482343	0.999958419202852	6.98336263253371	7.20845458175185	7.06497238435565	6.95778584716301
MvSl-1064-A1-R4_A1g00371	MvSl-1064-A1-R4_A1	aMAT	330602	330868	7.30064109060621	0.323685137589474	0.0979641381518662	0.638844931280066	7.40433390366132	7.50093832774453	7.0961234622706	7.16302482913456
MvSl-1064-A1-R4_A1g00372	MvSl-1064-A1-R4_A1	aMAT	337815	342587	7.42659961298984	-0.153090469035268	0.441004339459342	0.999958419202852	7.30044503638758	7.39405134465942	7.51882832428611	7.48300758588563
MvSl-1064-A1-R4_A1g00373	MvSl-1064-A1-R4_A1	aMAT	342659	343448	5.63994427053807	-0.309993049458856	0.18352182954567	0.817155424039138	5.20342423911981	5.70594017673541	5.92133731775707	5.63676122297101
MvSl-1064-A1-R4_A1g00374	MvSl-1064-A1-R4_A1	aMAT	343906	345432	7.75438665565968	-0.126027095083333	0.573388272161206	0.999958419202852	7.88543474693271	7.46393765781838	7.7490951142495	7.87986699900414
MvSl-1064-A1-R4_A1g00380	MvSl-1064-A1-R4_A1	aMAT	901642	902941	6.35949052557648	0.520490675962271	0.00557826384431797	0.109693541556699	6.54872711676636	6.64269102204932	6.01701690580322	6.13382176596675
MvSl-1064-A1-R4_A1g00390	MvSl-1064-A1-R4_A1	aMAT	896092	900842	5.08216374819396	0.0255755695044711	0.911021036496694	0.999958419202852	5.17393026326782	5.01144707557413	5.04536112247609	5.09302014030047
MvSl-1064-A1-R4_A1g00391	MvSl-1064-A1-R4_A1	aMAT	895253	895922	6.98982482363935	-0.0258177440917268	0.887826085981438	0.999958419202852	7.025844848521	6.92617917072407	7.02354486968759	6.98144887046869
MvSl-1064-A1-R4_A1g00394	MvSl-1064-A1-R4_A1	aMAT	889992	892373	6.29651390089169	0.0266952483055408	0.907498473012862	0.999958419202852	6.02161258016419	6.54972516022418	6.47066490324696	6.06756258676427
MvSl-1064-A1-R4_A1g00395	MvSl-1064-A1-R4_A1	aMAT	885400	886813	8.18183627019845	0.272243152660931	0.222063652873552	0.859012644268271	8.36669326063594	8.25424651756625	8.03586325561567	8.04293188143456
MvSl-1064-A1-R4_A1g00396	MvSl-1064-A1-R4_A1	aMAT	863010	863649	7.56499717798594	0.170097066946694	0.418527269957823	0.999958419202852	7.51516924755726	7.7687606489395	7.58791466573691	7.35801702200789
MvSl-1064-A1-R4_A1g00397	MvSl-1064-A1-R4_A1	aMAT	861883	862053	9.16503565896508	0.122156205055286	0.676716739997819	0.999958419202852	8.95739907040117	9.45032622494183	9.26589005504157	8.91863446706352
MvSl-1064-A1-R4_A1g00398	MvSl-1064-A1-R4_A1	aMAT	856916	857392	8.05002205659469	0.150737592720888	0.500839753794818	0.999958419202852	8.03529706718532	8.20646910270149	8.07303452432131	7.86496077343529
MvSl-1064-A1-R4_A1g00399	MvSl-1064-A1-R4_A1	aMAT	854394	856791	7.96011309311336	-0.0359081256831122	0.899931644403015	0.999958419202852	7.59005511438048	8.22472689623736	8.28387781120843	7.58915588732767
MvSl-1064-A1-R4_A1g00400	MvSl-1064-A1-R4_A1	aMAT	852461	853825	4.76921681641736	1.0720200361893	0.00016636164674331	0.00661584620173841	5.34247528053682	5.0612865399922	3.75247759926609	4.4460502505572
MvSl-1064-A1-R4_A1g00401	MvSl-1064-A1-R4_A1	aMAT	849156	852184	7.35738224508575	0.358466712204069	0.239559354050562	0.881451766163737	7.04051048897774	7.8878026860331	7.51379039469656	6.71026947119485
MvSl-1064-A1-R4_A1g00402	MvSl-1064-A1-R4_A1	aMAT	844814	848787	7.87346390137823	0.0290521159113027	0.889768403429931	0.999958419202852	7.87826821806339	7.89750121024125	7.84648277266033	7.8711669707888
MvSl-1064-A1-R4_A1g00403	MvSl-1064-A1-R4_A1	aMAT	841678	844038	6.72565616344725	0.477123410893618	0.00949875266121099	0.160255471034219	6.87690663869401	7.00932404073721	6.51672073598983	6.41749130455185
MvSl-1064-A1-R4_A1g00404	MvSl-1064-A1-R4_A1	aMAT	838903	841231	3.41710028672956	-0.312501154343947	0.291758244477741	0.939766940058334	3.29139345406651	3.21267482879993	3.61406322722397	3.5085843448505
MvSl-1064-A1-R4_A1g00405	MvSl-1064-A1-R4_A1	aMAT	837338	838797	4.70035071844601	0.555792080843086	0.0422851107637963	0.420355691493465	4.60150527011057	5.23321574660517	4.45153059048109	4.34265131585428
MvSl-1064-A1-R4_A1g00406	MvSl-1064-A1-R4_A1	aMAT	1134595	1135956	5.56075304792889	-0.245088081471816	0.246388473541778	0.888594543445407	5.30020012487562	5.55439498497535	5.67926887984798	5.67596246098137
MvSl-1064-A1-R4_A1g00432	MvSl-1064-A1-R4_A1	aMAT	1584006	1586510	6.97190819199107	0.147701251415034	0.435660718604183	0.999958419202852	6.97849653379546	7.10639939823101	7.00827346544974	6.77488857513136
MvSl-1064-A1-R4_A1g00433	MvSl-1064-A1-R4_A1	aMAT	1578575	1582088	5.32768879046677	0.348274381394333	0.122348558089009	0.707465373225716	5.59224573945904	5.38326191669372	5.02931178054619	5.25020119878922
MvSl-1064-A1-R4_A1g00441	MvSl-1064-A1-R4_A1	aMAT	1136196	1138565	5.34284770641796	0.104254766888705	0.678633561495081	0.999958419202852	5.06338116915012	5.66256470919093	5.37082122302523	5.20446098695985
MvSl-1064-A1-R4_A1g00478	MvSl-1064-A1-R4_A1	aMAT	3092860	3095963	7.06431461106313	0.123482527438169	0.516837007188788	0.999958419202852	7.08815821220657	7.16040960551832	7.09516010401218	6.90101433421505
MvSl-1064-A1-R4_A1g00495	MvSl-1064-A1-R4_A1	aMAT	3171155	3174630	6.93623921266344	2.06770355586782	6.85813211534681e-27	2.44368963534037e-24	7.69723141919355	7.55531171421115	5.56562655999566	5.55921021962423
MvSl-1064-A1-R4_A1g00503	MvSl-1064-A1-R4_A1	aMAT	1995562	1995873	6.5720974440105	-0.310626789594861	0.113735030449689	0.68409969699246	6.24673402702636	6.55368775316385	6.75981528745379	6.67651898763754
MvSl-1064-A1-R4_A1g00504	MvSl-1064-A1-R4_A1	aMAT	2004135	2004905	3.61539083401575	0.0458097577168874	0.87532172393281	0.999958419202852	3.56247231779281	3.70975445797129	3.63011490419404	3.55418237301327
MvSl-1064-A1-R4_A1g00505	MvSl-1064-A1-R4_A1	aMAT	2051926	2054309	6.29745910802269	0.172207716436543	0.535262923184529	0.999958419202852	6.71739015700581	5.94192286164475	5.83279632468171	6.50716862800839
MvSl-1064-A1-R4_A1g00506	MvSl-1064-A1-R4_A1	aMAT	2054540	2055464	4.9361965946776	0.018095169191777	0.938917382503148	0.999958419202852	4.98790827829817	4.90131790947652	4.99253434438423	4.8587149465015
MvSl-1064-A1-R4_A1g00507	MvSl-1064-A1-R4_A1	aMAT	2055616	2057858	5.88818763117694	0.00574296025547087	0.979944806164598	0.999958419202852	6.11768806097875	5.6223795095914	5.76172123797377	5.99914395649315
MvSl-1064-A1-R4_A1g00510	MvSl-1064-A1-R4_A1	aMAT	2058215	2058407	5.78613656366278	0.0013276708755256	0.994825088402204	0.999958419202852	5.79405287427519	5.77952095915017	5.84201384435888	5.72662692209312
MvSl-1064-A1-R4_A1g00511	MvSl-1064-A1-R4_A1	aMAT	2058571	2059524	6.79217432245981	0.101736763359485	0.572680296805279	0.999958419202852	6.86179171234775	6.82226551823615	6.77011321170699	6.71026947119485
MvSl-1064-A1-R4_A1g00512	MvSl-1064-A1-R4_A1	aMAT	2080392	2081481	5.07820686849789	-0.0352704846695949	0.876832312378715	0.999958419202852	5.08617906590515	5.03431503176344	5.13807929019161	5.05188906451579
MvSl-1064-A1-R4_A1g00513	MvSl-1064-A1-R4_A1	aMAT	2082268	2082504	5.73128471105277	0.0522498872199359	0.798795247240939	0.999958419202852	5.72745507282239	5.78627267201621	5.74092989680691	5.6682069653064
MvSl-1064-A1-R4_A1g00514	MvSl-1064-A1-R4_A1	aMAT	1991175	1993509	8.14598663223951	0.109706750873437	0.667353936423269	0.999958419202852	8.42843485155443	7.92804443411862	7.88461687680203	8.26998854703508
MvSl-1064-A1-R4_A1g00515	MvSl-1064-A1-R4_A1	aMAT	1984288	1990725	5.20789376021835	0.654352689684475	0.00427100852876548	0.0916774553596215	5.35567076789359	5.62840396487722	4.79311431269593	4.89682224017028
MvSl-1064-A1-R4_A1g00516	MvSl-1064-A1-R4_A1	aMAT	2618847	2620704	8.60405268311849	0.995708514690732	9.91745446858258e-05	0.00433062178461439	8.81998569499579	9.19155557933694	8.09247442355901	7.94844131994337
MvSl-1064-A1-R4_A1g00517	MvSl-1064-A1-R4_A1	aMAT	2625755	2626956	8.92743240640232	-0.533503451979998	0.0508447310147254	0.459822196831649	8.77122752948991	8.48714424080975	8.97404234546115	9.34171421046088
MvSl-1064-A1-R4_A1g00518	MvSl-1064-A1-R4_A1	aMAT	2689352	2692677	6.33304018625461	0.322480626672117	0.112476397761435	0.679258820278281	6.29156247564359	6.65602270118145	6.27442183109355	6.04278424074137
MvSl-1064-A1-R4_A1g00519	MvSl-1064-A1-R4_A1	aMAT	2705499	2709175	7.16233214629183	0.329453209135033	0.0885803952052614	0.613218259993841	7.32365373015856	7.3117424216496	6.91472515911025	7.05862389126425
MvSl-1064-A1-R4_A1g00520	MvSl-1064-A1-R4_A1	aMAT	2709667	2711246	5.56307402043741	0.210251201015469	0.320440772592227	0.951639745216565	5.55350608701888	5.76728767420358	5.53611501364858	5.36818892372309
MvSl-1064-A1-R4_A1g00521	MvSl-1064-A1-R4_A1	aMAT	2723676	2724484	6.02086885213753	0.294232959287171	0.254598982736379	0.897591978795943	5.7660882545623	6.46977672491549	6.08167185189087	5.61406504013181
MvSl-1064-A1-R4_A1g00522	MvSl-1064-A1-R4_A1	aMAT	1378554	1381105	1.32646367499525	4.65808951563058	1.93352131282216e-16	3.82751285658218e-14	2.14127070830561	2.40668559879287	-1.26100710692886	-2.80309411576075
MvSl-1064-A1-R4_A1g00525	MvSl-1064-A1-R4_A1	aMAT	1300472	1304579	7.29806958281787	0.428603192047263	0.028685308038825	0.329714482593359	7.52604861844342	7.46646213739764	7.04065926534599	7.09523459692479
MvSl-1064-A1-R4_A1g00527	MvSl-1064-A1-R4_A1	aMAT	1278622	1279107	4.8330038106228	0.581882016632099	0.0404292932551662	0.413577819807938	5.31378615743286	4.83774088265904	4.17709197014698	4.78890886132618
MvSl-1064-A1-R4_A1g00528	MvSl-1064-A1-R4_A1	aMAT	3162864	3163091	2.77917925486307	-0.174837031690773	0.597491323426712	0.999958419202852	2.46725985858851	2.8804727473447	2.92346709763742	2.79701392784725
MvSl-1064-A1-R4_A1g00530	MvSl-1064-A1-R4_A1	aMAT	3139638	3144611	6.85623943387107	0.00686639934135971	0.969856390151158	0.999958419202852	6.8690403502937	6.85024333169212	6.80705947801533	6.89714893936195
MvSl-1064-A1-R4_A1g00532	MvSl-1064-A1-R4_A1	aMAT	3096186	3097883	5.07217437264575	0.189104915574362	0.409075597656971	0.999958419202852	5.15464640550445	5.17266521093749	5.02931178054619	4.91877693425545
MvSl-1064-A1-R4_A1g00533	MvSl-1064-A1-R4_A1	aMAT	1186986	1189109	6.24217834528994	-0.341645499885068	0.0672353951398774	0.531934983523944	6.01924524038266	6.10201908460394	6.41693512953378	6.38789071223101
MvSl-1064-A1-R4_A1g00534	MvSl-1064-A1-R4_A1	aMAT	1199905	1206247	7.59173965333561	0.347983004300663	0.08549903545516	0.60467199177911	7.75207909054276	7.75849692509074	7.47950088467376	7.33166485388314
MvSl-1064-A1-R4_A1g00541	MvSl-1064-A1-R4_A1	aMAT	1207176	1208666	6.27074184579791	0.128964275192438	0.621928745386197	0.999958419202852	6.66988564022236	5.89521744575062	5.94291658280939	6.42671407566664
MvSl-1064-A1-R4_A1g00542	MvSl-1064-A1-R4_A1	aMAT	1209281	1212345	5.21126620419292	-0.323479208980968	0.143590445519418	0.739134413027217	5.09968685945603	4.97881047308939	5.33862180368302	5.38721089793297
MvSl-1064-A1-R4_A1g00543	MvSl-1064-A1-R4_A1	aMAT	1213232	1215281	7.06922670234266	-0.0525554320081037	0.801752888950535	0.999958419202852	7.24530030179259	6.80707490011375	6.99748647714032	7.186742374645
MvSl-1064-A1-R4_A1g00544	MvSl-1064-A1-R4_A1	aMAT	1274366	1278155	5.68748458803325	-0.0867767274591289	0.681035644571784	0.999958419202852	5.5320795094798	5.74666548884346	5.78819041959194	5.66950244660215
MvSl-1064-A1-R4_A1g00575	MvSl-1064-A1-R4_A1	aMAT	924447	925599	7.44006193876152	0.421916293856135	0.0398875309790278	0.413208032520442	7.68608177109784	7.58349411741897	7.32906121269291	7.08895493560147
MvSl-1064-A1-R4_A1g00593	MvSl-1064-A1-R4_A1	aMAT	542621	544478	8.05477917966613	-0.0331574306307314	0.882993854378887	0.999958419202852	8.15010201608468	7.91670482811734	7.98163884292398	8.15561645208111
MvSl-1064-A1-R4_A1g00624	MvSl-1064-A1-R4_A1	aMAT	908654	911656	7.53663643816013	0.808088471763115	8.50779251220808e-05	0.00388653413839741	7.77471099405666	7.98725686991029	7.13132290125007	7.02105988610355
MvSl-1064-A1-R4_A1g00644	MvSl-1064-A1-R4_A1	aMAT	1588797	1592442	5.04824636620791	1.3207337051043	8.96754921711046e-08	6.71285112823698e-06	5.43773333708386	5.67862086895763	4.09079798824339	4.3874256930359
MvSl-1064-A1-R4_A1g00645	MvSl-1064-A1-R4_A1	aMAT	2791731	2799682	6.10256106057208	0.00262413055457307	0.98964218638453	0.999958419202852	5.93132568657411	6.2578169975749	6.12195882028465	6.08028108258263
MvSl-1064-A1-R4_A1g00646	MvSl-1064-A1-R4_A1	aMAT	2776699	2777667	8.0183988016333	1.50964723349858	8.76169475383897e-10	8.67213076302195e-08	8.33539729618903	8.79646563901298	7.19115353095232	6.94927791240624
MvSl-1064-A1-R4_A1g00648	MvSl-1064-A1-R4_A1	aMAT	739770	740360	6.45870638290909	-0.643515079604386	0.00055243028648542	0.0183621231045228	6.12761237784609	6.07470264860951	6.72722989817157	6.76097939649761
MvSl-1064-A1-R4_A1g00668	MvSl-1064-A1-R4_A1	aMAT	1389234	1391759	6.33471636159406	5.49597304172742	3.46999071144897e-104	3.09106772575875e-100	7.26840937594335	7.33909164579489	2.10392902232916	1.5281925795405
MvSl-1064-A1-R4_A1g00669	MvSl-1064-A1-R4_A1	aMAT	1386243	1386532	5.93821842133909	0.154053322487201	0.444692833928009	0.999958419202852	5.95133161464593	6.07249482531279	5.93432357074732	5.7803767885675
MvSl-1064-A1-R4_A1g00693	MvSl-1064-A1-R4_A1	aMAT	1539659	1541133	7.23662593668903	0.0125228498026728	0.948499174909394	0.999958419202852	7.26591537605487	7.21947180314698	7.18301581148468	7.27619599696096
MvSl-1064-A1-R4_A1g00694	MvSl-1064-A1-R4_A1	aMAT	1526188	1527713	7.29368690820427	-0.197895490406907	0.314026700813221	0.948575737824405	7.16833367280157	7.21397370912731	7.44513281007205	7.33084633515802
MvSl-1064-A1-R4_A1g00718	MvSl-1064-A1-R4_A1	aMAT	646353	651020	5.23155766743447	-1.03997234267757	4.70152095698201e-05	0.00229771188442252	4.44097823831043	4.77937725054352	5.87942560868364	5.39506328974289
MvSl-1064-A1-R4_A1g00726	MvSl-1064-A1-R4_A1	aMAT	547576	548488	7.51065588827343	0.31161577323386	0.137596703556624	0.728923197790293	7.49017282324615	7.80843740427133	7.40293606001213	7.28805219631644
MvSl-1064-A1-R4_A1g00732	MvSl-1064-A1-R4_A1	aMAT	2238742	2239464	6.36368407794076	0.418964567530459	0.0382348164487828	0.402120123879289	6.40016991108273	6.70030748566869	6.26417256717306	6.00325966452354
MvSl-1064-A1-R4_A1g00749	MvSl-1064-A1-R4_A1	aMAT	1054963	1057437	7.4856140641798	0.496680815425074	0.0950931775522143	0.630315997216949	8.00091615043386	7.35234678845095	6.69833907323679	7.59666614244155
MvSl-1064-A1-R4_A1g00750	MvSl-1064-A1-R4_A1	aMAT	998707	1000561	6.05083405923487	-0.0123117063719707	0.951128796186471	0.999958419202852	6.17197877332549	5.90517660323197	5.9892845030018	6.12156859586994
MvSl-1064-A1-R4_A1g00751	MvSl-1064-A1-R4_A1	aMAT	985209	987129	8.06848568563047	0.330966011198294	0.133344329961061	0.726058246511695	8.27392261963235	8.17337185639162	7.81464756201005	7.96857793267701
MvSl-1064-A1-R4_A1g00772	MvSl-1064-A1-R4_A1	aMAT	411533	413382	4.15018166339005	0.408200650259874	0.232691130942934	0.870622395391308	3.85040241293982	4.70436376514164	4.19877958165062	3.60922509087776
MvSl-1064-A1-R4_A1g00778	MvSl-1064-A1-R4_A1	aMAT	790625	795162	4.82738254402568	-0.38590472972079	0.151027069629756	0.755032352853083	4.90570710134179	4.26815778567022	5.02324694635109	4.98894458266684
MvSl-1064-A1-R4_A1g00779	MvSl-1064-A1-R4_A1	aMAT	795631	796542	8.04180909720405	-0.654128400582474	0.00306457806789941	0.0714640351540523	7.73703159586323	7.61645047008878	8.2623689254794	8.39820113626083
MvSl-1064-A1-R4_A1g00794	MvSl-1064-A1-R4_A1	aMAT	3044289	3046699	5.24756663460192	-0.0169019637212085	0.940403715667163	0.999958419202852	5.19295975856253	5.28371273421117	5.35320054053629	5.15167155705803
MvSl-1064-A1-R4_A1g00801	MvSl-1064-A1-R4_A1	aMAT	527848	528105	3.66980014710168	0.0315014499007696	0.923332590320272	0.999958419202852	3.35284876036217	3.95478364562296	3.87428160620667	3.39413771599199
MvSl-1064-A1-R4_A1g00832	MvSl-1064-A1-R4_A1	aMAT	3195577	3196417	7.42077396491863	-0.101008858754439	0.609159933188109	0.999958419202852	7.39066256295273	7.34778979343558	7.47321161901445	7.46745131969965
MvSl-1064-A1-R4_A1g00840	MvSl-1064-A1-R4_A1	aMAT	3189050	3195319	6.7297109431594	-0.270688656685733	0.141434368495455	0.734931030132813	6.54872711676636	6.62622764899803	6.93801558067441	6.77428660853495
MvSl-1064-A1-R4_A1g00842	MvSl-1064-A1-R4_A1	aMAT	1400757	1402594	7.44433930550374	0.358832298449866	0.139632214931562	0.732103455332757	7.3975144273789	7.79978831465167	7.50547541243878	6.94927791240624
MvSl-1064-A1-R4_A1g00843	MvSl-1064-A1-R4_A1	aMAT	1437496	1440368	3.9338758298013	0.646969294654539	0.0239071016508861	0.294977936438049	4.04449000542764	4.37950522873746	3.61943365442842	3.53725154998839
MvSl-1064-A1-R4_A1g00845	MvSl-1064-A1-R4_A1	aMAT	1645733	1648754	6.71043139918238	-0.0382603242771106	0.838603049335035	0.999958419202852	6.77254542390066	6.60499882930492	6.63876159138168	6.81465868984641
MvSl-1064-A1-R4_A1g00853	MvSl-1064-A1-R4_A1	aMAT	1711315	1715586	7.43225327766646	1.60202969465559	3.25661211678233e-15	5.80198014725939e-13	8.044929991106	7.99805729732433	6.39283311991409	6.44800732282732
MvSl-1064-A1-R4_A1g00854	MvSl-1064-A1-R4_A1	aMAT	1701948	1703146	7.95255019074025	-0.781634241066068	0.00049762589700506	0.0167911041307617	7.63404034219859	7.37312553771672	8.39353626862639	8.18013694142074
MvSl-1064-A1-R4_A1g00869	MvSl-1064-A1-R4_A1	aMAT	834376	836308	9.26550898281914	0.783136283315317	0.0132985461138373	0.200107176996728	9.20622524805163	9.91642161686178	8.99897941084045	8.61927750714363
MvSl-1064-A1-R4_A1g00911	MvSl-1064-A1-R4_A1	aMAT	3038018	3044084	6.59929293005323	0.220741494733949	0.315666686071881	0.950573282458693	6.48753468292789	6.89465905064535	6.67402848673737	6.26729782273176
MvSl-1064-A1-R4_A1g00912	MvSl-1064-A1-R4_A1	aMAT	3035765	3037588	5.45523408684571	0.202295332638458	0.38579825184857	0.98712979748534	5.37246096028979	5.71304430674394	5.5132177290049	5.16826214537264
MvSl-1064-A1-R4_A1g00920	MvSl-1064-A1-R4_A1	aMAT	3000503	3001944	5.77938655567158	0.945533516235328	2.23478976722819e-05	0.00120880603683284	6.32069248919224	6.01617172339543	5.07498072678429	5.37455748973446
MvSl-1064-A1-R4_A1g00921	MvSl-1064-A1-R4_A1	aMAT	3017616	3018135	7.42288484979724	-0.141311490183061	0.480868298199637	0.999958419202852	7.26840937594335	7.42812311603392	7.45905332651494	7.52368910699467
MvSl-1064-A1-R4_A1g00922	MvSl-1064-A1-R4_A1	aMAT	3033187	3035601	6.55577713289889	-0.258848305795529	0.165697968468434	0.779702415685909	6.38829455164951	6.45205291173276	6.66366861325273	6.69444776499288
MvSl-1064-A1-R4_A1g00956	MvSl-1064-A1-R4_A1	aMAT	1794549	1795435	6.00171105436309	-1.56857892827048	1.54074071280792e-13	2.17855845550681e-11	4.82397341020327	5.1829350985052	6.60193286912361	6.55911488204837
MvSl-1064-A1-R4_A1g00957	MvSl-1064-A1-R4_A1	aMAT	1796095	1800988	5.08322307579534	-0.331606852239387	0.155236940759334	0.762595893428536	4.86673632185318	4.94782939047744	5.35963298978501	5.1064739754131
MvSl-1064-A1-R4_A1g00958	MvSl-1064-A1-R4_A1	aMAT	1834558	1837865	6.84093534886247	0.559962839633071	0.00272736410357427	0.0660199984636945	7.01459839598289	7.16921794707374	6.62012991901207	6.44347086655626
MvSl-1064-A1-R4_A1g00960	MvSl-1064-A1-R4_A1	aMAT	1872072	1874749	7.80186122038074	0.0164973059576573	0.944692074120457	0.999958419202852	7.97610842074011	7.62249968306477	7.55150413261648	8.0008407351051
MvSl-1064-A1-R4_A1g00970	MvSl-1064-A1-R4_A1	aMAT	2085727	2087119	6.78955132924306	-0.873348638123395	6.54771975611691e-06	0.000377689557857039	6.1088087657494	6.4469487129204	7.14906996094045	7.17173612764518
MvSl-1064-A1-R4_A1g00971	MvSl-1064-A1-R4_A1	aMAT	2097615	2099010	5.63924569494693	0.545396326890647	0.0258527651435698	0.310791406071417	5.57300594033605	6.14362605223953	5.5132177290049	5.14795870608137
MvSl-1064-A1-R4_A1g00972	MvSl-1064-A1-R4_A1	aMAT	2138970	2141225	6.17458799924898	1.76142274328535	6.60477960347204e-16	1.25181652569636e-13	6.5601717361156	7.00932404073721	5.05728203645357	5.02986692769226
MvSl-1064-A1-R4_A1g00997	MvSl-1064-A1-R4_A1	aMAT	1790347	1792433	6.06799219365409	2.95453030625525	2.19184852993067e-42	1.95249867046224e-39	6.83310142977781	6.9522301210457	3.81933908913801	4.06402971556765
MvSl-1064-A1-R4_A1g00998	MvSl-1064-A1-R4_A1	aMAT	1792754	1794128	4.64985595952867	-0.36983637000738	0.160624505972962	0.770296811882163	4.28418474935747	4.60399142979664	5.0110402514024	4.60344458862224
MvSl-1064-A1-R4_A1g01017	MvSl-1064-A1-R4_A1	aMAT	2082576	2084202	8.22404111201512	0.258676241305112	0.2595339407429	0.903803105605063	8.22622656621007	8.45953158451762	8.09440408368839	8.08358680219766
MvSl-1064-A1-R4_A1g01038	MvSl-1064-A1-R4_A1	aMAT	919803	924298	8.08640611884476	-2.44804904424862	9.51102765140922e-15	1.54044062397733e-12	5.87875718825833	6.77620523439407	9.07448486816108	8.56723296732445
MvSl-1064-A1-R4_A1g01129	MvSl-1064-A1-R4_A1	aMAT	1608112	1609203	6.989945421412	0.370505649507511	0.0419375595199478	0.418578881101168	7.1710020375653	7.15572450207433	6.81058521760963	6.77549029066109
MvSl-1064-A1-R4_A1g01136	MvSl-1064-A1-R4_A1	aMAT	1164814	1164982	3.70277387921649	3.95083490661759	9.00775613754826e-25	2.86575327404571e-22	4.94365281216203	4.19697604329982	0.72264963051778	0.762554685844025
MvSl-1064-A1-R4_A1g01137	MvSl-1064-A1-R4_A1	aMAT	1164529	1164771	6.62899501269224	0.636191170333576	0.00069176154068081	0.0223268543637125	6.92385733885639	6.90089398358594	6.24171283878392	6.31111787657188
MvSl-1064-A1-R4_A1g01154	MvSl-1064-A1-R4_A1	aMAT	1166037	1167381	7.30027224059932	0.0722840500311432	0.718571469749818	0.999958419202852	7.2768568705159	7.39272468526366	7.37185108752509	7.14683869412547
MvSl-1064-A1-R4_A1g01159	MvSl-1064-A1-R4_A1	aMAT	1172917	1174722	7.05077735077279	-0.337264476717181	0.0764976349503453	0.572158633197041	6.79969684219396	6.9413822577205	7.2874957332061	7.12670100640104
MvSl-1064-A1-R4_A1g01160	MvSl-1064-A1-R4_A1	aMAT	1174940	1175619	7.22014193524075	-0.323252528088729	0.0969719074871558	0.634699303376623	7.10052826559506	6.99657158935831	7.40876335376069	7.33534245216731
MvSl-1064-A1-R4_A1g01161	MvSl-1064-A1-R4_A1	aMAT	1176446	1176679	5.79356280282939	0.274503856702017	0.186166775403823	0.82016500261981	5.96492650942463	5.88267103411373	5.73969749526751	5.5550107869807
MvSl-1064-A1-R4_A1g01162	MvSl-1064-A1-R4_A1	aMAT	1176877	1180058	3.00531525336697	-5.46680016060322	8.18805696548998e-32	3.83890586571499e-29	-0.793556811367931	-1.71912154558816	4.14393672922586	3.72339876052355
MvSl-1064-A1-R4_A1g01163	MvSl-1064-A1-R4_A1	aMAT	1183296	1185232	3.95701026938193	-3.61809830778806	9.11110565122727e-29	3.52877083222316e-26	1.3490653228404	1.17761919517806	4.7739781544508	4.88794595161043
MvSl-1064-A1-R4_A1g01173	MvSl-1064-A1-R4_A1	aMAT	2516666	2518918	7.3309171558268	-0.243338540920098	0.218229520762229	0.855809159841904	7.25388379279571	7.15259262575193	7.38963973203875	7.50276514477468
MvSl-1064-A1-R4_A1g01184	MvSl-1064-A1-R4_A1	aMAT	2141875	2142896	7.35177182667547	-0.485461094426326	0.0153405619883354	0.222201180800149	6.98942226564628	7.18156240441408	7.61269779946455	7.53403837696884
MvSl-1064-A1-R4_A1g01189	MvSl-1064-A1-R4_A1	aMAT	904475	905581	7.10690934610784	-0.517444208355676	0.0113152817482623	0.180638942318138	7.00924037344765	6.61413517144326	7.33233528814477	7.35197833539462
MvSl-1064-A1-R4_A1g01212	MvSl-1064-A1-R4_A1	aMAT	1185421	1186806	3.68478415072871	1.98008134205863	2.2995062229492e-07	1.65193559951866e-05	4.81308165238509	3.70406096136346	2.46773403045342	2.33093994484671
MvSl-1064-A1-R4_A1g01219	MvSl-1064-A1-R4_A1	aMAT	2503758	2506154	11.2476952559751	0.90240438609968	0.0193005332397871	0.256994245291515	11.5158912918951	11.7347533423583	10.9886279507226	10.407430744979
MvSl-1064-A1-R4_A1g01227	MvSl-1064-A1-R4_A1	aMAT	2725136	2725813	7.51430684188607	0.282165255986778	0.310302409414868	0.945084765505755	7.22541363348676	7.97519362486906	7.63805491461273	7.03167677215585
MvSl-1064-A1-R4_A1g01252	MvSl-1064-A1-R4_A1	aMAT	471540	472718	7.07587299484827	-0.196291943303698	0.290123261638585	0.939446751972562	6.96379897781794	6.98487981462209	7.18482816456475	7.15611013866784
MvSl-1064-A1-R4_A1g01261	MvSl-1064-A1-R4_A1	aMAT	2570487	2572532	10.6590402717022	2.08306420383073	5.53475788500043e-09	4.78675953782367e-07	11.2400846760929	11.4584155651942	9.08592606232918	9.43407343227842
MvSl-1064-A1-R4_A1g01271	MvSl-1064-A1-R4_A1	aMAT	2557552	2558488	7.83479835248642	0.50272432454752	0.0492583071018837	0.452830753006791	7.75634970434223	8.31807092834797	7.77037357262736	7.31809954922776
MvSl-1064-A1-R4_A1g01272	MvSl-1064-A1-R4_A1	aMAT	2568240	2569874	9.2456699780809	-0.12717276984101	0.677980484811606	0.999958419202852	8.91170423380521	9.40728614540245	9.55260889881684	9.01286585375252
MvSl-1064-A1-R4_A1g01288	MvSl-1064-A1-R4_A1	aMAT	1156584	1158695	4.56884374065588	0.255293136064825	0.376678730588651	0.985153677522191	4.43032660574077	4.91123518748704	4.69224347099857	4.12573619228988
MvSl-1064-A1-R4_A1g01290	MvSl-1064-A1-R4_A1	aMAT	1153924	1156082	5.49401017012976	-0.0864691264978293	0.68466800984848	0.999958419202852	5.41810046345894	5.48138443585813	5.43161548482285	5.63410954173803
MvSl-1064-A1-R4_A1g01347	MvSl-1064-A1-R4_A1	aMAT	2816107	2817007	6.92006136598164	-1.10086985403714	3.46713677593515e-09	3.11972266666973e-07	6.33027323815765	6.20134592847887	7.30468266844124	7.42704484192269
MvSl-1064-A1-R4_A1g01348	MvSl-1064-A1-R4_A1	aMAT	2817417	2818269	7.38586435705897	-0.153025609346111	0.438375440655399	0.999958419202852	7.31740481748982	7.2971619897229	7.50981964265161	7.40893208999559
MvSl-1064-A1-R4_A1g01350	MvSl-1064-A1-R4_A1	aMAT	2835849	2836868	6.01078614475089	0.145950771156084	0.45662086192095	0.999958419202852	6.03456396411327	6.12776505734057	5.99342679709123	5.87662023171521
MvSl-1064-A1-R4_A1g01351	MvSl-1064-A1-R4_A1	aMAT	2851861	2852673	10.2007273050467	0.0698214153422044	0.824838505974026	0.999958419202852	10.241317689373	10.229089373104	10.2614883550581	10.0624531105645
MvSl-1064-A1-R4_A1g01366	MvSl-1064-A1-R4_A1	aMAT	1151741	1153580	6.34368663772483	0.0716358126680046	0.696642343134629	0.999958419202852	6.41194831752903	6.34545735121637	6.34095031827275	6.27327477710979
MvSl-1064-A1-R4_A1g01367	MvSl-1064-A1-R4_A1	aMAT	1150800	1151468	4.61642144261748	-0.360021701180448	0.156643833175074	0.76357306196224	4.59516140823396	4.23300587823382	4.80965273407915	4.75757803620595
MvSl-1064-A1-R4_A1g01368	MvSl-1064-A1-R4_A1	aMAT	1148624	1150396	6.05312647324663	0.20062964817019	0.415737788614051	0.999958419202852	6.43788177021194	5.79030858477787	5.73599396146294	6.13569766622621
MvSl-1064-A1-R4_A1g01369	MvSl-1064-A1-R4_A1	aMAT	1144687	1148015	9.07781542980283	-0.615115419443242	0.0258334278510803	0.310791406071417	8.69058312042523	8.78336372055649	9.53717427114735	9.14119932748034
MvSl-1064-A1-R4_A1g01384	MvSl-1064-A1-R4_A1	aMAT	1761367	1764288	7.78333308207343	0.957219371976048	4.63045291820035e-06	0.000274987163968858	8.14929034779233	8.21800090974792	7.2611104928557	7.19261133437548
MvSl-1064-A1-R4_A1g01385	MvSl-1064-A1-R4_A1	aMAT	1745782	1746129	4.98182068019691	-0.108222876826289	0.681852969351193	0.999958419202852	4.7140988720441	5.11161359685837	5.25310494880136	4.77693892973886
MvSl-1064-A1-R4_A1g01388	MvSl-1064-A1-R4_A1	aMAT	468377	470856	5.44225503944372	-0.405275717499041	0.167606891766864	0.781615122913872	4.66345528988873	5.62840396487722	5.78101957950322	5.46088575003828
MvSl-1064-A1-R4_A1g01389	MvSl-1064-A1-R4_A1	aMAT	427406	429655	6.71942939373086	0.424743351463266	0.0435269671520026	0.425618247409483	6.70713137907644	7.0988258770331	6.65454229355559	6.30862565299698
MvSl-1064-A1-R4_A1g01392	MvSl-1064-A1-R4_A1	aMAT	357937	361103	5.61710574413742	0.221441848212345	0.325095640500338	0.954006240622333	5.47102780977476	5.93829006844114	5.57533109779307	5.42605231556354
MvSl-1064-A1-R4_A1g01406	MvSl-1064-A1-R4_A1	aMAT	2500697	2501425	11.2452701958953	0.843617030265832	0.0225114885965348	0.286474772025617	11.4331710998482	11.7608253325776	10.7332389212266	10.7915663867702
MvSl-1064-A1-R4_A1g01407	MvSl-1064-A1-R4_A1	aMAT	2246376	2250905	6.77267363587305	0.376756806817499	0.0371921710066342	0.395827788921264	6.97116647227236	6.92617917072407	6.58212880030435	6.56260532608219
MvSl-1064-A1-R4_A1g01415	MvSl-1064-A1-R4_A1	aMAT	406221	406733	6.86145461261478	-0.393851400105058	0.0416500364687792	0.418578881101168	6.68937338311726	6.6118565044531	7.19924560584013	6.87148682755682
MvSl-1064-A1-R4_A1g01431	MvSl-1064-A1-R4_A1	aMAT	1769429	1769832	6.81964758071753	-0.0596902112969284	0.768943255641883	0.999958419202852	6.94832811674232	6.61109614829971	6.6746735153738	7.00473002877361
MvSl-1064-A1-R4_A1g01432	MvSl-1064-A1-R4_A1	aMAT	1786241	1788119	4.7974067590908	-1.15963539548225	2.86930264177486e-05	0.00146895103062819	4.39789156391081	3.73788970527857	5.34997352886879	5.16459180062604
MvSl-1064-A1-R4_A1g01440	MvSl-1064-A1-R4_A1	aMAT	3215913	3218813	6.95228582581608	-0.0419390925635126	0.821458412384862	0.999958419202852	7.01934443445619	6.83729785442112	6.992321329633	6.95353815145387
MvSl-1064-A1-R4_A1g01441	MvSl-1064-A1-R4_A1	aMAT	3219240	3221354	6.2232918702212	0.0383086349278671	0.836550234379018	0.999958419202852	6.26682994128234	6.21742187992618	6.216242064063	6.19177146494545
MvSl-1064-A1-R4_A1g01444	MvSl-1064-A1-R4_A1	aMAT	3224048	3225965	11.2072241213379	-0.0632067319986562	0.861143161148216	0.999958419202852	11.075806201098	11.2683230782167	11.2676704564853	11.2086833516152
MvSl-1064-A1-R4_A1g01445	MvSl-1064-A1-R4_A1	aMAT	3226394	3229199	7.45130901503878	-0.0365020148488166	0.861202843820553	0.999958419202852	7.57240151861863	7.27860705084509	7.40254673559672	7.53332701279134
MvSl-1064-A1-R4_A1g01447	MvSl-1064-A1-R4_A1	aMAT	3231159	3234807	6.08549230527906	-0.141031684000185	0.490922449977296	0.999958419202852	6.02751399005135	5.99883690048351	5.96628681680899	6.32021937158735
MvSl-1064-A1-R4_A1g01450	MvSl-1064-A1-R4_A1	aMAT	3239229	3242046	4.79029445909909	-0.140798154751891	0.593590413249789	0.999958419202852	4.82938860788906	4.59786394577889	4.5755207022368	5.09494981525883
MvSl-1064-A1-R4_A1g01451	MvSl-1064-A1-R4_A1	aMAT	3242237	3243945	5.38731488794947	0.00399082915125898	0.985873181631614	0.999958419202852	5.24048007968247	5.52401776210504	5.47669692884015	5.28780304523164
MvSl-1064-A1-R4_A1g01453	MvSl-1064-A1-R4_A1	aMAT	3245830	3247989	7.95071170616801	-0.485091207971924	0.0259908698208319	0.311610589991885	7.6074952999807	7.76397999648631	8.25527119035748	8.08528647982172
MvSl-1064-A1-R4_A1g01458	MvSl-1064-A1-R4_A1	aMAT	3251205	3254042	6.64762710313126	0.112703934419169	0.544219575900597	0.999958419202852	6.69975875949678	6.70601578509145	6.59853771139037	6.58199727236615
MvSl-1064-A1-R4_A1g01460	MvSl-1064-A1-R4_A1	aMAT	3259899	3261228	6.95051420853226	-0.108500821663793	0.566319220242774	0.999958419202852	6.7962443143879	6.98781165325626	7.08500581293707	6.9174640021155
MvSl-1064-A1-R4_A1g01461	MvSl-1064-A1-R4_A1	aMAT	3261448	3262668	6.26727154492203	0.00737838487276538	0.968659378334873	0.999958419202852	6.19942266379788	6.33904289396412	6.24084198120839	6.28599975806335
MvSl-1064-A1-R4_A1g01462	MvSl-1064-A1-R4_A1	aMAT	3263169	3264801	7.45945585855245	0.261111031368894	0.201970456508497	0.836952696190881	7.53270306526281	7.63377404318165	7.42572220639991	7.21274455940467
MvSl-1064-A1-R4_A1g01466	MvSl-1064-A1-R4_A1	aMAT	3273914	3276841	6.568804473196	-0.0803401936677486	0.701351901073931	0.999958419202852	6.73913064479932	6.2809485130087	6.53885455732279	6.67458476554766
MvSl-1064-A1-R4_A1g01467	MvSl-1064-A1-R4_A1	aMAT	3277429	3279145	5.68196557367633	-0.0673441127114442	0.751086659217184	0.999958419202852	5.7703176600648	5.51429053089728	5.73969749526751	5.69007348552605
MvSl-1064-A1-R4_A1g01468	MvSl-1064-A1-R4_A1	aMAT	3279617	3281427	5.67505259391682	-0.223213305882832	0.294341404159924	0.940149944012569	5.6772863855558	5.43057373223845	5.72731522942315	5.83450759881467
MvSl-1064-A1-R4_A1g01470	MvSl-1064-A1-R4_A1	aMAT	3284420	3286879	5.67500214838496	0.198377479950982	0.444888252116361	0.999958419202852	5.42705763100192	6.04798312121664	5.78938210202415	5.31785553404182
MvSl-1064-A1-R4_A1g01471	MvSl-1064-A1-R4_A1	aMAT	3289330	3291290	6.69319979437724	0.0133834416404223	0.941564721022038	0.999958419202852	6.6668640233056	6.73212678817997	6.70466908853457	6.66811856540699
MvSl-1064-A1-R4_A1g01472	MvSl-1064-A1-R4_A1	aMAT	3291750	3292872	5.80306821152306	0.0801603597080558	0.710854157287566	0.999958419202852	5.68028627487034	5.98833513932659	5.84316190449794	5.6772509999441
MvSl-1064-A1-R4_A1g01473	MvSl-1064-A1-R4_A1	aMAT	3293435	3294595	7.90228768508858	-0.0673371259188746	0.784046653855139	0.999958419202852	7.57723759867799	8.11019986845913	8.09392191057035	7.75759178322499
MvSl-1064-A1-R4_A1g01476	MvSl-1064-A1-R4_A1	aMAT	3299543	3301627	4.44265514658498	-0.162510547928055	0.530404146815463	0.999958419202852	4.45505917524922	4.25653538976034	4.40874809152925	4.62497227130276
MvSl-1064-A1-R4_A1g01477	MvSl-1064-A1-R4_A1	aMAT	3302338	3304876	7.07728598517947	0.0910243299635147	0.63192414230581	0.999958419202852	7.088722794328	7.15468129854428	7.126144584445	6.92940899376574
MvSl-1064-A1-R4_A1g01485	MvSl-1064-A1-R4_A1	aMAT	3318298	3320270	6.85516192792333	0.200082739656739	0.317157549923058	0.950853858775511	6.74343970320131	7.1336572347872	6.82982425646684	6.66941412604904
MvSl-1064-A1-R4_A1g01486	MvSl-1064-A1-R4_A1	aMAT	3320827	3323669	6.15295165881619	-0.281833757463826	0.185991433460522	0.82016500261981	6.16557073657714	5.82482148647735	6.10578746964946	6.44725223668576
MvSl-1064-A1-R4_A1g01487	MvSl-1064-A1-R4_A1	aMAT	3323907	3326513	9.37957635454221	0.54463488291319	0.0783115448217072	0.577456607240883	9.30074993912266	9.89182441796284	9.25923976966766	8.87942814622044
MvSl-1064-A1-R4_A1g01488	MvSl-1064-A1-R4_A1	aMAT	3327895	3332234	9.57232453883705	-0.514368775803522	0.0684163800162282	0.536018569203659	9.27406751560948	9.31037513354328	9.80698882860392	9.80629474897402
MvSl-1064-A1-R4_A1g01489	MvSl-1064-A1-R4_A1	aMAT	3332557	3333382	6.07752312118571	-0.0518835845915134	0.803900824314934	0.999958419202852	5.87614321304069	6.20739542198099	6.21535569020979	5.98152001352981
MvSl-1064-A1-R4_A1g01497	MvSl-1064-A1-R4_A1	aMAT	3352840	3353961	5.31715104114603	-0.217250175879593	0.319550550290417	0.951416353825256	5.20758887050072	5.20123865426858	5.44679969514217	5.39506328974289
MvSl-1064-A1-R4_A1g01498	MvSl-1064-A1-R4_A1	aMAT	3354193	3355369	5.01186035946466	-0.0687535098019596	0.769256884377763	0.999958419202852	4.96102494744493	4.99288808860976	5.14740342817428	4.93610326396417
MvSl-1064-A1-R4_A1g01500	MvSl-1064-A1-R4_A1	aMAT	3362914	3366464	7.91140052684647	0.066253855666206	0.756774671548077	0.999958419202852	8.02176112478044	7.86214927784982	7.81844671626887	7.93503859928279
MvSl-1064-A1-R4_A1g01501	MvSl-1064-A1-R4_A1	aMAT	3366984	3368475	6.26949092265432	-0.0198180102773538	0.920059363107409	0.999958419202852	6.11325524448197	6.39223520711732	6.36832160536319	6.18454051374027
MvSl-1064-A1-R4_A1g01502	MvSl-1064-A1-R4_A1	aMAT	3368989	3374123	7.07350315905451	0.116427332868029	0.57317244982474	0.999958419202852	7.2931150788153	6.94741891561518	6.86416026453258	7.15009048159589
MvSl-1064-A1-R4_A1g01508	MvSl-1064-A1-R4_A1	aMAT	3383505	3385066	7.6831117820321	0.410649458161045	0.0482878239736135	0.448632973441298	7.76732396512213	7.97312392781868	7.46204558833139	7.46484222213218
MvSl-1064-A1-R4_A1g01509	MvSl-1064-A1-R4_A1	aMAT	3385519	3388997	6.05918177704539	0.123501930848028	0.606310096493061	0.999958419202852	6.42809973972178	5.72714847365382	5.95252293503175	6.03877991205104
