gene	logFC	FDR
1	MvSl-1064-A1-R4_A1g00021	1.51409448514308	7.50723361659063e-08
2	MvSl-1064-A1-R4_A1g00078	0.994579565995959	0.00397020148602942
3	MvSl-1064-A1-R4_A1g00079	1.64719802954929	7.95667880543292e-08
4	MvSl-1064-A1-R4_A1g00080	1.36180363566686	8.67213076302195e-08
5	MvSl-1064-A1-R4_A1g00081	2.86252310336993	8.16958068934906e-26
6	MvSl-1064-A1-R4_A1g00107	2.47124817063347	3.52200752654611e-06
7	MvSl-1064-A1-R4_A1g00209	1.27524512195404	1.07811831596651e-07
8	MvSl-1064-A1-R4_A1g01253	0.883920257920335	0.00134978393040205
9	MvSl-1064-A1-R4_A1g00800	0.846571443694008	0.000546173370713037
10	MvSl-1064-A1-R4_A1g00641	2.24131478981213	1.09532599495502e-08
11	MvSl-1064-A1-R4_A1g00165	0.648642331575889	0.0399646583093915
12	MvSl-1064-A1-R4_A1g00254	1.93412253005848	2.81718658571296e-10
13	MvSl-1064-A1-R4_A1g00400	1.0720200361893	0.00661584620173841
14	MvSl-1064-A1-R4_A1g00624	0.808088471763115	0.00388653413839741
15	MvSl-1064-A1-R4_A1g00594	1.18899212520619	7.82871805120572e-05
16	MvSl-1064-A1-R4_A1g00635	3.59765044110069	1.17039015358012e-17
17	MvSl-1064-A1-R4_A1g00270	1.14658198215634	2.22850462349984e-05
18	MvSl-1064-A1-R4_A1g00292	0.909844551093575	0.000296534187250124
19	MvSl-1064-A1-R4_A1g01137	0.636191170333576	0.0223268543637125
20	MvSl-1064-A1-R4_A1g01136	3.95083490661759	2.86575327404571e-22
21	MvSl-1064-A1-R4_A1g01212	1.98008134205863	1.65193559951866e-05
22	MvSl-1064-A1-R4_A1g00522	4.65808951563058	3.82751285658218e-14
23	MvSl-1064-A1-R4_A1g00668	5.49597304172742	3.09106772575875e-100
24	MvSl-1064-A1-R4_A1g00312	3.50629370671791	1.31741847342085e-31
25	MvSl-1064-A1-R4_A1g00644	1.3207337051043	6.71285112823698e-06
26	MvSl-1064-A1-R4_A1g00163	2.30698618271007	1.78241673517113e-06
27	MvSl-1064-A1-R4_A1g01359	0.921473077031638	0.00229771188442252
28	MvSl-1064-A1-R4_A1g00853	1.60202969465559	5.80198014725939e-13
29	MvSl-1064-A1-R4_A1g01384	0.957219371976048	0.000274987163968858
30	MvSl-1064-A1-R4_A1g00997	2.95453030625525	1.95249867046224e-39
31	MvSl-1064-A1-R4_A1g00972	1.76142274328535	1.25181652569636e-13
32	MvSl-1064-A1-R4_A1g01261	2.08306420383073	4.78675953782367e-07
33	MvSl-1064-A1-R4_A1g00154	1.19990710717855	4.57335036937718e-05
34	MvSl-1064-A1-R4_A1g00516	0.995708514690732	0.00433062178461439
35	MvSl-1064-A1-R4_A1g00646	1.50964723349858	8.67213076302195e-08
36	MvSl-1064-A1-R4_A1g01164	0.771436125356979	0.0056286490585501
37	MvSl-1064-A1-R4_A1g00920	0.945533516235328	0.00120880603683284
38	MvSl-1064-A1-R4_A1g00495	2.06770355586782	2.44368963534037e-24
39	MvSl-1064-A1-R4_MC06g07033	2.93518343902903	1.67627343755545e-11
40	MvSl-1064-A1-R4_MC12g11286	1.59814860796678	3.97232493703769e-09
41	MvSl-1064-A1-R4_MC01-1g01952	0.612699942965943	0.0423722022141293
42	MvSl-1064-A1-R4_MC01-1g02022	1.01427252193341	0.0150254740124405
43	MvSl-1064-A1-R4_MC01-1g02161	1.6143253815741	0.00177948240646872
44	MvSl-1064-A1-R4_MC01-1g02176	1.70690576953784	4.34085123963052e-09
45	MvSl-1064-A1-R4_MC01-1g02598	2.02519603590215	0.00419988523138426
46	MvSl-1064-A1-R4_MC01-1g02603	0.996392695186873	0.0479486118605412
47	MvSl-1064-A1-R4_MC01-1g02785	1.81025775398997	0.000410874627750407
48	MvSl-1064-A1-R4_MC01-1g02837	1.87941961144806	3.15200665033416e-07
49	MvSl-1064-A1-R4_MC01-1g02869	5.23662639047278	5.31574243320694e-09
50	MvSl-1064-A1-R4_MC01-1g02870	3.4212633127282	2.12324918305017e-06
51	MvSl-1064-A1-R4_MC01-2g03113	1.19574608313116	0.00786223564532831
52	MvSl-1064-A1-R4_MC01-2g03166	3.8248128880543	3.61218785291306e-11
53	MvSl-1064-A1-R4_MC02g03224	0.829492030686843	0.0424947358295709
54	MvSl-1064-A1-R4_MC02g03484	1.08084307440932	0.0055327252232751
55	MvSl-1064-A1-R4_MC02g03498	2.37714819502237	2.02757426670798e-08
56	MvSl-1064-A1-R4_MC03g04642	1.07079693085493	2.24438194696826e-05
57	MvSl-1064-A1-R4_MC03g04747	0.842917789884051	0.00555801880452172
58	MvSl-1064-A1-R4_MC03g04807	2.13155799551768	1.55374553943115e-07
59	MvSl-1064-A1-R4_MC03g04844	1.47510513356149	0.000178811532869524
60	MvSl-1064-A1-R4_MC03g04845	1.4869825572436	4.85836259040408e-12
61	MvSl-1064-A1-R4_MC03g04929	1.53914510062594	2.74836701607853e-05
62	MvSl-1064-A1-R4_MC03g05082	1.76462838833369	6.4432031508381e-05
63	MvSl-1064-A1-R4_MC03g05154	1.27273254416559	6.10375981408296e-08
64	MvSl-1064-A1-R4_MC03g05159	1.07779878950115	3.06022300005051e-06
65	MvSl-1064-A1-R4_MC03g05233	1.26986543578312	1.5241829720223e-09
66	MvSl-1064-A1-R4_MC03g05235	1.7659332110009	6.71285112823698e-06
67	MvSl-1064-A1-R4_MC04-1g05310	0.703831783537142	0.0476744159499468
68	MvSl-1064-A1-R4_MC04-1g05373	0.623684676508805	0.0439488000010752
69	MvSl-1064-A1-R4_MC04-1g05411	3.87394131480699	2.01397918483055e-20
70	MvSl-1064-A1-R4_MC04-1g05441	0.664901010940451	0.0319172045191902
71	MvSl-1064-A1-R4_MC04-1g05502	3.2736429012965	3.39461159415738e-12
72	MvSl-1064-A1-R4_MC04-1g05729	0.804899346647012	0.00585467964531683
73	MvSl-1064-A1-R4_MC04-1g05865	0.797419697558942	0.00807782525599385
74	MvSl-1064-A1-R4_MC04-1g05911	1.89302608740147	0.0044179516677125
75	MvSl-1064-A1-R4_MC04-1g05945	0.84875161925792	0.0251884745846839
76	MvSl-1064-A1-R4_MC04-1g05987	1.29745721479352	0.001337598274574
77	MvSl-1064-A1-R4_MC05-1g06149	0.680708917123863	0.0299746967868194
78	MvSl-1064-A1-R4_MC05-1g06212	3.28578924595336	3.17653879344127e-28
79	MvSl-1064-A1-R4_MC05-2g06430	0.937505774280328	0.0136708839447537
80	MvSl-1064-A1-R4_MC05-2g06432	1.98532349812941	7.4034915614383e-13
81	MvSl-1064-A1-R4_MC05-3g06511	1.32277700633424	0.0022886668903157
82	MvSl-1064-A1-R4_MC05-3g06513	1.21636149270992	0.00537051972715664
83	MvSl-1064-A1-R4_MC05-3g06514	1.11981521224292	0.000377689557857039
84	MvSl-1064-A1-R4_MC05-3g06515	1.15710190864823	0.00680924577213753
85	MvSl-1064-A1-R4_MC05-3g06516	0.75447327280513	0.0417612174117047
86	MvSl-1064-A1-R4_MC05-3g06517	1.04132479426921	0.000234809084403764
87	MvSl-1064-A1-R4_MC05-3g06518	1.07563613576318	0.000130811233644838
88	MvSl-1064-A1-R4_MC05-3g06519	0.99468536781328	0.00555801880452172
89	MvSl-1064-A1-R4_MC05-3g06520	1.35437751654064	4.85519978973746e-06
90	MvSl-1064-A1-R4_MC05-3g06707	1.0365632191192	5.42755858865374e-06
91	MvSl-1064-A1-R4_MC06g06896	1.01442842786391	3.05424873655164e-05
92	MvSl-1064-A1-R4_MC06g06944	1.9828512257197	0.00020133450529582
93	MvSl-1064-A1-R4_MC06g06945	2.9508269319495	7.68440183694359e-13
94	MvSl-1064-A1-R4_MC06g06946	2.60955455156655	2.86172143940244e-34
95	MvSl-1064-A1-R4_MC06g06947	2.99214174530755	2.50454560635983e-38
96	MvSl-1064-A1-R4_MC06g07136	1.42766996902994	1.1355711888264e-10
97	MvSl-1064-A1-R4_MC06g07137	4.9614362376576	1.55283249975524e-45
98	MvSl-1064-A1-R4_MC06g07298	0.789319846822894	0.00120880603683284
99	MvSl-1064-A1-R4_MC06g07412	1.99533336646485	2.71242658493105e-05
100	MvSl-1064-A1-R4_MC06g07419	0.847864364958502	0.0417612174117047
101	MvSl-1064-A1-R4_MC07g07855	0.843074327829665	0.00326022501710856
102	MvSl-1064-A1-R4_MC07g07981	0.812984352373353	0.0302901892348919
103	MvSl-1064-A1-R4_MC07g08057	1.07689215512294	0.0031524067873455
104	MvSl-1064-A1-R4_MC07g08097	1.42269813421156	3.78481396390419e-05
105	MvSl-1064-A1-R4_MC07g08104	0.8189352710305	0.0196515503263323
106	MvSl-1064-A1-R4_MC07g08138	0.830411176071576	0.00732930594140694
107	MvSl-1064-A1-R4_MC07g08235	5.63747020586569	5.03755173418909e-57
108	MvSl-1064-A1-R4_MC08g08318	2.38626528606108	2.28029762609482e-07
109	MvSl-1064-A1-R4_MC08g08647	2.58167902792748	3.64957562784867e-24
110	MvSl-1064-A1-R4_MC08g08665	1.58105826808999	9.45957043800355e-11
111	MvSl-1064-A1-R4_MC09-2g08945	1.9807532888904	0.00015701665127764
112	MvSl-1064-A1-R4_MC09-2g09215	1.413346670887	5.76602742080493e-07
113	MvSl-1064-A1-R4_MC09-2g09232	1.69231699448802	1.12201776584788e-06
114	MvSl-1064-A1-R4_MC09-2g09340	0.703577393384905	0.0251317424424102
115	MvSl-1064-A1-R4_MC10-1g09620	1.10804641603316	0.0136708839447537
116	MvSl-1064-A1-R4_MC10-1g09718	0.784862468399961	0.021400501959658
117	MvSl-1064-A1-R4_MC10-1g09733	1.24401964833127	0.0168876101348601
118	MvSl-1064-A1-R4_MC10-1g09734	1.01224409985496	0.00273754002134132
119	MvSl-1064-A1-R4_MC10-1g09785	1.84110698592269	0.00066785742487994
120	MvSl-1064-A1-R4_MC10-1g09814	1.8843143193421	2.42501475669152e-07
121	MvSl-1064-A1-R4_MC10-2g09885	3.67682850675029	3.94239103199627e-22
122	MvSl-1064-A1-R4_MC10-2g09933	3.78162484729256	8.51333595605716e-21
123	MvSl-1064-A1-R4_MC10-2g10026	0.610271596330954	0.0290689832066384
124	MvSl-1064-A1-R4_MC10-2g10098	1.14433992624399	0.00401627742066482
125	MvSl-1064-A1-R4_MC11g10198	1.17987226499573	6.61471457868292e-07
126	MvSl-1064-A1-R4_MC11g10594	1.17100993956613	0.0206435379296888
127	MvSl-1064-A1-R4_MC11g10618	1.8694174128568	0.0131747328219752
128	MvSl-1064-A1-R4_MC11g10688	1.57218568524949	0.0256390046882494
129	MvSl-1064-A1-R4_MC12g10761	1.28677449556131	0.0327034978689913
130	MvSl-1064-A1-R4_MC12g10810	3.06778641890712	1.88224518965999e-16
131	MvSl-1064-A1-R4_MC12g10849	1.85498075087769	7.93600041633008e-07
132	MvSl-1064-A1-R4_MC12g10990	1.14606185616361	0.0231280494425719
133	MvSl-1064-A1-R4_MC13g11330	0.743834964759245	0.00807782525599385
134	MvSl-1064-A1-R4_MC13g11331	2.28234636472811	4.89180687672181e-16
135	MvSl-1064-A1-R4_MC13g11429	7.31749550149564	3.70297135038427e-55
136	MvSl-1064-A1-R4_MC13g11645	0.961665249367034	0.0114941971580081
137	MvSl-1064-A1-R4_MC14g11845	1.890821084962	8.50989701066397e-18
138	MvSl-1064-A1-R4_MC14g11898	1.90111057923671	3.65184793102395e-06
139	MvSl-1064-A1-R4_MC15g12029	0.76039176248441	0.0286930291151992
140	MvSl-1064-A1-R4_MC15g12082	1.79083788547916	0.000645355798945156
