gene	logFC	FDR
1	MvSl-1064-A2-R4_A2g00040	1.74607166109932	0.00179385828509736
2	MvSl-1064-A2-R4_A2g00050	0.769164818894026	0.0250762231809798
3	MvSl-1064-A2-R4_A2g00087	1.37188114836726	0.00917398177332584
4	MvSl-1064-A2-R4_A2g00106	1.37188113985987	0.00917398177332584
5	MvSl-1064-A2-R4_A2g00116	2.29322851344642	3.09885196377886e-05
6	MvSl-1064-A2-R4_A2g00120	0.505294161445981	0.0419315420168899
7	MvSl-1064-A2-R4_A2g00122	2.35445884683929	1.46994428139414e-09
8	MvSl-1064-A2-R4_A2g00132	1.46190253702538	0.000634246393741535
9	MvSl-1064-A2-R4_A2g00133	1.08081565196308	0.0018365964454476
10	MvSl-1064-A2-R4_A2g00135	1.18517942843721	0.00171239507222509
11	MvSl-1064-A2-R4_A2g00136	0.84439095576534	0.0281834221240922
12	MvSl-1064-A2-R4_A2g00139	2.08496449438052	0.000208324182593828
13	MvSl-1064-A2-R4_A2g00140	1.28022603125371	1.28953610393291e-05
14	MvSl-1064-A2-R4_A2g00141	0.805824885068145	0.0462994224796873
15	MvSl-1064-A2-R4_A2g00142	2.48773537918844	4.74724267931914e-09
16	MvSl-1064-A2-R4_A2g00150	1.69647788897167	3.63755983700791e-08
17	MvSl-1064-A2-R4_A2g00152	1.19687640578896	0.00873258706743138
18	MvSl-1064-A2-R4_A2g00155	2.68803585909522	1.01626215039833e-29
19	MvSl-1064-A2-R4_A2g00156	2.76650030319258	4.29989738864124e-06
20	MvSl-1064-A2-R4_A2g00157	3.00333119296892	2.95994102665051e-06
21	MvSl-1064-A2-R4_A2g00158	2.13075748314177	2.8446909976684e-13
22	MvSl-1064-A2-R4_A2g00159	2.06861810263981	0.00164989600464099
23	MvSl-1064-A2-R4_A2g00164	0.875382862925677	0.000320301854109196
24	MvSl-1064-A2-R4_A2g00167	2.31579779818702	1.0159322561447e-05
25	MvSl-1064-A2-R4_A2g00168	1.08760363196985	0.0115618506037134
26	MvSl-1064-A2-R4_A2g00170	1.05587572822648	0.000539780906799941
27	MvSl-1064-A2-R4_A2g00171	1.10862590019127	6.80271893706233e-05
28	MvSl-1064-A2-R4_A2g00173	1.7771848395617	2.56260594979628e-09
29	MvSl-1064-A2-R4_A2g00174	2.31204694233234	5.61125526644742e-26
30	MvSl-1064-A2-R4_A2g00176	2.8112428736648	2.5234933638049e-30
31	MvSl-1064-A2-R4_A2g00178	1.02454505853684	7.65261236668917e-05
32	MvSl-1064-A2-R4_A2g00184	1.23959634106001	2.52430761498508e-05
33	MvSl-1064-A2-R4_A2g00187	1.45144458305495	1.76759934049091e-06
34	MvSl-1064-A2-R4_A2g00189	1.5145350068236	3.8886346240693e-07
35	MvSl-1064-A2-R4_A2g00190	1.80338841520145	8.49862344823618e-05
36	MvSl-1064-A2-R4_A2g00192	1.26327090540247	0.0316400124697663
37	MvSl-1064-A2-R4_A2g00193	2.12656526795347	2.76164584390541e-10
38	MvSl-1064-A2-R4_A2g00194	1.87451865294024	4.19798362026343e-05
39	MvSl-1064-A2-R4_A2g00199	1.98554505121621	6.88850771482082e-13
40	MvSl-1064-A2-R4_A2g00200	0.88498003929407	0.00171752302941451
41	MvSl-1064-A2-R4_A2g00201	1.12624829833977	1.46455895861848e-07
42	MvSl-1064-A2-R4_A2g00202	1.28772197703161	0.00244410716703821
43	MvSl-1064-A2-R4_A2g00215	2.21699002870329	2.44703364767824e-23
44	MvSl-1064-A2-R4_A2g00219	1.32599761249224	0.0193347858517696
45	MvSl-1064-A2-R4_A2g00222	1.56418649497197	0.00288118746247799
46	MvSl-1064-A2-R4_A2g00226	1.11594009639075	3.01332486004965e-05
47	MvSl-1064-A2-R4_A2g00227	1.86843601992689	0.00030383187019022
48	MvSl-1064-A2-R4_A2g00235	0.778247882452442	0.000640551012443709
49	MvSl-1064-A2-R4_A2g00236	1.21403364064008	2.95698687709376e-07
50	MvSl-1064-A2-R4_A2g00237	0.83594781047165	0.0226955708876713
51	MvSl-1064-A2-R4_A2g00240	1.19313459722373	2.94553961505938e-06
52	MvSl-1064-A2-R4_A2g00242	1.23252050086637	0.00129677602887107
53	MvSl-1064-A2-R4_A2g00246	1.14907199181712	4.30545137958663e-06
54	MvSl-1064-A2-R4_A2g00269	2.18911036791224	0.000786899061351184
55	MvSl-1064-A2-R4_A2g00273	0.973742463456861	0.00797089580573809
56	MvSl-1064-A2-R4_A2g00278	2.33773263596366	1.30420678905643e-05
57	MvSl-1064-A2-R4_A2g00282	1.63174243323813	0.00015453887867904
58	MvSl-1064-A2-R4_A2g00283	1.60716123968017	1.8454896105687e-06
59	MvSl-1064-A2-R4_A2g00286	1.81494788379341	0.00109293652417895
60	MvSl-1064-A2-R4_A2g00288	1.79988746305005	0.00249273946374603
61	MvSl-1064-A2-R4_A2g00297	1.40758962198868	5.90667556320722e-11
62	MvSl-1064-A2-R4_A2g00299	0.673113965511242	0.00795618063881222
63	MvSl-1064-A2-R4_A2g00306	0.806503846599985	0.00233393895292055
64	MvSl-1064-A2-R4_A2g00308	0.905423419687635	0.00044373255197246
65	MvSl-1064-A2-R4_A2g00311	0.804939472229064	0.00719964040284214
66	MvSl-1064-A2-R4_A2g00312	1.04958647832396	0.000535640820721793
67	MvSl-1064-A2-R4_A2g00314	0.703721547493572	0.000872900500150198
68	MvSl-1064-A2-R4_A2g00316	1.07666813901689	6.70213966271941e-06
69	MvSl-1064-A2-R4_A2g00319	1.90174084151472	1.66795843320068e-05
70	MvSl-1064-A2-R4_A2g00324	0.870520494752348	0.000126906329014497
71	MvSl-1064-A2-R4_A2g00325	1.50674905536999	9.49808506191168e-14
72	MvSl-1064-A2-R4_A2g00326	1.38146817201325	6.01661440170096e-05
73	MvSl-1064-A2-R4_A2g00327	0.626843900740678	0.0341629601769676
74	MvSl-1064-A2-R4_A2g00330	1.24851511851656	0.000142269005657328
75	MvSl-1064-A2-R4_A2g00331	0.960872370547011	0.0248793856148087
76	MvSl-1064-A2-R4_A2g00339	1.76012018155259	7.99116578675708e-17
77	MvSl-1064-A2-R4_A2g00340	1.20586510945594	2.08680568438687e-07
78	MvSl-1064-A2-R4_A2g00344	1.16436687960095	0.00528863799758224
79	MvSl-1064-A2-R4_A2g00345	1.46069524562626	3.06378938656843e-05
80	MvSl-1064-A2-R4_A2g00353	1.33780190094136	5.64031861007964e-06
81	MvSl-1064-A2-R4_A2g00355	1.9219898099261	2.96794619872794e-12
82	MvSl-1064-A2-R4_A2g00357	1.44305506068778	0.000803889853535962
83	MvSl-1064-A2-R4_A2g00358	0.810653620086351	0.00122102686144795
84	MvSl-1064-A2-R4_A2g00359	2.11873337670994	5.34005420862695e-12
85	MvSl-1064-A2-R4_A2g00381	0.866119657210319	0.00040008250615198
86	MvSl-1064-A2-R4_A2g00382	0.732950693888756	0.0176471663676417
87	MvSl-1064-A2-R4_A2g00388	0.762294717549359	0.000424881560190544
88	MvSl-1064-A2-R4_A2g00397	0.972239944464388	9.23419583716158e-05
89	MvSl-1064-A2-R4_A2g00398	1.00415927012885	0.00100749023922361
90	MvSl-1064-A2-R4_A2g00406	1.49113962812619	0.000148712022393847
91	MvSl-1064-A2-R4_A2g00409	0.726129945622194	0.00177127586482739
92	MvSl-1064-A2-R4_A2g00413	2.47104300840518	2.29382629785605e-06
93	MvSl-1064-A2-R4_A2g00416	1.09637329154355	5.55580264759586e-07
94	MvSl-1064-A2-R4_A2g00418	0.507751701998485	0.0431521048180834
95	MvSl-1064-A2-R4_A2g00422	0.742358407845226	0.0224187799292466
96	MvSl-1064-A2-R4_A2g00423	1.21510828493048	0.0141659073741227
97	MvSl-1064-A2-R4_A2g00424	0.791600462958091	0.0282791163221392
98	MvSl-1064-A2-R4_A2g00432	1.21621672962904	5.86285759309479e-06
99	MvSl-1064-A2-R4_A2g00433	1.13264873326457	6.43184027243253e-07
100	MvSl-1064-A2-R4_A2g00434	2.3139855325076	5.26204716171194e-09
101	MvSl-1064-A2-R4_A2g00438	1.03773499136258	0.0143716443880565
102	MvSl-1064-A2-R4_A2g00439	0.881013746751795	0.0031472280911843
103	MvSl-1064-A2-R4_A2g00440	1.40321103852191	0.0112928254219829
104	MvSl-1064-A2-R4_A2g00445	0.945753575041089	0.0039183798793833
105	MvSl-1064-A2-R4_A2g00449	1.50644968955433	0.00393305907709209
106	MvSl-1064-A2-R4_A2g00451	1.1433021714049	0.00739951041391627
107	MvSl-1064-A2-R4_A2g00453	1.26078076839465	6.74310799151627e-07
108	MvSl-1064-A2-R4_A2g00456	0.888546344546439	0.0014472009811704
109	MvSl-1064-A2-R4_A2g00457	2.05365563786014	2.32646807204986e-05
110	MvSl-1064-A2-R4_A2g00458	1.62785972450345	0.00670336371983587
111	MvSl-1064-A2-R4_A2g00460	0.603402745329048	0.00946155242718308
112	MvSl-1064-A2-R4_A2g00461	1.66796791902748	0.00988075221369555
113	MvSl-1064-A2-R4_A2g00463	1.8943452140341	4.38601554144647e-12
114	MvSl-1064-A2-R4_A2g00464	1.66100933086205	0.00134861239943556
115	MvSl-1064-A2-R4_A2g00466	0.676285017552567	0.00631244527712171
116	MvSl-1064-A2-R4_A2g00468	1.34207211780084	0.000217054336386103
117	MvSl-1064-A2-R4_A2g00469	1.79203863582969	8.19741681545248e-14
118	MvSl-1064-A2-R4_A2g00474	1.66100935151795	0.00134861239943556
119	MvSl-1064-A2-R4_A2g00476	0.701000706424206	0.0425477126040076
120	MvSl-1064-A2-R4_A2g00478	1.34207269620857	0.000214939321568115
121	MvSl-1064-A2-R4_A2g00479	1.79203864173032	8.19741681545248e-14
122	MvSl-1064-A2-R4_A2g00483	1.18873506950311	0.000578884571414354
123	MvSl-1064-A2-R4_A2g00485	0.676285082689225	0.00632662244183844
124	MvSl-1064-A2-R4_A2g00487	1.34207272337865	0.000214939321568115
125	MvSl-1064-A2-R4_A2g00488	1.79203873952153	8.09072426242441e-14
126	MvSl-1064-A2-R4_A2g00493	1.66100940863443	0.00134861239943556
127	MvSl-1064-A2-R4_A2g00494	1.57196943502617	4.93999591319228e-06
128	MvSl-1064-A2-R4_A2g00501	2.13107797183175	1.34776396091002e-11
129	MvSl-1064-A2-R4_A2g00502	2.03265200431073	1.89140007835579e-07
130	MvSl-1064-A2-R4_A2g00503	1.74742068434415	2.58230844218611e-05
131	MvSl-1064-A2-R4_A2g00504	1.80766185371147	5.13979119098733e-05
132	MvSl-1064-A2-R4_A2g00505	1.97590679408719	1.66844779420834e-14
133	MvSl-1064-A2-R4_A2g00513	1.64103008365575	6.47251364509732e-09
134	MvSl-1064-A2-R4_A2g00514	1.56162724846371	1.18216280481827e-05
135	MvSl-1064-A2-R4_A2g00521	0.923242401553221	2.61069294598392e-05
136	MvSl-1064-A2-R4_A2g00522	1.9427957080502	2.44767313545878e-08
137	MvSl-1064-A2-R4_A2g00526	1.39206815430489	0.012838259421728
138	MvSl-1064-A2-R4_A2g00527	2.3891851459226	6.06217606350373e-22
139	MvSl-1064-A2-R4_A2g00528	3.56421130013745	3.68144342598798e-16
140	MvSl-1064-A2-R4_A2g00529	2.53982608132296	1.23912092528805e-31
141	MvSl-1064-A2-R4_A2g00534	1.07940611436477	0.0258574867368581
142	MvSl-1064-A2-R4_A2g00537	1.51775218746392	0.00151630089926609
143	MvSl-1064-A2-R4_A2g00548	0.719367051748322	0.0475303438053496
144	MvSl-1064-A2-R4_A2g00553	2.20136817669884	3.75496776507674e-08
145	MvSl-1064-A2-R4_A2g00554	2.69515420699276	2.80912291828088e-07
146	MvSl-1064-A2-R4_A2g00555	1.65697781635363	0.000403502657208143
147	MvSl-1064-A2-R4_A2g00564	0.976906805656822	6.02202875652332e-05
148	MvSl-1064-A2-R4_A2g00565	1.4131026337906	0.00734524489368256
149	MvSl-1064-A2-R4_A2g00567	0.774362222228783	0.00705963758979124
150	MvSl-1064-A2-R4_A2g00571	1.56902847510897	3.70955715512839e-07
151	MvSl-1064-A2-R4_A2g00572	1.65725063707983	0.000820857394125119
152	MvSl-1064-A2-R4_A2g00573	0.813541916038666	0.0144671965132896
153	MvSl-1064-A2-R4_A2g00580	0.657482853704577	0.0336395261270527
154	MvSl-1064-A2-R4_A2g00587	1.23827849240776	0.00698917263337188
155	MvSl-1064-A2-R4_A2g00589	1.33948809213831	0.00142394046243968
156	MvSl-1064-A2-R4_A2g00593	1.33442234765651	1.35460531547716e-07
157	MvSl-1064-A2-R4_A2g00594	1.15060068844236	0.0112019347772236
158	MvSl-1064-A2-R4_A2g00595	1.073212279648	0.0228696553063897
159	MvSl-1064-A2-R4_A2g00597	1.37647789997265	5.50715525745438e-08
160	MvSl-1064-A2-R4_A2g00599	0.847844430691197	4.69233030538035e-05
161	MvSl-1064-A2-R4_A2g00603	1.06422850037064	1.23024953578875e-06
162	MvSl-1064-A2-R4_A2g00604	0.87028044542187	0.0332983210489496
163	MvSl-1064-A2-R4_A2g00605	1.19575843451307	4.77281391785689e-06
164	MvSl-1064-A2-R4_A2g00607	1.06194236190343	0.000678507662457073
165	MvSl-1064-A2-R4_A2g00608	0.81003373883144	0.0415316058066459
166	MvSl-1064-A2-R4_A2g00609	1.09273974124942	2.74596669013987e-06
167	MvSl-1064-A2-R4_A2g00610	2.2045888656037	1.27095644676955e-09
168	MvSl-1064-A2-R4_A2g00613	1.21216566030857	0.00867440575800884
169	MvSl-1064-A2-R4_A2g00614	1.39618387098809	2.11317669641146e-05
170	MvSl-1064-A2-R4_A2g00616	2.07669164371198	2.29598966518349e-06
171	MvSl-1064-A2-R4_A2g00624	2.69762753190682	1.82663007894866e-05
172	MvSl-1064-A2-R4_A2g00625	2.51964105728829	8.222173816077e-07
173	MvSl-1064-A2-R4_A2g00637	2.00463416502334	3.96324428873352e-10
174	MvSl-1064-A2-R4_A2g00642	1.92393483639005	2.1898570361904e-19
175	MvSl-1064-A2-R4_A2g00646	1.16379480512703	2.14143710805034e-06
176	MvSl-1064-A2-R4_A2g00659	1.80939930878234	0.00230475152820536
177	MvSl-1064-A2-R4_A2g00665	1.15131695649072	0.000166354289510347
178	MvSl-1064-A2-R4_A2g00667	1.0298214624772	0.00011481303692856
179	MvSl-1064-A2-R4_A2g00668	2.08982962073595	9.18001167372475e-06
180	MvSl-1064-A2-R4_A2g00669	1.55458346516995	1.3145276482718e-09
181	MvSl-1064-A2-R4_A2g00671	1.13207539890907	0.00669000597524224
182	MvSl-1064-A2-R4_A2g00673	1.80312896336564	1.48433139645423e-05
183	MvSl-1064-A2-R4_A2g00674	1.44804581964303	0.000854144599949999
184	MvSl-1064-A2-R4_A2g00675	0.823677275610934	0.00421452351809013
185	MvSl-1064-A2-R4_A2g00677	0.940883954421425	0.000122579161181689
186	MvSl-1064-A2-R4_A2g00678	0.949819301533398	0.000107876063706583
187	MvSl-1064-A2-R4_A2g00679	1.24400360988711	3.20282380411677e-07
188	MvSl-1064-A2-R4_A2g00685	2.33181794267084	3.54157142802048e-15
189	MvSl-1064-A2-R4_A2g00686	1.6136356019821	1.37448501989149e-06
190	MvSl-1064-A2-R4_A2g00688	1.8866391710692	1.3819014460359e-10
191	MvSl-1064-A2-R4_A2g00693	1.83468273840545	0.000404371892901302
192	MvSl-1064-A2-R4_A2g00695	0.721983345764624	0.00999210927144379
193	MvSl-1064-A2-R4_A2g00696	3.52597825301776	2.88954478288477e-24
194	MvSl-1064-A2-R4_A2g00697	3.80473706423857	1.74892884387325e-14
195	MvSl-1064-A2-R4_A2g00704	1.54702955685893	0.00178277141676556
196	MvSl-1064-A2-R4_A2g00705	0.92096849478666	0.00378076999951353
197	MvSl-1064-A2-R4_A2g00713	0.713852788713388	0.00437451356483836
198	MvSl-1064-A2-R4_A2g00714	0.874529887810311	0.00159978062076684
199	MvSl-1064-A2-R4_A2g00718	2.12925148806658	3.39628136497663e-07
200	MvSl-1064-A2-R4_A2g00719	2.18341261365752	8.19227251741974e-07
201	MvSl-1064-A2-R4_A2g00720	1.83333166325883	0.000906388716714587
202	MvSl-1064-A2-R4_A2g00722	1.74309000369045	0.00463903870371766
203	MvSl-1064-A2-R4_A2g00723	0.831082964242799	0.036497248813742
204	MvSl-1064-A2-R4_A2g00725	0.835534247644089	0.000154760383566289
205	MvSl-1064-A2-R4_A2g00726	1.94736333593329	3.77683786248708e-05
206	MvSl-1064-A2-R4_A2g00728	1.20582650804645	0.0012637835929596
207	MvSl-1064-A2-R4_A2g00729	1.17643549287914	2.31968651629977e-08
208	MvSl-1064-A2-R4_A2g00731	0.943621079314707	3.21486269557216e-06
209	MvSl-1064-A2-R4_A2g00733	0.633594989826776	0.00723260473360014
210	MvSl-1064-A2-R4_A2g00735	2.37992745194056	2.67510490768992e-12
211	MvSl-1064-A2-R4_A2g00739	4.12476992215106	2.66590381012515e-38
212	MvSl-1064-A2-R4_A2g00740	4.51828372164402	1.57120400849753e-54
213	MvSl-1064-A2-R4_A2g00741	3.69019968727012	7.33636852408864e-15
214	MvSl-1064-A2-R4_A2g00746	1.0858856594667	2.13359852959146e-05
215	MvSl-1064-A2-R4_A2g00749	2.37992745069511	2.67510490768992e-12
216	MvSl-1064-A2-R4_A2g00753	1.14388499187384	0.00130685554606093
217	MvSl-1064-A2-R4_A2g00757	0.964893799285127	1.7404843768959e-06
218	MvSl-1064-A2-R4_A2g00761	0.772519322350902	0.0127021798447851
219	MvSl-1064-A2-R4_A2g00770	0.615922831485605	0.0161760850265595
220	MvSl-1064-A2-R4_A2g00771	1.21495605495457	6.14847288512547e-08
221	MvSl-1064-A2-R4_A2g00772	0.925987507173878	0.0116905810180816
222	MvSl-1064-A2-R4_A2g00779	1.6307284404367	0.0085038914849858
223	MvSl-1064-A2-R4_A2g00781	1.44309263293393	0.00157257837140707
224	MvSl-1064-A2-R4_A2g00784	1.54033837789769	4.16320734317116e-09
225	MvSl-1064-A2-R4_A2g00787	0.81444286937544	0.00980652639970235
226	MvSl-1064-A2-R4_A2g00795	0.721621783596828	0.0307205039855887
227	MvSl-1064-A2-R4_A2g00802	1.13207531207283	0.00669000597524224
228	MvSl-1064-A2-R4_A2g00804	1.40355211131198	2.16183241023569e-09
229	MvSl-1064-A2-R4_A2g00805	1.06987691651036	1.21557010765845e-05
230	MvSl-1064-A2-R4_A2g00806	0.742438825861305	0.00277623139083966
231	MvSl-1064-A2-R4_A2g00808	0.898408326759073	0.000532524777597546
232	MvSl-1064-A2-R4_A2g00810	0.609247528709867	0.0450621504120191
233	MvSl-1064-A2-R4_A2g00813	0.672402505259399	0.0101801135930008
234	MvSl-1064-A2-R4_A2g00814	1.59910814757211	1.01395231013124e-10
235	MvSl-1064-A2-R4_A2g00815	0.974741098518563	0.000147010134435428
236	MvSl-1064-A2-R4_A2g00816	1.08294105118882	1.0570971616722e-05
237	MvSl-1064-A2-R4_A2g00817	2.14267917459782	7.44646079504512e-08
238	MvSl-1064-A2-R4_A2g00819	1.14244629959095	8.25996540916489e-05
239	MvSl-1064-A2-R4_A2g00823	0.62998764275076	0.0161374601373788
240	MvSl-1064-A2-R4_A2g00831	0.763227362717948	0.00759862346537509
241	MvSl-1064-A2-R4_A2g00837	0.751302764475573	0.00719285811520909
242	MvSl-1064-A2-R4_A2g00838	0.795174335458772	0.000177421194499627
243	MvSl-1064-A2-R4_A2g00839	0.820047733382107	0.0150315159203058
244	MvSl-1064-A2-R4_A2g00842	1.39516493258693	0.000149777257412817
245	MvSl-1064-A2-R4_A2g00844	1.2253249227196	0.0230288488468242
246	MvSl-1064-A2-R4_A2g00845	1.23487244314158	0.000371005363496803
247	MvSl-1064-A2-R4_A2g00846	0.956719008965564	0.0220768026238025
248	MvSl-1064-A2-R4_A2g00847	1.22307040844967	0.00230822403014886
249	MvSl-1064-A2-R4_A2g00850	1.50743345776328	2.05074541935078e-06
250	MvSl-1064-A2-R4_A2g00851	1.14283849119623	0.00261266456954614
251	MvSl-1064-A2-R4_A2g00853	1.58572231861067	0.0120974533723546
252	MvSl-1064-A2-R4_A2g00857	0.837205763078975	0.031221147447298
253	MvSl-1064-A2-R4_A2g00858	0.714446418952043	0.00112334615031119
254	MvSl-1064-A2-R4_A2g00859	0.695450205871273	0.000818973888884307
255	MvSl-1064-A2-R4_A2g00860	0.742101892945841	0.0124250581115833
256	MvSl-1064-A2-R4_A2g00873	1.3060386432772	1.23724928612033e-05
257	MvSl-1064-A2-R4_A2g00874	0.695450199238973	0.000817056751434649
258	MvSl-1064-A2-R4_A2g00875	1.12423790135313	0.00379873277115619
259	MvSl-1064-A2-R4_A2g00880	1.2489847137246	8.50373389501281e-05
260	MvSl-1064-A2-R4_A2g00882	2.10632280244961	0.00747043462998239
261	MvSl-1064-A2-R4_A2g00893	1.32482723089231	0.0107572111215754
262	MvSl-1064-A2-R4_A2g00896	1.34467390625525	0.00637751457854359
263	MvSl-1064-A2-R4_A2g00897	0.908709057240989	0.00169923402690884
264	MvSl-1064-A2-R4_A2g00899	0.553718920902055	0.0478646340734363
265	MvSl-1064-A2-R4_A2g00901	1.15268381746268	9.59418870440262e-06
266	MvSl-1064-A2-R4_A2g00905	0.847830222480338	0.00455364157293258
267	MvSl-1064-A2-R4_A2g00906	1.34401065775689	1.07529988673361e-06
268	MvSl-1064-A2-R4_A2g00909	1.25281645317079	0.00136143739172576
269	MvSl-1064-A2-R4_A2g00910	1.18184715087053	0.00195968038670441
270	MvSl-1064-A2-R4_A2g00916	1.00567379053777	0.010511324490853
271	MvSl-1064-A2-R4_A2g00917	0.902666368492808	0.0433213076582114
272	MvSl-1064-A2-R4_A2g00919	0.827651688872455	0.00671178444449971
273	MvSl-1064-A2-R4_A2g00922	1.05627357457472	0.000398497637752491
274	MvSl-1064-A2-R4_A2g00931	1.47282128713971	2.50245689032367e-11
275	MvSl-1064-A2-R4_A2g00932	1.53888754886127	0.00411019223611485
276	MvSl-1064-A2-R4_A2g00941	1.39273619022333	0.00454108363525979
277	MvSl-1064-A2-R4_A2g00945	1.92373717672008	9.15350696979104e-10
278	MvSl-1064-A2-R4_A2g00950	1.28655747727705	0.0134729269912568
279	MvSl-1064-A2-R4_A2g00954	1.40728892502316	0.00261235614985847
280	MvSl-1064-A2-R4_A2g00956	1.08842115511591	3.29332161884321e-05
281	MvSl-1064-A2-R4_A2g00958	2.84171845346477	2.47706002904546e-22
282	MvSl-1064-A2-R4_A2g00959	1.21575026431908	3.02954193437703e-06
283	MvSl-1064-A2-R4_A2g00960	1.97910847416903	0.00496788032696102
284	MvSl-1064-A2-R4_A2g00962	0.861635641473354	9.81760510709033e-05
285	MvSl-1064-A2-R4_A2g00963	0.847773106234514	0.000189060315307771
286	MvSl-1064-A2-R4_A2g00964	0.99267785841712	0.000899277148077029
287	MvSl-1064-A2-R4_A2g00966	0.875033045144897	0.0166838249363278
288	MvSl-1064-A2-R4_A2g00967	1.12509384157707	8.80297350398776e-07
289	MvSl-1064-A2-R4_A2g00970	0.756635964091037	0.0087607993982112
290	MvSl-1064-A2-R4_A2g00973	1.05326267525277	1.88960662472312e-05
291	MvSl-1064-A2-R4_A2g00977	1.09621693012681	0.000214892711632282
292	MvSl-1064-A2-R4_A2g00979	0.862294208019093	0.00491684196329322
293	MvSl-1064-A2-R4_A2g00980	1.24848025049783	0.00786897715926266
294	MvSl-1064-A2-R4_A2g00981	2.98989412313918	1.15270762132105e-15
295	MvSl-1064-A2-R4_A2g00986	1.07745642045498	0.000102220025332132
296	MvSl-1064-A2-R4_A2g00987	1.08795924425049	5.31594034723359e-05
297	MvSl-1064-A2-R4_A2g00988	1.05150862286469	0.000169552692045874
298	MvSl-1064-A2-R4_A2g00990	0.805319077169999	0.0163930765281116
299	MvSl-1064-A2-R4_A2g00992	0.834107433087842	0.00211249438193608
300	MvSl-1064-A2-R4_A2g00996	2.04628690868712	2.63367127310182e-06
301	MvSl-1064-A2-R4_A2g00997	2.77839664176656	1.42136705389121e-35
302	MvSl-1064-A2-R4_A2g00999	0.812915135510796	0.0475303438053496
303	MvSl-1064-A2-R4_A2g01000	0.78093819486334	0.00427078795885561
304	MvSl-1064-A2-R4_A2g01004	0.688699862817131	0.00887503529295416
305	MvSl-1064-A2-R4_A2g01005	0.908729401751045	0.00306308019906039
306	MvSl-1064-A2-R4_A2g01009	0.740843000702336	0.014802271505517
307	MvSl-1064-A2-R4_A2g01017	1.21225158085461	0.00235547989360408
308	MvSl-1064-A2-R4_A2g01024	1.17819011679527	5.44756775237099e-07
309	MvSl-1064-A2-R4_A2g01026	1.36022358279156	0.0109635653752427
310	MvSl-1064-A2-R4_A2g01027	0.659427735481451	0.0109180410966976
311	MvSl-1064-A2-R4_A2g01031	0.868499190976961	0.00138073324993103
312	MvSl-1064-A2-R4_A2g01032	0.777820508716267	0.00725247833988985
313	MvSl-1064-A2-R4_A2g01034	1.50773402677822	3.72048509278376e-05
314	MvSl-1064-A2-R4_A2g01035	1.33750076259085	0.00105820909543199
315	MvSl-1064-A2-R4_A2g01036	1.69322445836612	1.33470136958475e-16
316	MvSl-1064-A2-R4_A2g01043	1.0540112189417	0.000884041881793313
317	MvSl-1064-A2-R4_A2g01045	2.13537249102495	1.87777989288099e-09
318	MvSl-1064-A2-R4_A2g01046	2.23755141182477	3.72203935736403e-07
319	MvSl-1064-A2-R4_A2g01049	3.61328330527624	1.33263190270959e-09
320	MvSl-1064-A2-R4_A2g01052	1.52135413903657	8.85966113822746e-11
321	MvSl-1064-A2-R4_A2g01054	3.06787213774207	3.13354372065229e-26
322	MvSl-1064-A2-R4_A2g01055	2.98975623796789	4.41373321247952e-26
323	MvSl-1064-A2-R4_A2g01056	2.41485778070335	1.67173253487423e-30
324	MvSl-1064-A2-R4_A2g01057	3.43283849592537	2.8859785205242e-20
325	MvSl-1064-A2-R4_A2g01058	4.02402610556571	7.99790673681156e-30
326	MvSl-1064-A2-R4_A2g01063	1.83083960356374	0.00670871361340832
327	MvSl-1064-A2-R4_A2g01065	0.801598193838304	0.0193553818712658
328	MvSl-1064-A2-R4_A2g01067	3.75947203729792	4.82527438250808e-16
329	MvSl-1064-A2-R4_A2g01072	1.55514209222117	5.81875287060222e-08
330	MvSl-1064-A2-R4_A2g01073	3.82190362877195	2.63372972698422e-10
331	MvSl-1064-A2-R4_A2g01076	1.55925342892885	0.00157257837140707
332	MvSl-1064-A2-R4_A2g01080	1.77348928471081	2.33823375763096e-09
333	MvSl-1064-A2-R4_A2g01085	1.64857876290532	0.000167404649237379
334	MvSl-1064-A2-R4_A2g01087	0.930745501004229	2.38968459141724e-05
335	MvSl-1064-A2-R4_A2g01094	2.10632285951783	0.00747043462998239
336	MvSl-1064-A2-R4_A2g01096	1.33561729112356	0.0050469415959707
337	MvSl-1064-A2-R4_A2g01097	1.00511589936395	0.0205676131982792
338	MvSl-1064-A2-R4_A2g01104	1.07514388444799	3.13279570748041e-05
339	MvSl-1064-A2-R4_A2g01109	1.12703374937462	0.00590025702153683
340	MvSl-1064-A2-R4_A2g01113	1.22596061199893	0.0226071649880264
341	MvSl-1064-A2-R4_A2g01114	1.06512355988143	3.87881853712701e-05
342	MvSl-1064-A2-R4_A2g01115	1.57107457335743	4.26695206080451e-05
343	MvSl-1064-A2-R4_A2g01121	1.44927723921379	0.00247309114277567
344	MvSl-1064-A2-R4_A2g01122	1.2598301467128	0.000711368959025596
345	MvSl-1064-A2-R4_A2g01123	0.673868587369765	0.0266559980359149
346	MvSl-1064-A2-R4_A2g01137	0.800439246058336	0.00337424707832432
347	MvSl-1064-A2-R4_A2g01143	2.39257795994349	7.07703964316852e-07
348	MvSl-1064-A2-R4_A2g01144	1.19406022173464	0.0065490306906731
349	MvSl-1064-A2-R4_A2g01145	0.8328341513692	0.0016913091262385
350	MvSl-1064-A2-R4_A2g01148	1.60962515284737	0.0120879323179568
351	MvSl-1064-A2-R4_A2g01150	1.36256512756477	1.88478364103316e-05
352	MvSl-1064-A2-R4_A2g01155	0.86690788904047	0.00221101751154309
353	MvSl-1064-A2-R4_A2g01156	1.10016363323173	0.0128205543187599
354	MvSl-1064-A2-R4_A2g01163	0.851761482890516	0.00499790675935227
355	MvSl-1064-A2-R4_A2g01166	2.30427352796441	0.000107469369169285
356	MvSl-1064-A2-R4_A2g01169	1.73854490048653	1.24005127888947e-11
357	MvSl-1064-A2-R4_A2g01170	0.798068518407374	0.000908545366240485
358	MvSl-1064-A2-R4_A2g01171	1.47751868634567	0.00569515484158675
359	MvSl-1064-A2-R4_A2g01176	0.989052058206434	3.26075301586945e-06
360	MvSl-1064-A2-R4_A2g01178	0.945694343854016	0.000182758965705109
361	MvSl-1064-A2-R4_A2g01181	0.909317394345635	0.0105624418689614
362	MvSl-1064-A2-R4_A2g01182	1.08953366364252	3.20348889331885e-06
363	MvSl-1064-A2-R4_A2g01188	1.7976902312183	2.36388051897373e-12
364	MvSl-1064-A2-R4_A2g01189	1.5133072981406	4.2200197562023e-12
365	MvSl-1064-A2-R4_A2g01191	1.74122374974907	7.77702663819165e-06
366	MvSl-1064-A2-R4_A2g01193	1.59053236290619	0.0149587035082254
367	MvSl-1064-A2-R4_A2g01194	1.20989886647738	0.000696354747746386
368	MvSl-1064-A2-R4_A2g01196	1.64496478714852	0.00404042557173721
369	MvSl-1064-A2-R4_A2g01199	1.0999559736427	1.75433100384154e-05
370	MvSl-1064-A2-R4_A2g01201	1.03540270296502	0.000773439995915771
371	MvSl-1064-A2-R4_A2g01212	1.33076483977042	0.041847231774681
372	MvSl-1064-A2-R4_A2g01221	2.58748395583774	3.16272974547906e-05
373	MvSl-1064-A2-R4_A2g01222	0.804969118892545	0.00932432223278031
374	MvSl-1064-A2-R4_A2g01224	1.00346172403049	0.0130298193558329
375	MvSl-1064-A2-R4_A2g01226	1.01944997650293	4.61962859629964e-07
376	MvSl-1064-A2-R4_A2g01232	4.13530187890888	4.60368636454113e-36
377	MvSl-1064-A2-R4_A2g01233	1.29101651494799	3.74299638552566e-05
378	MvSl-1064-A2-R4_A2g01237	1.23865638288815	6.57545540142302e-05
379	MvSl-1064-A2-R4_A2g01241	1.86460653931147	7.18034875219592e-12
380	MvSl-1064-A2-R4_A2g01242	0.683397838591771	0.00223191758534343
381	MvSl-1064-A2-R4_A2g01243	2.03152239130396	1.6890355556224e-17
382	MvSl-1064-A2-R4_A2g01244	1.66510099205461	4.39334333642122e-11
383	MvSl-1064-A2-R4_A2g01245	2.28661927665637	1.34126043225887e-05
384	MvSl-1064-A2-R4_A2g01253	0.940883293143453	0.00233393895292055
385	MvSl-1064-A2-R4_A2g01260	0.571228975506958	0.030143825218271
386	MvSl-1064-A2-R4_A2g01262	0.494432351493441	0.0415940056495051
387	MvSl-1064-A2-R4_A2g01270	0.747285620451259	0.00174930626042791
388	MvSl-1064-A2-R4_A2g01271	1.0787148542618	0.0047741796372045
389	MvSl-1064-A2-R4_A2g01278	1.10252620649025	6.83631135108887e-06
390	MvSl-1064-A2-R4_A2g01284	0.79140235518642	0.00617736814022843
391	MvSl-1064-A2-R4_A2g01291	1.23767425872198	2.68487016346694e-08
392	MvSl-1064-A2-R4_A2g01292	1.17821920375579	4.49053905924657e-06
393	MvSl-1064-A2-R4_A2g01293	2.44414615968378	2.16225462656234e-05
394	MvSl-1064-A2-R4_A2g01294	1.30432615299336	0.000647633119731902
395	MvSl-1064-A2-R4_A2g01296	1.49563110806127	1.26060352408172e-07
396	MvSl-1064-A2-R4_A2g01297	2.99179980430518	2.35909298516243e-16
397	MvSl-1064-A2-R4_A2g01299	1.72829406142392	0.027217335412819
398	MvSl-1064-A2-R4_A2g01301	2.3097050603299	1.33921724947019e-07
399	MvSl-1064-A2-R4_A2g01304	1.28173397117263	0.00577731551716125
400	MvSl-1064-A2-R4_A2g01305	0.578457005272442	0.0138272091568513
401	MvSl-1064-A2-R4_A2g01306	1.36206832634664	1.00966069345035e-05
402	MvSl-1064-A2-R4_A2g01319	2.52791510064811	3.72048509278376e-05
403	MvSl-1064-A2-R4_A2g01331	1.18802611994442	0.0264886625750118
404	MvSl-1064-A2-R4_A2g01352	1.88981521735614	0.00514791297783419
405	MvSl-1064-A2-R4_A2g01376	1.11556776031166	0.00993903105241124
406	MvSl-1064-A2-R4_A2g01378	1.42781178040519	0.0233524657600917
407	MvSl-1064-A2-R4_A2g01383	1.2926645320232	2.21535589380658e-07
408	MvSl-1064-A2-R4_A2g01384	1.16751937225448	0.00233396155545819
409	MvSl-1064-A2-R4_A2g01388	1.06133972259952	1.09615695190927e-06
410	MvSl-1064-A2-R4_A2g01390	0.512438361760659	0.0269983171437309
411	MvSl-1064-A2-R4_A2g01395	0.834383645099773	0.0209189338205141
412	MvSl-1064-A2-R4_A2g01396	1.04587318526958	0.00342230567936563
413	MvSl-1064-A2-R4_A2g01397	1.85670279654382	1.31885379372686e-09
414	MvSl-1064-A2-R4_A2g01400	0.933264827092822	0.00160236535124632
415	MvSl-1064-A2-R4_A2g01402	1.08144132159634	0.0415316058066459
416	MvSl-1064-A2-R4_A2g01404	0.71344659471942	0.0410443659832374
417	MvSl-1064-A2-R4_A2g01405	0.957042523863461	0.00718220767468229
418	MvSl-1064-A2-R4_A2g01406	1.13878392693967	0.00536998583111738
419	MvSl-1064-A2-R4_A2g01408	1.721799781661	0.00114326666154849
420	MvSl-1064-A2-R4_A2g01409	1.17020116119777	4.32679626153209e-07
421	MvSl-1064-A2-R4_A2g01411	1.5150937442584	1.4945728341955e-06
422	MvSl-1064-A2-R4_A2g01412	0.959911214205839	0.000789041451004991
423	MvSl-1064-A2-R4_A2g01414	0.864229107255041	0.0274155166118268
424	MvSl-1064-A2-R4_A2g01420	0.840151053080255	0.00129697822227782
425	MvSl-1064-A2-R4_A2g01421	0.869618840498559	0.0206513441425718
426	MvSl-1064-A2-R4_A2g01424	0.639088519444439	0.0199226858789581
427	MvSl-1064-A2-R4_A2g01430	0.847945437175806	0.000678507662457073
428	MvSl-1064-A2-R4_A2g01433	0.810289533361796	0.00150847907814564
429	MvSl-1064-A2-R4_A2g01434	0.514040026059402	0.0413186103671868
430	MvSl-1064-A2-R4_A2g01439	1.26271137762665	0.0348046970093197
431	MvSl-1064-A2-R4_A2g01440	2.17813573753065	6.89649723882417e-06
432	MvSl-1064-A2-R4_A2g01441	1.0928979414247	5.60795569923122e-07
433	MvSl-1064-A2-R4_A2g01444	1.67903875549745	0.000713951973465278
434	MvSl-1064-A2-R4_A2g01445	0.998632373115697	2.85894000793106e-05
435	MvSl-1064-A2-R4_A2g01446	1.0474641862958	0.000275755394332409
436	MvSl-1064-A2-R4_A2g01448	1.19439196785639	0.0269068582323803
437	MvSl-1064-A2-R4_A2g01451	0.756396762824726	0.0259224833314053
438	MvSl-1064-A2-R4_A2g01453	0.987282526740577	0.0402057361691475
439	MvSl-1064-A2-R4_A2g01455	1.29202535672632	7.37562686680177e-07
440	MvSl-1064-A2-R4_A2g01456	2.26594514871102	1.25282140546926e-06
441	MvSl-1064-A2-R4_A2g01461	1.88549381216181	3.89276880847248e-10
442	MvSl-1064-A2-R4_A2g01462	2.12566866250265	0.000175303701594251
443	MvSl-1064-A2-R4_A2g01463	1.05079878267321	0.0314651963073914
444	MvSl-1064-A2-R4_A2g01464	1.61826502214759	0.00310969519023869
445	MvSl-1064-A2-R4_A2g01470	1.74621935872868	6.01661440170096e-05
446	MvSl-1064-A2-R4_A2g01472	2.0467327794841	0.000263757266426947
447	MvSl-1064-A2-R4_A2g01473	1.24821000545332	0.00235547989360408
448	MvSl-1064-A2-R4_A2g01480	0.743057207655679	0.0192681436414623
449	MvSl-1064-A2-R4_A2g01481	1.11535747069172	0.0270837557417553
450	MvSl-1064-A2-R4_A2g01482	1.02084188819268	0.00646901669426869
451	MvSl-1064-A2-R4_A2g01485	1.12695378002602	0.0271084838548696
452	MvSl-1064-A2-R4_A2g01489	1.32887429423263	5.02536880161025e-06
453	MvSl-1064-A2-R4_A2g01491	1.57232522232521	0.00544560879365344
454	MvSl-1064-A2-R4_A2g01497	2.49849637168079	5.08666812022701e-08
455	MvSl-1064-A2-R4_A2g01498	2.03944664612224	3.31293768874339e-08
456	MvSl-1064-A2-R4_A2g01503	1.01379084317894	0.0124617296057079
457	MvSl-1064-A2-R4_A2g01510	1.8571752000962	0.00167071881888694
458	MvSl-1064-A2-R4_A2g01515	1.08103423169824	0.00806463905883802
459	MvSl-1064-A2-R4_A2g01516	0.647198346081166	0.0109390845512505
460	MvSl-1064-A2-R4_A2g01517	1.65366850757691	2.35608892548521e-05
461	MvSl-1064-A2-R4_A2g01518	0.950486340088243	0.0292726994196363
462	MvSl-1064-A2-R4_A2g01522	0.670758484693206	0.0144355761496037
463	MvSl-1064-A2-R4_A2g01526	0.966358460083659	6.01661440170096e-05
464	MvSl-1064-A2-R4_A2g01527	0.70721379561377	0.0297249452603653
465	MvSl-1064-A2-R4_A2g01531	1.30428919326311	0.000958807633698968
466	MvSl-1064-A2-R4_A2g01537	1.11106876858719	9.57023472801278e-06
467	MvSl-1064-A2-R4_A2g01545	2.36778586422562	6.68372077830184e-12
468	MvSl-1064-A2-R4_A2g01560	0.734495517438976	0.0178988790151715
469	MvSl-1064-A2-R4_A2g01569	0.713791815428352	0.000947616336113593
470	MvSl-1064-A2-R4_A2g01574	2.17420384652757	0.000494913627962808
471	MvSl-1064-A2-R4_A2g01581	1.31101671362064	0.0114334559269966
472	MvSl-1064-A2-R4_A2g01582	3.49282070182462	8.40000098990592e-35
473	MvSl-1064-A2-R4_A2g01584	1.01916069136822	0.0142237880791986
474	MvSl-1064-A2-R4_A2g01585	1.1220288455056	2.26489074635734e-05
475	MvSl-1064-A2-R4_A2g01599	2.52253176515755	1.84175341866225e-09
476	MvSl-1064-A2-R4_A2g01603	1.51907075239442	2.48314955677402e-07
477	MvSl-1064-A2-R4_A2g01604	3.09039338921963	2.3282130198284e-06
478	MvSl-1064-A2-R4_A2g01606	1.19624369164797	0.0228067683380305
479	MvSl-1064-A2-R4_A2g01607	0.718860214121155	0.0225045094462737
480	MvSl-1064-A2-R4_A2g01611	2.47100352454308	1.08996920561469e-24
481	MvSl-1064-A2-R4_A2g01612	1.25848878400309	5.92168606248211e-06
482	MvSl-1064-A2-R4_A2g01613	1.11163846506977	1.34126043225887e-05
483	MvSl-1064-A2-R4_A2g01614	0.828740541008545	0.00320746249928583
484	MvSl-1064-A2-R4_A2g01615	1.15657632392145	0.0224414361744838
485	MvSl-1064-A2-R4_A2g01625	1.46548468138181	0.00103897280930902
486	MvSl-1064-A2-R4_A2g01626	0.871739492694281	1.84524347164405e-05
487	MvSl-1064-A2-R4_A2g01627	0.641477101270331	0.00971001049046815
488	MvSl-1064-A2-R4_A2g01628	1.13843382526182	9.47857810734676e-05
489	MvSl-1064-A2-R4_A2g01634	1.6373182876348	2.54231158769342e-07
490	MvSl-1064-A2-R4_A2g01636	1.98290569806197	0.000100992328342028
491	MvSl-1064-A2-R4_A2g01643	1.16488089745672	5.22357685294939e-05
492	MvSl-1064-A2-R4_A2g01644	1.98290589364864	0.000100992328342028
493	MvSl-1064-A2-R4_A2g01645	2.45375962586459	2.10351917557837e-05
494	MvSl-1064-A2-R4_A2g01648	1.31301943055811	1.48208018101090e-09
495	MvSl-1064-A2-R4_A2g01649	1.42711371611255	0.0133680013488648
496	MvSl-1064-A2-R4_A2g01650	0.969131579998636	0.00821546054291127
497	MvSl-1064-A2-R4_A2g01655	1.08059193449652	0.00108242949897791
498	MvSl-1064-A2-R4_A2g01658	1.19800303061565	4.00928245372963e-05
499	MvSl-1064-A2-R4_A2g01662	1.03699949046967	0.0249399483754786
500	MvSl-1064-A2-R4_A2g01663	1.65242491227549	4.14121022222392e-05
501	MvSl-1064-A2-R4_A2g01665	0.797305895795652	0.00036449963378936
502	MvSl-1064-A2-R4_A2g01666	1.516204965439	0.00117506244341017
503	MvSl-1064-A2-R4_A2g01667	1.98290468037188	0.000101261702627703
504	MvSl-1064-A2-R4_A2g01668	1.0706443112633	0.0204275029928733
505	MvSl-1064-A2-R4_A2g01670	1.2627249444692	1.05416875085475e-05
506	MvSl-1064-A2-R4_A2g01674	0.968278383411711	0.00587605911375956
507	MvSl-1064-A2-R4_A2g01678	0.765286190528923	0.00657088904832203
508	MvSl-1064-A2-R4_A2g01681	1.13843381709442	9.4805160245348e-05
509	MvSl-1064-A2-R4_A2g01683	0.690090193923793	0.0176803414704782
510	MvSl-1064-A2-R4_A2g01686	1.34672913145208	8.17299300242336e-06
511	MvSl-1064-A2-R4_A2g01688	1.12195352206871	0.0475979242370252
512	MvSl-1064-A2-R4_A2g01692	0.797230519128982	0.0115568356602657
513	MvSl-1064-A2-R4_A2g01696	0.835659471848857	0.00114396713911602
514	MvSl-1064-A2-R4_A2g01697	0.946348987899516	0.00580622962280006
515	MvSl-1064-A2-R4_A2g01705	2.74775854277226	3.37171564938313e-21
516	MvSl-1064-A2-R4_A2g01709	3.18352127026247	3.72048509278376e-05
517	MvSl-1064-A2-R4_A2g01711	1.64412261314648	0.000788939231198075
518	MvSl-1064-A2-R4_A2g01713	2.4979996502827	0.00888606629039648
519	MvSl-1064-A2-R4_A2g01714	0.887700690491609	0.0327905176525116
520	MvSl-1064-A2-R4_A2g01719	1.30543781222603	1.63395129064885e-07
521	MvSl-1064-A2-R4_A2g01720	1.5789408212299	0.00375751585448629
522	MvSl-1064-A2-R4_A2g01721	1.36230771947674	0.000177922502407127
523	MvSl-1064-A2-R4_A2g01725	1.899078297276	7.03320794609495e-09
524	MvSl-1064-A2-R4_A2g01729	3.16163136009437	3.80937634304887e-34
525	MvSl-1064-A2-R4_A2g01730	3.86181025463994	9.81678566256012e-12
526	MvSl-1064-A2-R4_A2g01732	2.08457170495949	1.52668632154893e-11
527	MvSl-1064-A2-R4_A2g01733	1.31672201569605	0.000327974728662041
528	MvSl-1064-A2-R4_A2g01739	1.55207774328884	0.000905373999210018
529	MvSl-1064-A2-R4_A2g01740	0.570509773000864	0.0332245734918578
530	MvSl-1064-A2-R4_A2g01746	1.03423299538382	0.00954308484558953
531	MvSl-1064-A2-R4_A2g01801	0.649040189907659	0.0439300324452501
532	MvSl-1064-A2-R4_A2g01826	1.64409999358911	0.00696883430104482
533	MvSl-1064-A2-R4_A2g01827	1.38889333479025	0.00234350190841522
534	MvSl-1064-A2-R4_C23g01870	0.68369994430384	0.0400112247255378
535	MvSl-1064-A2-R4_C25g01885	2.48671645426695	6.79553853677467e-07
536	MvSl-1064-A2-R4_C37g01976	3.99241618836638	6.3223944272478e-18
537	MvSl-1064-A2-R4_MC01g01988	1.60037875756462	9.79473011054551e-06
538	MvSl-1064-A2-R4_MC01g02016	1.42707122378668	0.0311806848915436
539	MvSl-1064-A2-R4_MC01g02020	0.954512936845787	0.0166933597129174
540	MvSl-1064-A2-R4_MC01g02021	2.62997177340262	4.70989035770787e-11
541	MvSl-1064-A2-R4_MC01g02066	1.30029373447859	0.0124492592879447
542	MvSl-1064-A2-R4_MC01g02071	0.689095676364676	0.00312248165671225
543	MvSl-1064-A2-R4_MC01g02073	0.960677497631012	0.0246537847643738
544	MvSl-1064-A2-R4_MC01g02078	0.80770930960146	0.00926227694412655
545	MvSl-1064-A2-R4_MC01g02101	0.915847154900017	0.0151445794635081
546	MvSl-1064-A2-R4_MC01g02102	2.97721548228348	2.37522774863059e-07
547	MvSl-1064-A2-R4_MC01g02104	0.881779782794431	0.000389664854173921
548	MvSl-1064-A2-R4_MC01g02107	1.29624399029259	0.00987170837727635
549	MvSl-1064-A2-R4_MC01g02108	1.20256462403663	0.00437498304986399
550	MvSl-1064-A2-R4_MC01g02135	0.966681412820134	0.0343764100023499
551	MvSl-1064-A2-R4_MC01g02148	0.609091880406978	0.0115491838558779
552	MvSl-1064-A2-R4_MC01g02149	1.02324609034666	4.586388767013e-05
553	MvSl-1064-A2-R4_MC01g02163	0.860060929404704	0.000103007104877514
554	MvSl-1064-A2-R4_MC01g02165	0.895470361502376	0.00272135117068906
555	MvSl-1064-A2-R4_MC01g02167	0.684051978766814	0.0215102979651745
556	MvSl-1064-A2-R4_MC01g02168	2.97838427328509	1.36956186709514e-20
557	MvSl-1064-A2-R4_MC01g02169	1.50426315590697	1.46869806616887e-05
558	MvSl-1064-A2-R4_MC01g02187	0.553689892338642	0.0258574867368581
559	MvSl-1064-A2-R4_MC01g02201	1.57564942406923	5.42985209097547e-12
560	MvSl-1064-A2-R4_MC01g02202	0.657051201346779	0.00331924061179333
561	MvSl-1064-A2-R4_MC01g02203	0.807699426654562	0.0125958712026516
562	MvSl-1064-A2-R4_MC01g02243	0.934940110858478	0.0248793856148087
563	MvSl-1064-A2-R4_MC01g02251	1.44527589181754	6.37255485083507e-09
564	MvSl-1064-A2-R4_MC01g02269	0.997684245487075	0.000429492308173246
565	MvSl-1064-A2-R4_MC01g02300	1.92219730570288	2.73576896583077e-05
566	MvSl-1064-A2-R4_MC01g02317	0.611934082773357	0.0287706699402668
567	MvSl-1064-A2-R4_MC01g02392	0.849533586993015	0.00238079328344228
568	MvSl-1064-A2-R4_MC01g02398	1.12515155588248	0.0231892588380402
569	MvSl-1064-A2-R4_MC01g02404	0.668130909998238	0.0475303438053496
570	MvSl-1064-A2-R4_MC01g02416	0.977798889242527	3.44137137398384e-05
571	MvSl-1064-A2-R4_MC01g02426	0.641219745516188	0.0265652209881213
572	MvSl-1064-A2-R4_MC01g02428	0.958073674343017	7.52908143261422e-05
573	MvSl-1064-A2-R4_MC01g02496	1.08320754151512	0.0484783428888844
574	MvSl-1064-A2-R4_MC01g02549	1.03719589172003	0.0111988456042786
575	MvSl-1064-A2-R4_MC01g02556	0.759765129825999	0.00975010977334227
576	MvSl-1064-A2-R4_MC01g02564	1.15810964154093	0.00747043462998239
577	MvSl-1064-A2-R4_MC01g02584	0.539084858273227	0.0335093119478189
578	MvSl-1064-A2-R4_MC01g02599	2.18472666920219	1.24630086179163e-22
579	MvSl-1064-A2-R4_MC01g02600	2.48902578994243	7.34991408212977e-05
580	MvSl-1064-A2-R4_MC01g02604	0.883749005819566	0.000103794041354885
581	MvSl-1064-A2-R4_MC01g02617	3.24088029862696	1.25455592779199e-26
582	MvSl-1064-A2-R4_MC01g02628	0.731917723937855	0.00508753420349322
583	MvSl-1064-A2-R4_MC01g02632	1.5229751904482	0.000593961299969107
584	MvSl-1064-A2-R4_MC01g02682	4.07189678650683	3.71834935986267e-21
585	MvSl-1064-A2-R4_MC01g02683	3.00755116731897	1.30737217618639e-36
586	MvSl-1064-A2-R4_MC01g02699	0.536147848794304	0.0348046970093197
587	MvSl-1064-A2-R4_MC01g02720	0.820821489794958	0.0103918828112917
588	MvSl-1064-A2-R4_MC01g02721	0.650027431832139	0.00217346716775609
589	MvSl-1064-A2-R4_MC01g02771	0.782265037384616	0.00168185188929786
590	MvSl-1064-A2-R4_MC01g02776	1.47274880078019	1.0775969759711e-05
591	MvSl-1064-A2-R4_MC01g02782	0.816533645474883	0.000760820452231341
592	MvSl-1064-A2-R4_MC01g02785	0.579942306470513	0.0319390855716254
593	MvSl-1064-A2-R4_MC01g02786	3.07182666644767	2.18578146402363e-30
594	MvSl-1064-A2-R4_MC01g02790	0.844782654864528	0.00190863787779673
595	MvSl-1064-A2-R4_MC01g02791	1.79372253932936	1.15777048400029e-10
596	MvSl-1064-A2-R4_MC01g02792	0.749136375416706	0.00446743289183822
597	MvSl-1064-A2-R4_MC01g02798	0.770731967576548	0.00991134444662792
598	MvSl-1064-A2-R4_MC01g02864	0.872453466291185	0.00399231066833564
599	MvSl-1064-A2-R4_MC01g02869	2.18179969743181	3.60667348318066e-05
600	MvSl-1064-A2-R4_MC01g02875	0.863575779164167	0.00143312169462217
601	MvSl-1064-A2-R4_MC01g02894	1.74204930607352	1.27023607186706e-07
602	MvSl-1064-A2-R4_MC01g02920	1.12960471722508	0.000140977178912458
603	MvSl-1064-A2-R4_MC01g02928	2.31135644360856	4.61507972426999e-15
604	MvSl-1064-A2-R4_MC01g02929	3.44873832459049	4.18776173050164e-33
605	MvSl-1064-A2-R4_MC01g02930	3.55918497556061	5.55407746577475e-27
606	MvSl-1064-A2-R4_MC01g02945	0.826483502431113	0.0312800304020013
607	MvSl-1064-A2-R4_MC01g03034	0.678555867742137	0.0088986195775731
608	MvSl-1064-A2-R4_MC01g03035	1.26245043730408	0.00449976983832368
609	MvSl-1064-A2-R4_MC01g03036	1.14486418210068	9.30286232854942e-05
610	MvSl-1064-A2-R4_MC01g03045	2.48196517067575	4.50525167745205e-17
611	MvSl-1064-A2-R4_MC01g03046	0.966164986138401	3.09983816880857e-05
612	MvSl-1064-A2-R4_MC01g03049	0.497772941138759	0.0450621504120191
613	MvSl-1064-A2-R4_MC01g03091	0.743644426666943	0.0244222691382312
614	MvSl-1064-A2-R4_MC01g03092	0.451393556003913	0.0493262171787511
615	MvSl-1064-A2-R4_MC01g03105	0.561370208734208	0.0233084027457893
616	MvSl-1064-A2-R4_MC01g03106	2.15703855310479	4.0972908663744e-12
617	MvSl-1064-A2-R4_MC01g03114	0.706868196785302	0.0335093119478189
618	MvSl-1064-A2-R4_MC01g03205	1.67896848911868	0.0019419137354226
619	MvSl-1064-A2-R4_MC01g03239	2.08159610355618	0.000412283692044236
620	MvSl-1064-A2-R4_MC01g03244	1.78312627743831	0.00018021971464483
621	MvSl-1064-A2-R4_MC01g03252	2.89741062024469	1.54234679091605e-13
622	MvSl-1064-A2-R4_MC01g03253	0.709077648992941	0.0339656370305269
623	MvSl-1064-A2-R4_MC01g03269	1.07043642498762	0.000635434057441758
624	MvSl-1064-A2-R4_MC01g03287	1.02565130548075	3.12552248182561e-05
625	MvSl-1064-A2-R4_MC01g03288	2.81714431315806	1.19968282663362e-13
626	MvSl-1064-A2-R4_MC01g03290	0.631435881054686	0.0182225108995745
627	MvSl-1064-A2-R4_MC01g03321	0.682647303128325	0.0028799625848927
628	MvSl-1064-A2-R4_MC01g03339	0.762791594341908	0.0144355761496037
629	MvSl-1064-A2-R4_MC01g03346	1.35888295410353	0.00226390456416028
630	MvSl-1064-A2-R4_MC01g03352	0.776195724983659	0.0208513368366233
631	MvSl-1064-A2-R4_MC01g03359	0.752135439693944	0.00160236535124632
632	MvSl-1064-A2-R4_MC01g03392	1.31188498296294	0.000220914362328507
633	MvSl-1064-A2-R4_MC01g03397	2.91884708153891	1.72856460130356e-29
634	MvSl-1064-A2-R4_MC01g03401	0.73917217295069	0.00194257296990175
635	MvSl-1064-A2-R4_MC01g03424	0.808783031902039	0.00317314282470463
636	MvSl-1064-A2-R4_MC01g03426	0.673668623273744	0.0174657132256751
637	MvSl-1064-A2-R4_MC02g03458	1.28504959078119	0.00109293652417895
638	MvSl-1064-A2-R4_MC02g03484	1.8849087961591	2.5303941707407e-05
639	MvSl-1064-A2-R4_MC02g03485	1.84301734395837	4.92397504775991e-14
640	MvSl-1064-A2-R4_MC02g03509	1.46870860503838	3.91198569431509e-05
641	MvSl-1064-A2-R4_MC02g03526	0.992621249940005	0.000325946734990653
642	MvSl-1064-A2-R4_MC02g03554	1.44797802972341	0.000316182637375293
643	MvSl-1064-A2-R4_MC02g03574	2.52183854108479	3.70251930383945e-12
644	MvSl-1064-A2-R4_MC02g03575	2.04116118916218	5.58379687581609e-14
645	MvSl-1064-A2-R4_MC02g03576	0.829623912421361	0.000132219070291677
646	MvSl-1064-A2-R4_MC02g03577	0.663559508497575	0.0050118307870131
647	MvSl-1064-A2-R4_MC02g03597	0.727434445659924	0.0328015885320034
648	MvSl-1064-A2-R4_MC02g03607	1.85203123613324	3.56431992031945e-06
649	MvSl-1064-A2-R4_MC02g03629	1.20093704717437	0.00713549332176505
650	MvSl-1064-A2-R4_MC02g03632	0.918010557997004	7.19962085777111e-05
651	MvSl-1064-A2-R4_MC02g03701	1.99309878627426	0.00261235614985847
652	MvSl-1064-A2-R4_MC02g03760	0.852071982887116	0.00598995044858702
653	MvSl-1064-A2-R4_MC02g03783	1.05592387820614	2.95991275312891e-07
654	MvSl-1064-A2-R4_MC02g03804	0.731688997049001	0.00344288589486867
655	MvSl-1064-A2-R4_MC02g03826	1.13589364461429	0.000923475415177775
656	MvSl-1064-A2-R4_MC02g03827	0.836601904891543	0.0480319873693744
657	MvSl-1064-A2-R4_MC02g03845	0.657976550993687	0.0251916227259203
658	MvSl-1064-A2-R4_MC02g03884	0.874659933978773	6.11515569077613e-05
659	MvSl-1064-A2-R4_MC02g03891	1.06544653714057	0.0142280727085051
660	MvSl-1064-A2-R4_MC02g03922	2.20078117956445	6.3532802772158e-09
661	MvSl-1064-A2-R4_MC02g03927	0.812261460762571	0.0480073477107343
662	MvSl-1064-A2-R4_MC02g03932	1.67037466818272	0.000107184331333661
663	MvSl-1064-A2-R4_MC02g03938	1.41930091270442	0.00226390456416028
664	MvSl-1064-A2-R4_MC02g03943	1.35972523873385	0.00601755760728907
665	MvSl-1064-A2-R4_MC02g03990	0.751739460125575	0.0133680013488648
666	MvSl-1064-A2-R4_MC02g04034	0.558121611677297	0.0164917868018808
667	MvSl-1064-A2-R4_MC02g04048	0.589685430317916	0.0173430682336272
668	MvSl-1064-A2-R4_MC02g04054	0.678103910000767	0.0079692505576224
669	MvSl-1064-A2-R4_MC02g04157	1.04930340648847	0.000558106405861961
670	MvSl-1064-A2-R4_MC02g04169	1.62703947046868	1.56930463577498e-10
671	MvSl-1064-A2-R4_MC02g04197	0.491669155703213	0.0452176688688218
672	MvSl-1064-A2-R4_MC02g04208	0.61689376992715	0.0343596452861553
673	MvSl-1064-A2-R4_MC02g04227	2.25789056344521	0.000566211113636554
674	MvSl-1064-A2-R4_MC02g04228	2.46487292113696	6.65288132233047e-17
675	MvSl-1064-A2-R4_MC02g04251	1.06709298344978	0.0490132049110118
676	MvSl-1064-A2-R4_MC02g04256	1.16593549801819	0.00087720156568769
677	MvSl-1064-A2-R4_MC02g04319	1.68928180982246	1.30397238088146e-05
678	MvSl-1064-A2-R4_MC02g04320	0.698387474872297	0.0240778431316308
679	MvSl-1064-A2-R4_MC02g04387	1.56998314100642	2.4103400209235e-05
680	MvSl-1064-A2-R4_MC02g04388	0.615350810776952	0.0454419480779459
681	MvSl-1064-A2-R4_MC02g04395	0.932245680213743	0.00919793689965209
682	MvSl-1064-A2-R4_MC02g04412	0.524634941422489	0.0284265980983703
683	MvSl-1064-A2-R4_MC02g04450	0.899841342225498	0.00971697096266937
684	MvSl-1064-A2-R4_MC02g04454	1.17503894600887	4.69535059221349e-06
685	MvSl-1064-A2-R4_MC02g04486	0.873963689665117	0.0101967465641997
686	MvSl-1064-A2-R4_MC02g04487	2.30173022392089	3.57470103716194e-18
687	MvSl-1064-A2-R4_MC02g04491	1.14251278325753	0.00267640118522228
688	MvSl-1064-A2-R4_MC02g04519	1.68160517996045	8.51975360207061e-07
689	MvSl-1064-A2-R4_MC02g04523	1.90327205432356	2.07285302917515e-05
690	MvSl-1064-A2-R4_MC02g04543	1.68160518266211	8.52175206267404e-07
691	MvSl-1064-A2-R4_MC03g04559	1.56780915133138	1.6532278250784e-07
692	MvSl-1064-A2-R4_MC03g04560	1.36162005859923	5.61480254881578e-09
693	MvSl-1064-A2-R4_MC03g04616	1.52538987832202	0.00645556659040591
694	MvSl-1064-A2-R4_MC03g04634	1.03874807825193	1.03814944333434e-05
695	MvSl-1064-A2-R4_MC03g04694	0.895003491469433	0.0162368583971134
696	MvSl-1064-A2-R4_MC03g04701	0.966339635315035	7.50575494864662e-07
697	MvSl-1064-A2-R4_MC03g04702	1.25187820804704	0.00233393895292055
698	MvSl-1064-A2-R4_MC03g04709	0.767802485247868	0.0401940596547369
699	MvSl-1064-A2-R4_MC03g04718	1.23535039641098	0.0155209624349022
700	MvSl-1064-A2-R4_MC03g04720	0.98585757553186	0.00157257837140707
701	MvSl-1064-A2-R4_MC03g04734	1.6988770806197	0.041263656869589
702	MvSl-1064-A2-R4_MC03g04800	0.621808325652767	0.0309529374805985
703	MvSl-1064-A2-R4_MC03g04807	1.76912958970331	0.0237310441270665
704	MvSl-1064-A2-R4_MC03g04815	0.834429775000149	0.00289912200600906
705	MvSl-1064-A2-R4_MC03g04860	1.01731905227287	0.0402275817896535
706	MvSl-1064-A2-R4_MC03g04885	1.93555029079628	3.03005671691764e-07
707	MvSl-1064-A2-R4_MC03g04892	0.544819930839404	0.0348046970093197
708	MvSl-1064-A2-R4_MC03g04905	0.626685019041914	0.0287430091321083
709	MvSl-1064-A2-R4_MC03g04919	2.10498764123326	3.34163538541495e-21
710	MvSl-1064-A2-R4_MC03g04920	0.941286009555524	0.0130545554550517
711	MvSl-1064-A2-R4_MC03g04921	0.671008302589699	0.00404408404321008
712	MvSl-1064-A2-R4_MC03g04934	1.38606387256904	0.00375248662075043
713	MvSl-1064-A2-R4_MC03g04935	1.54250025045768	0.0109180410966976
714	MvSl-1064-A2-R4_MC03g04939	0.618004683833634	0.00927989666591113
715	MvSl-1064-A2-R4_MC03g04990	0.910994157834264	0.00248306924719508
716	MvSl-1064-A2-R4_MC03g04991	0.960678834180084	0.000213122030369193
717	MvSl-1064-A2-R4_MC03g05002	0.842789130636458	0.000112561468253107
718	MvSl-1064-A2-R4_MC03g05010	2.25896534944092	9.64575465161516e-06
719	MvSl-1064-A2-R4_MC03g05011	2.24080673685586	4.7845894033439e-06
720	MvSl-1064-A2-R4_MC03g05018	0.541066598361074	0.0407132797604082
721	MvSl-1064-A2-R4_MC03g05020	0.577951906742132	0.0407395004533239
722	MvSl-1064-A2-R4_MC03g05030	0.572745218862088	0.0332245734918578
723	MvSl-1064-A2-R4_MC03g05033	0.757481654925291	0.00718209360208518
724	MvSl-1064-A2-R4_MC03g05066	0.648395640055612	0.00526781744565562
725	MvSl-1064-A2-R4_MC03g05078	0.688723759389339	0.00392763053842918
726	MvSl-1064-A2-R4_MC03g05079	1.22751869835649	0.00013576226098462
727	MvSl-1064-A2-R4_MC03g05093	1.2331425932736	0.018506353646898
728	MvSl-1064-A2-R4_MC03g05100	1.36006055020929	0.0152178605597379
729	MvSl-1064-A2-R4_MC03g05135	1.10509358833408	0.00109465292939858
730	MvSl-1064-A2-R4_MC03g05161	1.11494882382743	0.03489167328035
731	MvSl-1064-A2-R4_MC03g05168	0.58416766292149	0.0347256237652355
732	MvSl-1064-A2-R4_MC03g05187	0.852372051241938	0.0105560950124921
733	MvSl-1064-A2-R4_MC03g05217	1.23909158648005	4.37677002336194e-05
734	MvSl-1064-A2-R4_MC03g05236	2.5558479931771	0.00171752302941451
735	MvSl-1064-A2-R4_MC03g05237	10.2270987744572	4.69395083856658e-15
736	MvSl-1064-A2-R4_MC03g05239	0.705057847575975	0.00705963758979124
737	MvSl-1064-A2-R4_MC03g05256	1.18266066055055	4.77068076659657e-08
738	MvSl-1064-A2-R4_MC03g05263	0.880758630436879	0.00957232263622728
739	MvSl-1064-A2-R4_MC03g05270	1.07319465986263	9.30286232854942e-05
740	MvSl-1064-A2-R4_MC03g05294	1.04434487769867	0.000870015805309688
741	MvSl-1064-A2-R4_MC03g05311	0.657109936641848	0.00945894268752749
742	MvSl-1064-A2-R4_MC03g05352	1.61582419532523	1.29877050725272e-08
743	MvSl-1064-A2-R4_MC03g05353	1.94993519043809	7.1947878228523e-06
744	MvSl-1064-A2-R4_MC03g05354	2.25565197482725	2.51687463029855e-17
745	MvSl-1064-A2-R4_MC03g05369	1.06083129553663	3.63100259495762e-05
746	MvSl-1064-A2-R4_MC03g05397	0.707229606375639	0.032349860280654
747	MvSl-1064-A2-R4_MC03g05405	1.13718818379476	0.0051418291563202
748	MvSl-1064-A2-R4_MC03g05408	0.635861263903205	0.0293835209103314
749	MvSl-1064-A2-R4_MC03g05410	1.1371881721695	0.00514791297783419
750	MvSl-1064-A2-R4_MC03g05420	1.88589588197119	6.97251100729333e-12
751	MvSl-1064-A2-R4_MC03g05451	0.857872186646484	0.0277935970899721
752	MvSl-1064-A2-R4_MC03g05452	1.25602392001853	0.0206632655220859
753	MvSl-1064-A2-R4_MC03g05464	2.07665490064484	2.24150874573597e-12
754	MvSl-1064-A2-R4_MC03g05476	1.36044978718537	6.65453460458963e-06
755	MvSl-1064-A2-R4_MC03g05480	1.44659494930358	0.00014211795156087
756	MvSl-1064-A2-R4_MC03g05484	1.44659479887849	0.000142269005657328
757	MvSl-1064-A2-R4_MC03g05504	0.971172910049942	0.00201646596696699
758	MvSl-1064-A2-R4_MC03g05515	0.773435250202475	0.00709985004546828
759	MvSl-1064-A2-R4_MC04-1g05559	1.40493533356892	0.0292589648858698
760	MvSl-1064-A2-R4_MC04-1g05569	3.00606752584817	5.72619959467748e-30
761	MvSl-1064-A2-R4_MC04-1g05585	0.611315096552423	0.0359403821336115
762	MvSl-1064-A2-R4_MC04-1g05588	0.471903307903007	0.0477988386868714
763	MvSl-1064-A2-R4_MC04-1g05589	1.07461779613434	0.0271660962495918
764	MvSl-1064-A2-R4_MC04-1g05599	2.90360519317983	1.84459296772172e-09
765	MvSl-1064-A2-R4_MC04-1g05613	1.60566863598694	2.34785274950432e-08
766	MvSl-1064-A2-R4_MC04-1g05634	0.902675367611566	0.00738466033508072
767	MvSl-1064-A2-R4_MC04-1g05646	0.665508538224622	0.00940567503917006
768	MvSl-1064-A2-R4_MC04-1g05657	1.08223628165635	0.0312506509366099
769	MvSl-1064-A2-R4_MC04-1g05661	1.30762831407523	7.86418943137831e-06
770	MvSl-1064-A2-R4_MC04-1g05699	0.856850019792897	0.0450621504120191
771	MvSl-1064-A2-R4_MC04-1g05729	0.600652769623777	0.0366601248376691
772	MvSl-1064-A2-R4_MC04-1g05732	1.07901636940074	0.00102492855762083
773	MvSl-1064-A2-R4_MC04-1g05733	1.07751065108264	0.0209189338205141
774	MvSl-1064-A2-R4_MC04-1g05743	1.26828272283683	0.0467871805666716
775	MvSl-1064-A2-R4_MC04-1g05754	0.746009534746743	0.0295950986488371
776	MvSl-1064-A2-R4_MC04-1g05763	1.36394132550525	4.44623094688881e-06
777	MvSl-1064-A2-R4_MC04-1g05787	0.744607429776458	0.0164197150137778
778	MvSl-1064-A2-R4_MC04-1g05795	0.849289330216212	0.0294607903592976
779	MvSl-1064-A2-R4_MC04-1g05800	2.74936668413262	5.15440259310795e-11
780	MvSl-1064-A2-R4_MC04-1g05827	1.11091061956803	0.0141833976723639
781	MvSl-1064-A2-R4_MC04-1g05851	0.716667000216361	0.0289650621763791
782	MvSl-1064-A2-R4_MC04-1g05879	1.15863099018041	0.000179764789267621
783	MvSl-1064-A2-R4_MC04-1g05880	2.20366294994865	0.000256827927523139
784	MvSl-1064-A2-R4_MC04-1g05881	1.65570332820803	1.2851463167382e-10
785	MvSl-1064-A2-R4_MC04-1g05894	1.13099832496061	3.87881853712701e-05
786	MvSl-1064-A2-R4_MC04-1g05902	0.933611277313088	0.00281005097884545
787	MvSl-1064-A2-R4_MC04-1g05911	0.773704162371005	0.0245075155109143
788	MvSl-1064-A2-R4_MC04-1g05953	1.10397390027128	0.0490132049110118
789	MvSl-1064-A2-R4_MC04-1g05954	1.81995762329137	0.000110165725477325
790	MvSl-1064-A2-R4_MC04-1g05962	0.822247383813357	0.0479783461657258
791	MvSl-1064-A2-R4_MC04-1g05963	1.32381370102339	2.08083104045009e-06
792	MvSl-1064-A2-R4_MC04-1g05964	1.49452884490163	2.22439001369288e-06
793	MvSl-1064-A2-R4_MC04-1g05965	1.36899056311972	2.92236150254105e-07
794	MvSl-1064-A2-R4_MC04-1g05966	1.41433475156816	1.45988905795351e-10
795	MvSl-1064-A2-R4_MC04-1g05973	1.03882484900129	0.000678507662457073
796	MvSl-1064-A2-R4_MC04-1g05976	0.717654104122335	0.0243149845853675
797	MvSl-1064-A2-R4_MC04-1g05985	1.50270714765028	1.42028019388589e-09
798	MvSl-1064-A2-R4_MC04-1g05992	0.529619138659941	0.0407132797604082
799	MvSl-1064-A2-R4_MC04-1g06004	0.555302392635886	0.0118111730065276
800	MvSl-1064-A2-R4_MC04-1g06021	0.784782669952675	0.0098248079112575
801	MvSl-1064-A2-R4_MC04-1g06108	6.99679418528287	1.11525485516447e-17
802	MvSl-1064-A2-R4_MC04-1g06134	1.00997350909415	3.0069962849322e-05
803	MvSl-1064-A2-R4_MC04-1g06162	0.741041014910898	0.00771000826312851
804	MvSl-1064-A2-R4_MC04-1g06221	0.708514952048802	0.0477988386868714
805	MvSl-1064-A2-R4_MC04-1g06231	1.19704828228503	1.46183318576769e-06
806	MvSl-1064-A2-R4_MC04-2g06263	1.44236667237788	0.00759862346537509
807	MvSl-1064-A2-R4_MC04-2g06264	2.35380021151526	8.86728056312253e-05
808	MvSl-1064-A2-R4_MC04-2g06286	1.21596009008454	0.00550827545623732
809	MvSl-1064-A2-R4_MC04-2g06322	1.30994855426262	0.000802529113256216
810	MvSl-1064-A2-R4_MC04-2g06323	0.766333859401042	0.00292050111508802
811	MvSl-1064-A2-R4_MC04-2g06347	1.1120996346127	0.0124492592879447
812	MvSl-1064-A2-R4_MC04-2g06357	0.98859805533277	0.000288175763192663
813	MvSl-1064-A2-R4_MC04-2g06359	1.81957665279285	0.0333721936472703
814	MvSl-1064-A2-R4_MC04-2g06369	2.04548705755167	6.28537672278688e-09
815	MvSl-1064-A2-R4_MC04-2g06370	0.683513321345095	0.0104093633757337
816	MvSl-1064-A2-R4_MC04-2g06377	0.865393625581858	0.00333966595603891
817	MvSl-1064-A2-R4_MC05g06432	2.06476330260081	5.83000142257271e-12
818	MvSl-1064-A2-R4_MC05g06463	0.715584518052959	0.00522139474694398
819	MvSl-1064-A2-R4_MC05g06475	0.624266013684384	0.0276085945377378
820	MvSl-1064-A2-R4_MC05g06479	1.23331770895443	0.0066265123274272
821	MvSl-1064-A2-R4_MC05g06481	1.24798869354667	0.00614122591838829
822	MvSl-1064-A2-R4_MC05g06485	0.898468269389377	0.0268037671583181
823	MvSl-1064-A2-R4_MC05g06492	2.03916004036968	5.13635427364193e-24
824	MvSl-1064-A2-R4_MC05g06510	0.982549798609331	0.0166182379417882
825	MvSl-1064-A2-R4_MC05g06585	1.31066137720862	0.00404042557173721
826	MvSl-1064-A2-R4_MC05g06608	1.10996113127426	0.00424773840441643
827	MvSl-1064-A2-R4_MC05g06616	1.32123313280183	0.000189060315307771
828	MvSl-1064-A2-R4_MC05g06644	1.40040632453773	8.32544877643734e-06
829	MvSl-1064-A2-R4_MC05g06645	1.36148423435742	0.000273818656539693
830	MvSl-1064-A2-R4_MC05g06647	0.985834091227399	0.000105720381288041
831	MvSl-1064-A2-R4_MC05g06657	0.88208150728305	0.000834221784543115
832	MvSl-1064-A2-R4_MC05g06662	1.90270723910464	5.94307216825673e-08
833	MvSl-1064-A2-R4_MC05g06663	1.33360695160002	2.73576896583077e-05
834	MvSl-1064-A2-R4_MC05g06664	1.08333089916261	0.00709044087760654
835	MvSl-1064-A2-R4_MC05g06686	0.923315722845471	0.00295628798879346
836	MvSl-1064-A2-R4_MC05g06693	1.3441267456174	0.0113154125660494
837	MvSl-1064-A2-R4_MC05g06715	1.68205507693814	0.00021130819989246
838	MvSl-1064-A2-R4_MC05g06758	1.40297376031697	0.00249133298330223
839	MvSl-1064-A2-R4_MC05g06782	1.46732388090178	1.10799882097433e-07
840	MvSl-1064-A2-R4_MC05g06799	1.3492456825479	0.00496788032696102
841	MvSl-1064-A2-R4_MC05g06804	0.766488045841119	0.0108132360443304
842	MvSl-1064-A2-R4_MC05g06807	1.22535509624374	0.000665649111994569
843	MvSl-1064-A2-R4_MC05g06830	0.63770313534037	0.0144396062226062
844	MvSl-1064-A2-R4_MC05g06831	0.732436700668945	0.0221284778157904
845	MvSl-1064-A2-R4_MC05g06836	2.13573931808569	3.652671660507e-23
846	MvSl-1064-A2-R4_MC05g06837	2.78641787516078	2.6239558491321e-24
847	MvSl-1064-A2-R4_MC05g06838	2.43873361091613	1.35449254065398e-23
848	MvSl-1064-A2-R4_MC05g06854	1.30119204924812	1.030343642653e-07
849	MvSl-1064-A2-R4_MC05g06897	3.44534454055166	2.1483814162296e-25
850	MvSl-1064-A2-R4_MC05g06914	1.03264585660043	0.00330911441344067
851	MvSl-1064-A2-R4_MC05g06916	1.2064693782913	0.00367335788593991
852	MvSl-1064-A2-R4_MC05g06970	1.14502132158671	0.00033869400924492
853	MvSl-1064-A2-R4_MC05g06979	1.34544688349952	0.0138530663991302
854	MvSl-1064-A2-R4_MC05g07021	1.66588574366949	3.6888953912391e-11
855	MvSl-1064-A2-R4_MC05g07030	2.30211289335995	4.33718416185758e-15
856	MvSl-1064-A2-R4_MC05g07050	1.0103241812921	0.0174657132256751
857	MvSl-1064-A2-R4_MC05g07061	0.859114560964578	0.000576941573890898
858	MvSl-1064-A2-R4_MC05g07064	0.947613641746274	0.0241642554639171
859	MvSl-1064-A2-R4_MC05g07065	1.32251320328202	0.000909418154081234
860	MvSl-1064-A2-R4_MC05g07069	2.7060998178094	2.03192291512225e-06
861	MvSl-1064-A2-R4_MC05g07091	1.40620242204744	0.00726190611795829
862	MvSl-1064-A2-R4_MC05g07100	1.26608031906703	0.032897471607626
863	MvSl-1064-A2-R4_MC06-1g07112	1.39430838105045	0.0128387681065735
864	MvSl-1064-A2-R4_MC06-1g07121	0.956776892644454	0.00141350432718303
865	MvSl-1064-A2-R4_MC06-1g07122	1.75453709025516	0.000132219070291677
866	MvSl-1064-A2-R4_MC06-1g07140	1.39430829824488	0.0128409926049289
867	MvSl-1064-A2-R4_MC06-1g07164	0.67446158289812	0.0094877033919718
868	MvSl-1064-A2-R4_MC06-1g07170	1.45106331037656	1.64640382231175e-07
869	MvSl-1064-A2-R4_MC06-1g07176	1.42280979208753	0.0407358770986567
870	MvSl-1064-A2-R4_MC06-1g07196	0.945846844968108	0.0125407365684352
871	MvSl-1064-A2-R4_MC06-1g07208	0.662114620973449	0.0161933499794448
872	MvSl-1064-A2-R4_MC06-1g07221	0.781503908953145	0.0243891356189142
873	MvSl-1064-A2-R4_MC06-1g07233	0.54425166667928	0.033263321662745
874	MvSl-1064-A2-R4_MC06-1g07253	1.11918705918143	0.0350066735287013
875	MvSl-1064-A2-R4_MC06-1g07268	1.10590780771973	0.0171574343066392
876	MvSl-1064-A2-R4_MC06-1g07283	0.899307813143052	0.00547979360329464
877	MvSl-1064-A2-R4_MC06-1g07284	1.01858879359283	3.27832206147981e-05
878	MvSl-1064-A2-R4_MC06-1g07286	1.08902014659396	0.00600850277716283
879	MvSl-1064-A2-R4_MC06-1g07296	4.10822074464571	2.60079801083847e-13
880	MvSl-1064-A2-R4_MC06-2g07361	1.47795828037342	0.0143648240756136
881	MvSl-1064-A2-R4_MC06-2g07367	1.26991115720101	0.00444138336156879
882	MvSl-1064-A2-R4_MC06-2g07379	1.17759951262659	0.020733295761061
883	MvSl-1064-A2-R4_MC06-2g07397	0.623328412812821	0.00393419810449082
884	MvSl-1064-A2-R4_MC06-2g07401	0.727791437469445	0.00200937278161142
885	MvSl-1064-A2-R4_MC06-2g07403	2.98341592218266	8.05528512427867e-12
886	MvSl-1064-A2-R4_MC06-2g07404	0.927704240696737	0.00395979292896271
887	MvSl-1064-A2-R4_MC06-2g07417	1.15627729284596	4.66896094000017e-06
888	MvSl-1064-A2-R4_MC06-2g07456	1.87747619437912	9.68547677732577e-08
889	MvSl-1064-A2-R4_MC06-2g07492	0.503746993086231	0.0363147046144907
890	MvSl-1064-A2-R4_MC06-2g07521	0.567763715008515	0.0101091565243146
891	MvSl-1064-A2-R4_MC06-2g07526	0.759121512332733	0.000316182637375293
892	MvSl-1064-A2-R4_MC06-2g07532	1.340660221118	3.88211754136475e-10
893	MvSl-1064-A2-R4_MC06-2g07541	0.64969125085836	0.00979333786084615
894	MvSl-1064-A2-R4_MC06-2g07548	1.55687664435153	6.05564774516632e-06
895	MvSl-1064-A2-R4_MC06-2g07568	1.00883406039622	0.00100968682597006
896	MvSl-1064-A2-R4_MC06-2g07576	0.669682822208237	0.00322782384820916
897	MvSl-1064-A2-R4_MC06-2g07642	1.34705814647601	4.97141793580849e-05
898	MvSl-1064-A2-R4_MC06-2g07706	2.0089483906519	1.82873502886578e-17
899	MvSl-1064-A2-R4_MC06-2g07707	1.91000993618115	6.1678388848921e-21
900	MvSl-1064-A2-R4_MC06-2g07708	0.879598886757923	0.0203963654115064
901	MvSl-1064-A2-R4_MC06-2g07731	0.661970169433286	0.00637751457854359
902	MvSl-1064-A2-R4_MC06-2g07754	2.91760851292682	2.70329661383415e-22
903	MvSl-1064-A2-R4_MC06-2g07787	0.730903031697931	0.0194465106617893
904	MvSl-1064-A2-R4_MC06-2g07792	1.57581308404186	2.60918973001619e-10
905	MvSl-1064-A2-R4_MC06-2g07793	0.782421530480396	0.00110874436568242
906	MvSl-1064-A2-R4_MC06-2g07800	1.12880270532278	0.010750323363293
907	MvSl-1064-A2-R4_MC06-2g07805	1.26938719500861	0.038727731731575
908	MvSl-1064-A2-R4_MC07g07815	1.25174618666484	6.60387855365862e-06
909	MvSl-1064-A2-R4_MC07g07826	2.3297443828487	8.65967800580938e-29
910	MvSl-1064-A2-R4_MC07g07851	0.848974852357314	0.00698917263337188
911	MvSl-1064-A2-R4_MC07g07907	1.05379437721044	0.00326682598476404
912	MvSl-1064-A2-R4_MC07g07922	0.595399386485636	0.0327466572493423
913	MvSl-1064-A2-R4_MC07g07941	2.76050296337208	8.7925002734951e-13
914	MvSl-1064-A2-R4_MC07g07942	2.21007793076052	6.34697774535951e-23
915	MvSl-1064-A2-R4_MC07g07943	2.25138330557972	8.38263226555416e-24
916	MvSl-1064-A2-R4_MC07g07954	0.890834848862495	1.48433139645423e-05
917	MvSl-1064-A2-R4_MC07g07955	0.713450076953008	0.000576126415172013
918	MvSl-1064-A2-R4_MC07g07963	0.727281210863468	0.0155880968826501
919	MvSl-1064-A2-R4_MC07g08071	1.38993067009779	2.58394359879466e-09
920	MvSl-1064-A2-R4_MC07g08072	1.10967628535732	0.000438821327259811
921	MvSl-1064-A2-R4_MC07g08090	1.05372726314475	0.0484659637212004
922	MvSl-1064-A2-R4_MC07g08093	0.873245091781816	0.00171239507222509
923	MvSl-1064-A2-R4_MC07g08095	0.654921234725199	0.0318224649035262
924	MvSl-1064-A2-R4_MC07g08100	1.40607840709339	0.00287180859055073
925	MvSl-1064-A2-R4_MC07g08104	0.817418335531418	0.000952906030558609
926	MvSl-1064-A2-R4_MC07g08116	1.50358806639653	0.003490477588977
927	MvSl-1064-A2-R4_MC07g08121	0.699674251356709	0.0456541472223326
928	MvSl-1064-A2-R4_MC07g08125	0.509180952042218	0.0359403821336115
929	MvSl-1064-A2-R4_MC07g08156	0.713281222526705	0.0103035162260986
930	MvSl-1064-A2-R4_MC07g08176	0.751946823447345	0.0034355050723238
931	MvSl-1064-A2-R4_MC07g08179	1.11531284448519	3.42170944667891e-06
932	MvSl-1064-A2-R4_MC07g08193	0.761468436872185	0.0111783493957629
933	MvSl-1064-A2-R4_MC07g08226	1.56447573092628	3.23618046426811e-08
934	MvSl-1064-A2-R4_MC07g08289	0.673606802025016	0.0348046970093197
935	MvSl-1064-A2-R4_MC07g08301	0.678997274893352	0.0401015523040827
936	MvSl-1064-A2-R4_MC07g08322	1.01229290734586	0.000277017673488495
937	MvSl-1064-A2-R4_MC07g08328	1.74710163672662	3.92319631769318e-12
938	MvSl-1064-A2-R4_MC07g08329	0.615241775532259	0.0185729457473918
939	MvSl-1064-A2-R4_MC07g08343	1.17772668948439	0.00312248165671225
940	MvSl-1064-A2-R4_MC07g08344	0.710841944223769	0.00841153613065522
941	MvSl-1064-A2-R4_MC07g08348	0.654373567422632	0.0303266429219387
942	MvSl-1064-A2-R4_MC07g08359	0.869758875737121	8.33730977701292e-05
943	MvSl-1064-A2-R4_MC07g08362	0.910798513534506	0.0078951214182066
944	MvSl-1064-A2-R4_MC07g08404	2.03772076017208	0.00147346410718015
945	MvSl-1064-A2-R4_MC07g08405	1.81236403591905	0.00341644528146093
946	MvSl-1064-A2-R4_MC07g08432	0.859832337353963	0.00175389188750713
947	MvSl-1064-A2-R4_MC07g08454	2.49332138134381	1.16286651459652e-17
948	MvSl-1064-A2-R4_MC07g08476	1.20267423106396	0.000289358087662072
949	MvSl-1064-A2-R4_MC07g08489	0.656324010370983	0.0131743840499141
950	MvSl-1064-A2-R4_MC07g08505	0.582078476549498	0.0330209450289222
951	MvSl-1064-A2-R4_MC08-1g08540	1.74607983518668	3.2932963440842e-06
952	MvSl-1064-A2-R4_MC08-1g08567	1.49574825636644	2.38121158490486e-05
953	MvSl-1064-A2-R4_MC08-1g08590	0.853162533137464	0.0252412575600862
954	MvSl-1064-A2-R4_MC08-1g08597	1.32933919653523	0.000686260544719626
955	MvSl-1064-A2-R4_MC08-1g08598	0.502662063491414	0.034839963862558
956	MvSl-1064-A2-R4_MC08-1g08615	2.20713981011537	2.93829567151483e-26
957	MvSl-1064-A2-R4_MC08-1g08616	0.951891619320289	1.6933478237061e-05
958	MvSl-1064-A2-R4_MC08-1g08634	3.03697284714741	8.23838445701373e-15
959	MvSl-1064-A2-R4_MC08-1g08651	0.500707591942607	0.0431507224656455
960	MvSl-1064-A2-R4_MC08-1g08681	0.553543017208477	0.0365253269170219
961	MvSl-1064-A2-R4_MC08-1g08690	0.857664710997227	0.000594939581823903
962	MvSl-1064-A2-R4_MC08-1g08736	1.76999939514275	0.000849221393153426
963	MvSl-1064-A2-R4_MC08-1g08749	0.729112162872402	0.0248603474047443
964	MvSl-1064-A2-R4_MC08-1g08761	0.882137047223176	0.0227468904282951
965	MvSl-1064-A2-R4_MC08-1g08763	2.76055970279952	1.65596686320042e-16
966	MvSl-1064-A2-R4_MC08-1g08764	2.519321365168	3.75073519508361e-08
967	MvSl-1064-A2-R4_MC08-1g08782	1.03941048964368	0.000884629912701606
968	MvSl-1064-A2-R4_MC08-1g08832	0.56432683813819	0.0338420799769569
969	MvSl-1064-A2-R4_MC08-1g08855	0.944785048504947	0.020740606639656
970	MvSl-1064-A2-R4_MC08-1g08856	0.837672133293003	0.000798321775743175
971	MvSl-1064-A2-R4_MC08-1g08896	0.699195007970435	0.0438211889571453
972	MvSl-1064-A2-R4_MC08-1g08897	0.757088931167653	0.0373471557586497
973	MvSl-1064-A2-R4_MC08-1g08901	0.99530538360159	0.00705577140425297
974	MvSl-1064-A2-R4_MC08-1g08909	1.04120070462806	0.0183638341460721
975	MvSl-1064-A2-R4_MC08-1g08914	1.96971602528488	1.39019902572683e-10
976	MvSl-1064-A2-R4_MC08-1g08932	4.39395836215802	0.000112622534154496
977	MvSl-1064-A2-R4_MC08-1g08950	0.871274550586907	0.000204463183561472
978	MvSl-1064-A2-R4_MC08-1g08957	0.667923650019453	0.0358638392239047
979	MvSl-1064-A2-R4_MC08-1g08958	0.793620396213016	0.00156961531380929
980	MvSl-1064-A2-R4_MC08-1g08974	0.837299117685839	0.00971697096266937
981	MvSl-1064-A2-R4_MC08-1g08984	1.00847389386039	0.032897471607626
982	MvSl-1064-A2-R4_MC08-1g09005	0.600771423620352	0.00869488810473341
983	MvSl-1064-A2-R4_MC08-1g09006	0.584029738498065	0.0303937893654458
984	MvSl-1064-A2-R4_MC08-1g09013	0.891088391435458	0.00778574873175403
985	MvSl-1064-A2-R4_MC08-1g09014	1.30673622070574	7.14618150856222e-08
986	MvSl-1064-A2-R4_MC08-2g09029	0.891088449893874	0.00777106151225255
987	MvSl-1064-A2-R4_MC08-2g09030	1.30673617644834	7.16114938141769e-08
988	MvSl-1064-A2-R4_MC08-2g09041	3.62278589834351	2.13408517894705e-43
989	MvSl-1064-A2-R4_MC08-2g09042	2.01005845689408	2.37445316352445e-21
990	MvSl-1064-A2-R4_MC08-2g09043	2.35641135543248	4.21566433784411e-21
991	MvSl-1064-A2-R4_MC08-2g09055	0.81507993615638	0.0107020369803452
992	MvSl-1064-A2-R4_MC08-2g09062	2.42206657897928	7.03282785832324e-07
993	MvSl-1064-A2-R4_MC08-2g09064	1.07881404789433	2.48314955677402e-07
994	MvSl-1064-A2-R4_MC08-2g09118	1.69421421423743	0.000236726618742947
995	MvSl-1064-A2-R4_MC08-2g09119	1.78520406882719	0.00036449963378936
996	MvSl-1064-A2-R4_MC08-2g09124	0.569377631614836	0.0171574343066392
997	MvSl-1064-A2-R4_MC08-2g09129	0.686746546077195	0.00767699343222819
998	MvSl-1064-A2-R4_MC08-2g09147	1.11320449242732	0.00865807384950966
999	MvSl-1064-A2-R4_MC09g09194	1.10850806296044	0.0394222854457971
1000	MvSl-1064-A2-R4_MC09g09216	0.597607757780634	0.0488724599509482
1001	MvSl-1064-A2-R4_MC09g09257	1.02941767378355	0.0164197150137778
1002	MvSl-1064-A2-R4_MC09g09294	1.24156179088127	0.0145692502858048
1003	MvSl-1064-A2-R4_MC09g09306	1.41685553325329	0.00295628798879346
1004	MvSl-1064-A2-R4_MC09g09315	0.694947558988613	0.0224765343571147
1005	MvSl-1064-A2-R4_MC09g09350	0.964326797970207	0.0103235953232003
1006	MvSl-1064-A2-R4_MC09g09373	1.03736640968044	0.0234989015009936
1007	MvSl-1064-A2-R4_MC09g09390	0.758635331409968	0.00907488168977863
1008	MvSl-1064-A2-R4_MC09g09397	0.5363709668901	0.0402057361691475
1009	MvSl-1064-A2-R4_MC09g09420	1.75373783221956	3.88309960242739e-05
1010	MvSl-1064-A2-R4_MC09g09518	1.34170992044658	0.00219185445747867
1011	MvSl-1064-A2-R4_MC09g09577	0.744419728551234	0.00187014149954184
1012	MvSl-1064-A2-R4_MC09g09616	0.692693550158615	0.0204070844894002
1013	MvSl-1064-A2-R4_MC09g09617	1.15085407186021	0.007615306477947
1014	MvSl-1064-A2-R4_MC09g09654	2.84751016294952	8.94924511054693e-15
1015	MvSl-1064-A2-R4_MC09g09680	1.85889378428825	0.0475303438053496
1016	MvSl-1064-A2-R4_MC09g09687	0.569622234144686	0.041212784098784
1017	MvSl-1064-A2-R4_MC09g09738	1.09941246119243	3.28750505776384e-05
1018	MvSl-1064-A2-R4_MC09g09745	0.5058958167936	0.0415868145541849
1019	MvSl-1064-A2-R4_MC09g09754	1.29709420967209	0.00851200666314962
1020	MvSl-1064-A2-R4_MC09g09797	1.68425593520239	0.000947189670972465
1021	MvSl-1064-A2-R4_MC09g09798	1.00248235551731	2.32646807204986e-05
1022	MvSl-1064-A2-R4_MC09g09801	0.66688931227429	0.00398046014262166
1023	MvSl-1064-A2-R4_MC09g09803	0.575416087086239	0.0415316058066459
1024	MvSl-1064-A2-R4_MC09g09805	1.9969772798982	7.60981037471324e-11
1025	MvSl-1064-A2-R4_MC09g09819	0.696704173946829	0.0120653823985674
1026	MvSl-1064-A2-R4_MC09g09839	0.859654203280273	0.0266063299255092
1027	MvSl-1064-A2-R4_MC10g09912	0.708763463309374	0.00424773840441643
1028	MvSl-1064-A2-R4_MC10g09962	0.601943936976527	0.0171029578187468
1029	MvSl-1064-A2-R4_MC10g09963	0.500795630493262	0.0354806451563185
1030	MvSl-1064-A2-R4_MC10g09994	1.08637297166935	2.27698109779194e-05
1031	MvSl-1064-A2-R4_MC10g09997	1.45134209971739	1.73912787671265e-06
1032	MvSl-1064-A2-R4_MC10g09999	1.56641030219342	0.00138880948143482
1033	MvSl-1064-A2-R4_MC10g10010	0.707267617754601	0.0353253477788361
1034	MvSl-1064-A2-R4_MC10g10013	0.575293512832529	0.0190026033166712
1035	MvSl-1064-A2-R4_MC10g10015	0.498258395537817	0.0363147046144907
1036	MvSl-1064-A2-R4_MC10g10021	1.93069999125837	0.000107642485259201
1037	MvSl-1064-A2-R4_MC10g10047	12.8454954125944	3.38500169442027e-06
1038	MvSl-1064-A2-R4_MC10g10100	1.64807553853522	5.17829478999672e-12
1039	MvSl-1064-A2-R4_MC10g10137	1.04692191026734	0.0021702108952668
1040	MvSl-1064-A2-R4_MC10g10139	0.603753659266085	0.0423058230804239
1041	MvSl-1064-A2-R4_MC10g10164	1.6297174193205	0.0435196071628658
1042	MvSl-1064-A2-R4_MC10g10185	1.55851290533038	0.00238925010639031
1043	MvSl-1064-A2-R4_MC10g10186	1.04418290189982	0.0469270824539251
1044	MvSl-1064-A2-R4_MC10g10189	0.747799569182262	0.0260064612957868
1045	MvSl-1064-A2-R4_MC10g10222	1.16034805567115	0.0191876673827055
1046	MvSl-1064-A2-R4_MC10g10244	1.79855403154136	3.31010941544762e-07
1047	MvSl-1064-A2-R4_MC10g10250	1.88729175339519	8.88957620581778e-09
1048	MvSl-1064-A2-R4_MC10g10289	1.23032895256866	0.00020560286019223
1049	MvSl-1064-A2-R4_MC10g10309	2.21350824432855	5.33482783602337e-08
1050	MvSl-1064-A2-R4_MC10g10314	1.05516478953083	5.30509010960119e-06
1051	MvSl-1064-A2-R4_MC10g10326	1.39207722849247	0.0028388485998549
1052	MvSl-1064-A2-R4_MC10g10336	0.701589736149866	0.00804899307189269
1053	MvSl-1064-A2-R4_MC10g10354	2.3490507630035	6.25087357656503e-07
1054	MvSl-1064-A2-R4_MC10g10362	2.70090179602407	8.19215178579751e-24
1055	MvSl-1064-A2-R4_MC10g10366	0.635841403792413	0.0415868145541849
1056	MvSl-1064-A2-R4_MC10g10372	2.04045557813307	6.2896326407144e-13
1057	MvSl-1064-A2-R4_MC10g10387	1.36387369717518	0.00138110221825827
1058	MvSl-1064-A2-R4_MC10g10389	1.55612512000619	0.000215064722921854
1059	MvSl-1064-A2-R4_MC10g10398	3.54505601861839	0.000643450825927953
1060	MvSl-1064-A2-R4_MC10g10409	0.683699645092639	0.0397641709656477
1061	MvSl-1064-A2-R4_MC11g10457	0.807977631872274	0.00589004068962572
1062	MvSl-1064-A2-R4_MC11g10460	2.36154845617929	1.72076963512105e-06
1063	MvSl-1064-A2-R4_MC11g10467	0.86760367380796	0.000338679881878401
1064	MvSl-1064-A2-R4_MC11g10473	0.766954182214074	0.00932436887086433
1065	MvSl-1064-A2-R4_MC11g10491	0.870664189758264	0.0359671731733046
1066	MvSl-1064-A2-R4_MC11g10500	1.56589261360143	5.91016722979541e-06
1067	MvSl-1064-A2-R4_MC11g10506	0.642442140958873	0.00711001415164672
1068	MvSl-1064-A2-R4_MC11g10516	0.987636841740162	0.00378955665949854
1069	MvSl-1064-A2-R4_MC11g10522	1.44392250104066	0.000168822401807329
1070	MvSl-1064-A2-R4_MC11g10525	0.614721797833211	0.0295787225604232
1071	MvSl-1064-A2-R4_MC11g10569	0.638069491891374	0.00477603614279057
1072	MvSl-1064-A2-R4_MC11g10576	2.76872400320973	2.35551758916117e-11
1073	MvSl-1064-A2-R4_MC11g10596	1.44250717706208	1.31143467069309e-12
1074	MvSl-1064-A2-R4_MC11g10603	0.775688302665221	0.00239485423784818
1075	MvSl-1064-A2-R4_MC11g10604	0.817135804794801	0.0064990096714332
1076	MvSl-1064-A2-R4_MC11g10607	1.52495216658538	0.00214863506925549
1077	MvSl-1064-A2-R4_MC11g10612	1.89828272074959	4.19913804065275e-06
1078	MvSl-1064-A2-R4_MC11g10628	0.868158195262729	0.00104206248752743
1079	MvSl-1064-A2-R4_MC11g10634	1.4302184706334	0.0359403821336115
1080	MvSl-1064-A2-R4_MC11g10647	1.64795345312229	3.6038640459355e-08
1081	MvSl-1064-A2-R4_MC11g10648	1.83610258112792	3.92944755899004e-11
1082	MvSl-1064-A2-R4_MC11g10649	0.736386090109331	0.0115945782284235
1083	MvSl-1064-A2-R4_MC11g10660	0.613138101896518	0.0401940596547369
1084	MvSl-1064-A2-R4_MC11g10666	0.660298213370065	0.0158222206405755
1085	MvSl-1064-A2-R4_MC11g10674	0.628304404045221	0.0103035162260986
1086	MvSl-1064-A2-R4_MC11g10689	2.59618360375701	0.00135848500328853
1087	MvSl-1064-A2-R4_MC11g10690	0.990553952957491	0.000132921473083188
1088	MvSl-1064-A2-R4_MC11g10700	0.608266056263398	0.00725247833988985
1089	MvSl-1064-A2-R4_MC11g10714	1.15970446953846	6.94365674537051e-05
1090	MvSl-1064-A2-R4_MC11g10715	1.19763846487626	3.00910792721722e-06
1091	MvSl-1064-A2-R4_MC11g10722	0.567705101496711	0.0431123755149255
1092	MvSl-1064-A2-R4_MC11g10744	1.02691680220329	0.000107642485259201
1093	MvSl-1064-A2-R4_MC11g10793	1.46914649204711	0.000843166479886507
1094	MvSl-1064-A2-R4_MC11g10798	0.804825707287878	0.000403502657208143
1095	MvSl-1064-A2-R4_MC11g10805	0.71131389382099	0.0121113384441275
1096	MvSl-1064-A2-R4_MC11g10835	1.48487590244425	0.000217962063623513
1097	MvSl-1064-A2-R4_MC11g10840	3.46515724698499	1.25270098186641e-10
1098	MvSl-1064-A2-R4_MC11g10848	0.664844337942098	0.00429080440832083
1099	MvSl-1064-A2-R4_MC11g10849	2.29093804544221	8.01858623915378e-10
1100	MvSl-1064-A2-R4_MC11g10864	1.73626345795263	0.00916413326559618
1101	MvSl-1064-A2-R4_MC11g10870	2.5298278655857	7.86519710153349e-18
1102	MvSl-1064-A2-R4_MC11g10872	1.63967449488721	8.29690304605921e-12
1103	MvSl-1064-A2-R4_MC11g10891	1.83710224870152	3.55895598332913e-10
1104	MvSl-1064-A2-R4_MC11g10892	1.2012900169615	0.0369713741007711
1105	MvSl-1064-A2-R4_MC11g10893	1.51047484566239	0.0016913091262385
1106	MvSl-1064-A2-R4_MC11g10894	1.27555671492985	0.00783814682570545
1107	MvSl-1064-A2-R4_MC11g10898	0.725194423075004	0.0213561966942433
1108	MvSl-1064-A2-R4_MC11g10901	0.559462401628501	0.0221209864386301
1109	MvSl-1064-A2-R4_MC11g10912	1.45141523012487	0.000773439995915771
1110	MvSl-1064-A2-R4_MC11g10920	0.630148598446204	0.00550642944569963
1111	MvSl-1064-A2-R4_MC11g10922	1.00492377610861	0.0039587676741735
1112	MvSl-1064-A2-R4_MC11g10923	1.31600384921682	0.00116063928955631
1113	MvSl-1064-A2-R4_MC11g10924	1.12742157588123	0.00219367318431368
1114	MvSl-1064-A2-R4_MC11g10925	0.996188619081086	0.000641231339321702
1115	MvSl-1064-A2-R4_MC11g10934	0.942875285572066	0.0355964893118814
1116	MvSl-1064-A2-R4_MC11g10944	1.06230450965267	0.00165674690401729
1117	MvSl-1064-A2-R4_MC11g10945	1.84486348367644	6.33999933080625e-06
1118	MvSl-1064-A2-R4_MC11g10950	1.03325800827233	0.0414081870037774
1119	MvSl-1064-A2-R4_MC11g10960	0.677136543634335	0.0136037548972648
1120	MvSl-1064-A2-R4_MC11g10971	0.586053102294137	0.045334155399078
1121	MvSl-1064-A2-R4_MC11g10982	1.48002616820067	0.00971001049046815
1122	MvSl-1064-A2-R4_MC11g10984	0.576803710497653	0.018506353646898
1123	MvSl-1064-A2-R4_MC11g10992	1.40557875624908	0.003196975489503
1124	MvSl-1064-A2-R4_MC12g11012	1.63521675363399	5.24649423686045e-06
1125	MvSl-1064-A2-R4_MC12g11014	2.59122780252802	2.10274303049359e-17
1126	MvSl-1064-A2-R4_MC12g11020	3.71578686928808	3.20092781621919e-25
1127	MvSl-1064-A2-R4_MC12g11021	2.00066872874974	1.39762446404253e-09
1128	MvSl-1064-A2-R4_MC12g11040	1.36639530839099	7.87668502041895e-05
1129	MvSl-1064-A2-R4_MC12g11041	3.3205561171456	6.27618189019535e-22
1130	MvSl-1064-A2-R4_MC12g11042	3.12914781237354	5.24294871927135e-15
1131	MvSl-1064-A2-R4_MC12g11057	0.607267515097805	0.0368767281598906
1132	MvSl-1064-A2-R4_MC12g11071	1.45746653712861	6.48294823105927e-06
1133	MvSl-1064-A2-R4_MC12g11148	0.597657866335647	0.0315612594239289
1134	MvSl-1064-A2-R4_MC12g11157	0.963033172491909	0.00569253010695786
1135	MvSl-1064-A2-R4_MC12g11167	0.786979097934849	0.00448180491869445
1136	MvSl-1064-A2-R4_MC12g11173	1.03589932346437	0.00617502068927878
1137	MvSl-1064-A2-R4_MC12g11183	2.19306588175145	3.08396033726999e-09
1138	MvSl-1064-A2-R4_MC12g11193	0.811878340049998	0.00197634128271428
1139	MvSl-1064-A2-R4_MC12g11242	1.33681690160742	1.5081295963716e-07
1140	MvSl-1064-A2-R4_MC12g11251	1.67156422551329	3.29039027964195e-07
1141	MvSl-1064-A2-R4_MC12g11254	0.994012105887961	0.00526781744565562
1142	MvSl-1064-A2-R4_MC12g11265	0.636780183168578	0.0150640479829669
1143	MvSl-1064-A2-R4_MC12g11268	1.33415806099643	0.00112698636929907
1144	MvSl-1064-A2-R4_MC12g11285	0.705907011697987	0.00605614112080626
1145	MvSl-1064-A2-R4_MC12g11293	1.22373575921003	0.000520007532585353
1146	MvSl-1064-A2-R4_MC12g11299	1.92541140192679	0.0103377913814493
1147	MvSl-1064-A2-R4_MC12g11323	0.794685458649521	0.0174389753862863
1148	MvSl-1064-A2-R4_MC12g11329	0.756173007863482	0.0224414361744838
1149	MvSl-1064-A2-R4_MC12g11375	2.93948447874999	1.00966069345035e-05
1150	MvSl-1064-A2-R4_MC12g11389	0.764588684603517	0.00319398023200313
1151	MvSl-1064-A2-R4_MC12g11398	1.07984666132532	0.0246028113624874
1152	MvSl-1064-A2-R4_MC12g11411	1.6472239081771	2.01159251288887e-05
1153	MvSl-1064-A2-R4_MC12g11427	1.37630748069135	0.0124164930925146
1154	MvSl-1064-A2-R4_MC12g11433	0.885126759444487	0.0267591349422803
1155	MvSl-1064-A2-R4_MC12g11449	1.47996085872869	0.000196665851352311
1156	MvSl-1064-A2-R4_MC12g11450	0.724915096465195	0.00319398023200313
1157	MvSl-1064-A2-R4_MC12g11457	1.23188065055471	0.0315436436357256
1158	MvSl-1064-A2-R4_MC12g11461	0.807333545131699	0.00150104742534884
1159	MvSl-1064-A2-R4_MC12g11469	1.68306961618898	4.13215966570485e-12
1160	MvSl-1064-A2-R4_MC12g11478	1.14439935295514	0.00221101751154309
1161	MvSl-1064-A2-R4_MC13g11553	0.763450489071047	0.010807874688437
1162	MvSl-1064-A2-R4_MC13g11574	1.1728531408791	0.0128489417087857
1163	MvSl-1064-A2-R4_MC13g11590	2.94075976985357	5.41417002211881e-12
1164	MvSl-1064-A2-R4_MC13g11591	2.10973830676209	0.000107469369169285
1165	MvSl-1064-A2-R4_MC13g11595	0.986873744348651	0.0433213076582114
1166	MvSl-1064-A2-R4_MC13g11596	1.08421993415633	0.000355274584774977
1167	MvSl-1064-A2-R4_MC13g11604	1.08421994457333	0.000355808507433225
1168	MvSl-1064-A2-R4_MC13g11649	0.76402682964565	0.00245921704954163
1169	MvSl-1064-A2-R4_MC13g11655	2.71864605203276	1.43176207742618e-26
1170	MvSl-1064-A2-R4_MC13g11656	0.601423074675132	0.0112923131423128
1171	MvSl-1064-A2-R4_MC13g11677	2.7714272854557	9.68547677732577e-08
1172	MvSl-1064-A2-R4_MC13g11678	2.45174446597147	2.92043359916352e-05
1173	MvSl-1064-A2-R4_MC13g11679	2.42104830328674	2.70359821440711e-10
1174	MvSl-1064-A2-R4_MC13g11694	1.19118578730909	5.30509010960119e-06
1175	MvSl-1064-A2-R4_MC13g11701	0.796935969818455	0.000774753571470829
1176	MvSl-1064-A2-R4_MC13g11723	0.705848427635619	0.0300665363266359
1177	MvSl-1064-A2-R4_MC13g11735	0.535962835406877	0.0424094993873376
1178	MvSl-1064-A2-R4_MC13g11780	1.05338192417827	0.00905851777440897
1179	MvSl-1064-A2-R4_MC13g11782	0.923340959396378	0.000110447651819326
1180	MvSl-1064-A2-R4_MC13g11790	0.559755140909262	0.0379192069295147
1181	MvSl-1064-A2-R4_MC13g11802	1.94563969853533	0.00948332681227885
1182	MvSl-1064-A2-R4_MC13g11803	2.16764658228281	0.000404371892901302
1183	MvSl-1064-A2-R4_MC13g11837	0.908379442725693	0.0087329445058739
1184	MvSl-1064-A2-R4_MC13g11858	0.887171216031224	0.000240284147374646
1185	MvSl-1064-A2-R4_MC13g11859	2.36579332433793	3.39124478080304e-05
1186	MvSl-1064-A2-R4_MC13g11860	1.64716512224367	0.000109174688769073
1187	MvSl-1064-A2-R4_MC13g11868	1.26890212606185	6.69012666129257e-07
1188	MvSl-1064-A2-R4_MC13g11869	0.868294956322818	0.0227468904282951
1189	MvSl-1064-A2-R4_MC13g11877	1.66903358870323	4.7034439533617e-11
1190	MvSl-1064-A2-R4_MC13g11880	0.792281968931703	0.00526764003910353
1191	MvSl-1064-A2-R4_MC13g11885	1.27307440572641	0.018236785431223
1192	MvSl-1064-A2-R4_MC13g11910	1.0414662465541	0.00954308484558953
1193	MvSl-1064-A2-R4_MC13g11914	0.894473146127608	0.00154961332999747
1194	MvSl-1064-A2-R4_MC13g11964	2.15832316421916	7.86364928266734e-10
1195	MvSl-1064-A2-R4_MC13g11975	1.02945347424835	0.00265507171142374
1196	MvSl-1064-A2-R4_MC13g11976	0.768254484855198	0.00126259961164338
1197	MvSl-1064-A2-R4_MC14g12011	1.43250950192695	8.62162208691574e-11
1198	MvSl-1064-A2-R4_MC14g12023	0.788058621696235	0.0144373234141424
1199	MvSl-1064-A2-R4_MC14g12024	1.16646042591413	0.00642853768579255
1200	MvSl-1064-A2-R4_MC14g12033	0.921544809703339	0.0319390855716254
1201	MvSl-1064-A2-R4_MC14g12065	1.12249966266645	0.000202083408663077
1202	MvSl-1064-A2-R4_MC14g12081	0.839140209909748	0.0206355078806147
1203	MvSl-1064-A2-R4_MC14g12146	1.03586872051151	0.0215398197746013
1204	MvSl-1064-A2-R4_MC14g12223	2.83772567679013	4.57272702411439e-21
1205	MvSl-1064-A2-R4_MC14g12226	1.47439300898271	0.000480459167919791
1206	MvSl-1064-A2-R4_MC14g12233	1.0110626490593	0.00880237965302467
1207	MvSl-1064-A2-R4_MC14g12240	1.05308760852288	0.03489167328035
1208	MvSl-1064-A2-R4_MC14g12244	1.47442287757169	0.000566211113636554
1209	MvSl-1064-A2-R4_MC15g12264	0.787984633387191	0.00138073324993103
1210	MvSl-1064-A2-R4_MC15g12268	1.53925120300574	1.38449379781629e-12
1211	MvSl-1064-A2-R4_MC15g12289	1.25270728141131	0.00127724512243313
1212	MvSl-1064-A2-R4_MC15g12332	2.06837731416712	0.000780744029859773
1213	MvSl-1064-A2-R4_MC15g12351	0.832767070217818	0.0285834820304044
1214	MvSl-1064-A2-R4_MC15g12370	1.06092667238351	0.0133680013488648
1215	MvSl-1064-A2-R4_MC18g12513	1.64410194765189	0.00693995693769832
