gene    intron_nr       location        start   end     mean    sum
MvSl-1064-A1-R4_A1g00021	1 MvSl-1064-A1-R4_A1	40507		40364	142	142
MvSl-1064-A1-R4_A1g00073	3 MvSl-1064-A1-R4_A1	165425		165610	107.667	323
MvSl-1064-A1-R4_A1g00079	10 MvSl-1064-A1-R4_A1	184767		184703	83.6	836
MvSl-1064-A1-R4_A1g00080	3 MvSl-1064-A1-R4_A1	186259		186395	92	276
MvSl-1064-A1-R4_A1g00081	8 MvSl-1064-A1-R4_A1	187744		187903	84	672
MvSl-1064-A1-R4_A1g00107	11 MvSl-1064-A1-R4_A1	234487		234635	89	979
MvSl-1064-A1-R4_A1g00112	2 MvSl-1064-A1-R4_A1	246104		245987	148	296
MvSl-1064-A1-R4_A1g00154	1 MvSl-1064-A1-R4_A1	343415		343287	127	127
MvSl-1064-A1-R4_A1g00163	1 MvSl-1064-A1-R4_A1	356184		356241	56	56
MvSl-1064-A1-R4_A1g00165	6 MvSl-1064-A1-R4_A1	358055		358198	82.8333	497
MvSl-1064-A1-R4_A1g00209	3 MvSl-1064-A1-R4_A1	468399		468847	204.667	614
MvSl-1064-A1-R4_A1g00242	4 MvSl-1064-A1-R4_A1	548445		548339	84.25	337
MvSl-1064-A1-R4_A1g00246	2 MvSl-1064-A1-R4_A1	552163		552408	173	346
MvSl-1064-A1-R4_A1g00254	3 MvSl-1064-A1-R4_A1	583577		583502	73	219
MvSl-1064-A1-R4_A1g00270	3 MvSl-1064-A1-R4_A1	622809		622336	208	624
MvSl-1064-A1-R4_A1g00292	8 MvSl-1064-A1-R4_A1	681346		681149	90.125	721
MvSl-1064-A1-R4_A1g00312	1 MvSl-1064-A1-R4_A1	719118		718999	118	118
MvSl-1064-A1-R4_A1g00400	7 MvSl-1064-A1-R4_A1	908709		908785	91.2857	639
MvSl-1064-A1-R4_A1g00453	1 MvSl-1064-A1-R4_A1	1017159		1017207	47	47
MvSl-1064-A1-R4_A1g00495	2 MvSl-1064-A1-R4_A1	1099452		1099235	144.5	289
MvSl-1064-A1-R4_A1g00516	6 MvSl-1064-A1-R4_A1	1150349		1150148	131.5	789
MvSl-1064-A1-R4_A1g00522	6 MvSl-1064-A1-R4_A1	1164183		1164101	84.6667	508
MvSl-1064-A1-R4_A1g00594	3 MvSl-1064-A1-R4_A1	1305176		1305220	102.333	307
MvSl-1064-A1-R4_A1g00624	7 MvSl-1064-A1-R4_A1	1357187		1357366	107.286	751
MvSl-1064-A1-R4_A1g00635	10 MvSl-1064-A1-R4_A1	1379153		1379218	66.5	665
MvSl-1064-A1-R4_A1g00641	1 MvSl-1064-A1-R4_A1	1386261		1386390	128	128
MvSl-1064-A1-R4_A1g00644	1 MvSl-1064-A1-R4_A1	1391738		1391581	156	156
MvSl-1064-A1-R4_A1g00646	2 MvSl-1064-A1-R4_A1	1397314		1397247	86	172
MvSl-1064-A1-R4_A1g00648	3 MvSl-1064-A1-R4_A1	1402582		1402466	109.667	329
MvSl-1064-A1-R4_A1g00668	7 MvSl-1064-A1-R4_A1	1440106		1439825	131	917
MvSl-1064-A1-R4_A1g00718	2 MvSl-1064-A1-R4_A1	1527305		1527380	71.5	143
MvSl-1064-A1-R4_A1g00800	8 MvSl-1064-A1-R4_A1	1699507		1699713	102.375	819
MvSl-1064-A1-R4_A1g00835	2 MvSl-1064-A1-R4_A1	1769483		1769556	65.5	131
MvSl-1064-A1-R4_A1g00853	6 MvSl-1064-A1-R4_A1	1834899		1835218	114.833	689
MvSl-1064-A1-R4_A1g00854	8 MvSl-1064-A1-R4_A1	1841289		1840994	97.125	777
MvSl-1064-A1-R4_A1g00920	4 MvSl-1064-A1-R4_A1	1985305		1985482	115.5	462
MvSl-1064-A1-R4_A1g00929	2 MvSl-1064-A1-R4_A1	2004141		2004190	69	138
MvSl-1064-A1-R4_A1g00956	1 MvSl-1064-A1-R4_A1	2054253		2054169	83	83
MvSl-1064-A1-R4_A1g00959	1 MvSl-1064-A1-R4_A1	2058312		2058392	79	79
MvSl-1064-A1-R4_A1g00970	3 MvSl-1064-A1-R4_A1	2082835		2082909	71.3333	214
MvSl-1064-A1-R4_A1g00972	3 MvSl-1064-A1-R4_A1	2086096		2086204	81.3333	244
MvSl-1064-A1-R4_A1g00997	4 MvSl-1064-A1-R4_A1	2141166		2141079	92.25	369
MvSl-1064-A1-R4_A1g01137	6 MvSl-1064-A1-R4_A1	2518377		2518308	77.5	465
MvSl-1064-A1-R4_A1g01162	2 MvSl-1064-A1-R4_A1	2576172		2576108	68	136
MvSl-1064-A1-R4_A1g01163	4 MvSl-1064-A1-R4_A1	2576855		2576939	87	348
MvSl-1064-A1-R4_A1g01164	10 MvSl-1064-A1-R4_A1	2582500		2582379	83.2	832
MvSl-1064-A1-R4_A1g01212	7 MvSl-1064-A1-R4_A1	2692651		2692550	79.5714	557
MvSl-1064-A1-R4_A1g01220	8 MvSl-1064-A1-R4_A1	2709695		2709763	86.125	689
MvSl-1064-A1-R4_A1g01253	4 MvSl-1064-A1-R4_A1	2777593		2777453	105	420
MvSl-1064-A1-R4_A1g01261	7 MvSl-1064-A1-R4_A1	2791788		2792321	146	1022
MvSl-1064-A1-R4_A1g01282	3 MvSl-1064-A1-R4_A1	2836748		2836550	115	345
MvSl-1064-A1-R4_A1g01347	5 MvSl-1064-A1-R4_A1	2987775		2987907	89.4	447
MvSl-1064-A1-R4_A1g01358	1 MvSl-1064-A1-R4_A1	3017873		3017929	55	55
MvSl-1064-A1-R4_A1g01359	5 MvSl-1064-A1-R4_A1	3020004		3019930	78.2	391
MvSl-1064-A1-R4_A1g01376	11 MvSl-1064-A1-R4_A1	3073625		3073553	71.8182	790
MvSl-1064-A1-R4_A1g01384	1 MvSl-1064-A1-R4_A1	3094021		3094099	77	77
MvSl-1064-A1-R4_A1g01432	4 MvSl-1064-A1-R4_A1	3196284		3196201	84.25	337
MvSl-1064-A1-R4_MC01-1g01829	2 MvSl-1064-A1-R4_MC01-1	311451		311410	49.5	99
MvSl-1064-A1-R4_MC01-1g01952	2 MvSl-1064-A1-R4_MC01-1	651050		651267	185	370
MvSl-1064-A1-R4_MC01-1g01957	3 MvSl-1064-A1-R4_MC01-1	659268		658938	178	534
MvSl-1064-A1-R4_MC01-1g02022	2 MvSl-1064-A1-R4_MC01-1	827459		827361	93.5	187
MvSl-1064-A1-R4_MC01-1g02161	2 MvSl-1064-A1-R4_MC01-1	1126876		1126945	75.5	151
MvSl-1064-A1-R4_MC01-1g02176	4 MvSl-1064-A1-R4_MC01-1	1155097		1154926	176.25	705
MvSl-1064-A1-R4_MC01-1g02422	1 MvSl-1064-A1-R4_MC01-1	1766157		1766113	43	43
MvSl-1064-A1-R4_MC01-1g02545	10 MvSl-1064-A1-R4_MC01-1	2068908		2068815	83	830
MvSl-1064-A1-R4_MC01-1g02598	1 MvSl-1064-A1-R4_MC01-1	2206341		2206395	53	53
MvSl-1064-A1-R4_MC01-1g02603	3 MvSl-1064-A1-R4_MC01-1	2218161		2218242	105.333	316
MvSl-1064-A1-R4_MC01-1g02725	1 MvSl-1064-A1-R4_MC01-1	2515739		2515674	64	64
MvSl-1064-A1-R4_MC01-1g02734	2 MvSl-1064-A1-R4_MC01-1	2530329		2530134	117	234
MvSl-1064-A1-R4_MC01-1g02763	6 MvSl-1064-A1-R4_MC01-1	2590037		2589819	114.833	689
MvSl-1064-A1-R4_MC01-1g02764	12 MvSl-1064-A1-R4_MC01-1	2591907		2592509	124.333	1492
MvSl-1064-A1-R4_MC01-1g02769	1 MvSl-1064-A1-R4_MC01-1	2612602		2612513	88	88
MvSl-1064-A1-R4_MC01-1g02779	3 MvSl-1064-A1-R4_MC01-1	2637450		2637291	105	315
MvSl-1064-A1-R4_MC01-1g02785	3 MvSl-1064-A1-R4_MC01-1	2644417		2644513	79	237
MvSl-1064-A1-R4_MC01-1g02787	3 MvSl-1064-A1-R4_MC01-1	2647719		2647811	95.6667	287
MvSl-1064-A1-R4_MC01-1g02805	1 MvSl-1064-A1-R4_MC01-1	2698382		2698425	42	42
MvSl-1064-A1-R4_MC01-1g02827	2 MvSl-1064-A1-R4_MC01-1	2768468		2768394	70.5	141
MvSl-1064-A1-R4_MC01-1g02837	1 MvSl-1064-A1-R4_MC01-1	2783092		2783183	90	90
MvSl-1064-A1-R4_MC01-1g02869	1 MvSl-1064-A1-R4_MC01-1	2854615		2854733	117	117
MvSl-1064-A1-R4_MC01-1g02870	7 MvSl-1064-A1-R4_MC01-1	2855033		2855088	109.143	764
MvSl-1064-A1-R4_MC01-1g02885	5 MvSl-1064-A1-R4_MC01-1	2885217		2884809	142.6	713
MvSl-1064-A1-R4_MC01-1g02912	6 MvSl-1064-A1-R4_MC01-1	2959033		2958819	167.833	1007
MvSl-1064-A1-R4_MC01-1g02916	2 MvSl-1064-A1-R4_MC01-1	2972981		2973150	109	218
MvSl-1064-A1-R4_MC01-1g02924	7 MvSl-1064-A1-R4_MC01-1	2993453		2993499	179.571	1257
MvSl-1064-A1-R4_MC01-2g02957	3 MvSl-1064-A1-R4_MC01-2	27771		27656	70	210
MvSl-1064-A1-R4_MC01-2g02970	1 MvSl-1064-A1-R4_MC01-2	54897		54674	222	222
MvSl-1064-A1-R4_MC01-2g03005	6 MvSl-1064-A1-R4_MC01-2	148068		147987	72.3333	434
MvSl-1064-A1-R4_MC01-2g03070	3 MvSl-1064-A1-R4_MC01-2	321447		321488	76	228
MvSl-1064-A1-R4_MC01-2g03113	4 MvSl-1064-A1-R4_MC01-2	416668		416597	78.75	315
MvSl-1064-A1-R4_MC01-2g03146	1 MvSl-1064-A1-R4_MC01-2	509756		509372	383	383
MvSl-1064-A1-R4_MC01-2g03166	1 MvSl-1064-A1-R4_MC01-2	563150		563066	83	83
MvSl-1064-A1-R4_MC02g03205	3 MvSl-1064-A1-R4_MC02	71662		71786	118.667	356
MvSl-1064-A1-R4_MC02g03224	2 MvSl-1064-A1-R4_MC02	120482		120369	99.5	199
MvSl-1064-A1-R4_MC02g03229	11 MvSl-1064-A1-R4_MC02	136333		136511	88.9091	978
MvSl-1064-A1-R4_MC02g03274	4 MvSl-1064-A1-R4_MC02	248268		248150	126.25	505
MvSl-1064-A1-R4_MC02g03288	6 MvSl-1064-A1-R4_MC02	277665		277312	137.333	824
MvSl-1064-A1-R4_MC02g03327	3 MvSl-1064-A1-R4_MC02	377314		377512	107	321
MvSl-1064-A1-R4_MC02g03352	4 MvSl-1064-A1-R4_MC02	438263		438063	89.5	358
MvSl-1064-A1-R4_MC02g03373	2 MvSl-1064-A1-R4_MC02	500658		500742	167.5	335
MvSl-1064-A1-R4_MC02g03471	1 MvSl-1064-A1-R4_MC02	740438		740490	51	51
MvSl-1064-A1-R4_MC02g03484	1 MvSl-1064-A1-R4_MC02	758961		759056	94	94
MvSl-1064-A1-R4_MC02g03498	1 MvSl-1064-A1-R4_MC02	782966		782808	157	157
MvSl-1064-A1-R4_MC02g03515	1 MvSl-1064-A1-R4_MC02	810428		810382	45	45
MvSl-1064-A1-R4_MC02g03606	4 MvSl-1064-A1-R4_MC02	1032083		1032239	105.5	422
MvSl-1064-A1-R4_MC02g03617	2 MvSl-1064-A1-R4_MC02	1071205		1071435	149	298
MvSl-1064-A1-R4_MC02g03891	3 MvSl-1064-A1-R4_MC02	1672912		1672975	230.333	691
MvSl-1064-A1-R4_MC02g03922	5 MvSl-1064-A1-R4_MC02	1751702		1751513	85.2	426
MvSl-1064-A1-R4_MC02g04206	2 MvSl-1064-A1-R4_MC02	2451738		2451627	108.5	217
MvSl-1064-A1-R4_MC02g04207	1 MvSl-1064-A1-R4_MC02	2453577		2453532	44	44
MvSl-1064-A1-R4_MC02g04208	1 MvSl-1064-A1-R4_MC02	2457653		2457573	79	79
MvSl-1064-A1-R4_MC02g04224	4 MvSl-1064-A1-R4_MC02	2495528		2495483	134.75	539
MvSl-1064-A1-R4_MC03g04423	2 MvSl-1064-A1-R4_MC03	378943		378838	210	420
MvSl-1064-A1-R4_MC03g04424	6 MvSl-1064-A1-R4_MC03	380387		380618	99.6667	598
MvSl-1064-A1-R4_MC03g04539	1 MvSl-1064-A1-R4_MC03	676857		676816	40	40
MvSl-1064-A1-R4_MC03g04642	4 MvSl-1064-A1-R4_MC03	906178		906088	148.75	595
MvSl-1064-A1-R4_MC03g04747	12 MvSl-1064-A1-R4_MC03	1173873		1173692	93.1667	1118
MvSl-1064-A1-R4_MC03g04760	1 MvSl-1064-A1-R4_MC03	1201565		1202012	446	446
MvSl-1064-A1-R4_MC03g04807	1 MvSl-1064-A1-R4_MC03	1327691		1327765	73	73
MvSl-1064-A1-R4_MC03g04831	1 MvSl-1064-A1-R4_MC03	1383984		1384109	124	124
MvSl-1064-A1-R4_MC03g04844	1 MvSl-1064-A1-R4_MC03	1408429		1408387	41	41
MvSl-1064-A1-R4_MC03g04845	2 MvSl-1064-A1-R4_MC03	1409300		1409162	161	322
MvSl-1064-A1-R4_MC03g04879	2 MvSl-1064-A1-R4_MC03	1489709		1489777	88.5	177
MvSl-1064-A1-R4_MC03g04909	4 MvSl-1064-A1-R4_MC03	1563548		1563616	184.5	738
MvSl-1064-A1-R4_MC03g04929	3 MvSl-1064-A1-R4_MC03	1623139		1623285	90.6667	272
MvSl-1064-A1-R4_MC03g05070	2 MvSl-1064-A1-R4_MC03	1956485		1956580	86	172
MvSl-1064-A1-R4_MC03g05082	1 MvSl-1064-A1-R4_MC03	1991643		1991724	80	80
MvSl-1064-A1-R4_MC03g05112	4 MvSl-1064-A1-R4_MC03	2073737		2073660	69.75	279
MvSl-1064-A1-R4_MC03g05154	9 MvSl-1064-A1-R4_MC03	2171225		2170912	162.333	1461
MvSl-1064-A1-R4_MC03g05222	2 MvSl-1064-A1-R4_MC03	2339557		2339729	132.5	265
MvSl-1064-A1-R4_MC03g05233	11 MvSl-1064-A1-R4_MC03	2366396		2366648	112.636	1239
MvSl-1064-A1-R4_MC03g05235	7 MvSl-1064-A1-R4_MC03	2373232		2373432	99.2857	695
MvSl-1064-A1-R4_MC04-1g05282	1 MvSl-1064-A1-R4_MC04-1	18061		18165	103	103
MvSl-1064-A1-R4_MC04-1g05308	1 MvSl-1064-A1-R4_MC04-1	81376		81456	79	79
MvSl-1064-A1-R4_MC04-1g05323	3 MvSl-1064-A1-R4_MC04-1	102014		102085	89.3333	268
MvSl-1064-A1-R4_MC04-1g05373	9 MvSl-1064-A1-R4_MC04-1	217333		217119	110.444	994
MvSl-1064-A1-R4_MC04-1g05411	2 MvSl-1064-A1-R4_MC04-1	330070		330124	57	114
MvSl-1064-A1-R4_MC04-1g05441	8 MvSl-1064-A1-R4_MC04-1	418379		418338	70.75	566
MvSl-1064-A1-R4_MC04-1g05493	2 MvSl-1064-A1-R4_MC04-1	524736		524820	67.5	135
MvSl-1064-A1-R4_MC04-1g05502	3 MvSl-1064-A1-R4_MC04-1	546419		546326	78	234
MvSl-1064-A1-R4_MC04-1g05592	3 MvSl-1064-A1-R4_MC04-1	744152		743990	112	336
MvSl-1064-A1-R4_MC04-1g05729	3 MvSl-1064-A1-R4_MC04-1	1113237		1113423	168	504
MvSl-1064-A1-R4_MC04-1g05801	5 MvSl-1064-A1-R4_MC04-1	1293092		1293221	88	440
MvSl-1064-A1-R4_MC04-1g05832	3 MvSl-1064-A1-R4_MC04-1	1360514		1360373	105.333	316
MvSl-1064-A1-R4_MC04-1g05858	1 MvSl-1064-A1-R4_MC04-1	1421911		1421802	108	108
MvSl-1064-A1-R4_MC04-1g05865	8 MvSl-1064-A1-R4_MC04-1	1434210		1434025	88.625	709
MvSl-1064-A1-R4_MC04-1g05911	1 MvSl-1064-A1-R4_MC04-1	1548644		1548853	208	208
MvSl-1064-A1-R4_MC04-1g05942	6 MvSl-1064-A1-R4_MC04-1	1614160		1614307	127.833	767
MvSl-1064-A1-R4_MC04-1g05945	4 MvSl-1064-A1-R4_MC04-1	1620761		1620674	86	344
MvSl-1064-A1-R4_MC04-1g05982	1 MvSl-1064-A1-R4_MC04-1	1706455		1706518	62	62
MvSl-1064-A1-R4_MC04-1g05987	1 MvSl-1064-A1-R4_MC04-1	1711069		1711110	40	40
MvSl-1064-A1-R4_MC04-1g06041	2 MvSl-1064-A1-R4_MC04-1	1862439		1862373	214	428
MvSl-1064-A1-R4_MC04-1g06069	5 MvSl-1064-A1-R4_MC04-1	1929535		1929610	88.4	442
MvSl-1064-A1-R4_MC04-2g06086	1 MvSl-1064-A1-R4_MC04-2	15377		15336	40	40
MvSl-1064-A1-R4_MC05-1g06149	6 MvSl-1064-A1-R4_MC05-1	112400		112305	79.8333	479
MvSl-1064-A1-R4_MC05-1g06209	2 MvSl-1064-A1-R4_MC05-1	259749		259574	140	280
MvSl-1064-A1-R4_MC05-2g06430	8 MvSl-1064-A1-R4_MC05-2	306006		305943	80	640
MvSl-1064-A1-R4_MC05-2g06432	5 MvSl-1064-A1-R4_MC05-2	308252		308185	73.8	369
MvSl-1064-A1-R4_MC05-2g06461	3 MvSl-1064-A1-R4_MC05-2	368309		368393	71.6667	215
MvSl-1064-A1-R4_MC05-2g06481	2 MvSl-1064-A1-R4_MC05-2	415807		416188	219	438
MvSl-1064-A1-R4_MC05-2g06485	10 MvSl-1064-A1-R4_MC05-2	431996		431894	75.7	757
MvSl-1064-A1-R4_MC05-3g06511	4 MvSl-1064-A1-R4_MC05-3	38267		38197	84.5	338
MvSl-1064-A1-R4_MC05-3g06514	5 MvSl-1064-A1-R4_MC05-3	42566		42640	72	360
MvSl-1064-A1-R4_MC05-3g06515	5 MvSl-1064-A1-R4_MC05-3	49552		49957	259.6	1298
MvSl-1064-A1-R4_MC05-3g06516	2 MvSl-1064-A1-R4_MC05-3	55719		55631	88.5	177
MvSl-1064-A1-R4_MC05-3g06517	4 MvSl-1064-A1-R4_MC05-3	56484		56580	90.25	361
MvSl-1064-A1-R4_MC05-3g06518	8 MvSl-1064-A1-R4_MC05-3	60493		60329	88	704
MvSl-1064-A1-R4_MC05-3g06519	5 MvSl-1064-A1-R4_MC05-3	61586		61669	171.2	856
MvSl-1064-A1-R4_MC05-3g06591	11 MvSl-1064-A1-R4_MC05-3	254345		254283	95.3636	1049
MvSl-1064-A1-R4_MC05-3g06707	11 MvSl-1064-A1-R4_MC05-3	548121		547949	89.5455	985
MvSl-1064-A1-R4_MC05-3g06731	2 MvSl-1064-A1-R4_MC05-3	610917		611038	90	180
MvSl-1064-A1-R4_MC05-3g06760	4 MvSl-1064-A1-R4_MC05-3	675341		675382	64.25	257
MvSl-1064-A1-R4_MC05-3g06790	3 MvSl-1064-A1-R4_MC05-3	751606		751565	78	234
MvSl-1064-A1-R4_MC06g06896	5 MvSl-1064-A1-R4_MC06	89765		89965	104.2	521
MvSl-1064-A1-R4_MC06g06907	3 MvSl-1064-A1-R4_MC06	117204		117247	113.333	340
MvSl-1064-A1-R4_MC06g06943	7 MvSl-1064-A1-R4_MC06	204341		204519	98	686
MvSl-1064-A1-R4_MC06g06944	3 MvSl-1064-A1-R4_MC06	208049		208131	74	222
MvSl-1064-A1-R4_MC06g06945	6 MvSl-1064-A1-R4_MC06	212968		213062	69.8333	419
MvSl-1064-A1-R4_MC06g07033	16 MvSl-1064-A1-R4_MC06	449488		449406	79.75	1276
MvSl-1064-A1-R4_MC06g07102	4 MvSl-1064-A1-R4_MC06	661106		660981	110.5	442
MvSl-1064-A1-R4_MC06g07136	1 MvSl-1064-A1-R4_MC06	734694		734790	95	95
MvSl-1064-A1-R4_MC06g07137	7 MvSl-1064-A1-R4_MC06	736427		736502	78.8571	552
MvSl-1064-A1-R4_MC06g07138	7 MvSl-1064-A1-R4_MC06	739135		739215	81.7143	572
MvSl-1064-A1-R4_MC06g07191	29 MvSl-1064-A1-R4_MC06	875343		875730	99.931	2898
MvSl-1064-A1-R4_MC06g07298	4 MvSl-1064-A1-R4_MC06	1167068		1167200	94	376
MvSl-1064-A1-R4_MC06g07419	5 MvSl-1064-A1-R4_MC06	1436256		1436186	80	400
MvSl-1064-A1-R4_MC06g07471	10 MvSl-1064-A1-R4_MC06	1551074		1551344	98.1	981
MvSl-1064-A1-R4_MC06g07527	2 MvSl-1064-A1-R4_MC06	1693057		1692913	119	238
MvSl-1064-A1-R4_MC07g07592	1 MvSl-1064-A1-R4_MC07	111288		111372	83	83
MvSl-1064-A1-R4_MC07g07597	8 MvSl-1064-A1-R4_MC07	126232		126105	79.875	639
MvSl-1064-A1-R4_MC07g07612	2 MvSl-1064-A1-R4_MC07	168818		168502	197	394
MvSl-1064-A1-R4_MC07g07855	9 MvSl-1064-A1-R4_MC07	740574		740801	110.778	997
MvSl-1064-A1-R4_MC07g07961	1 MvSl-1064-A1-R4_MC07	1010266		1010081	184	184
MvSl-1064-A1-R4_MC07g07981	3 MvSl-1064-A1-R4_MC07	1058502		1058439	51.6667	155
MvSl-1064-A1-R4_MC07g08004	5 MvSl-1064-A1-R4_MC07	1113951		1114059	91.2	456
MvSl-1064-A1-R4_MC07g08057	3 MvSl-1064-A1-R4_MC07	1237080		1237184	83.3333	250
MvSl-1064-A1-R4_MC07g08097	2 MvSl-1064-A1-R4_MC07	1341246		1341087	123.5	247
MvSl-1064-A1-R4_MC07g08104	5 MvSl-1064-A1-R4_MC07	1363256		1363000	132.8	664
MvSl-1064-A1-R4_MC07g08138	8 MvSl-1064-A1-R4_MC07	1445949		1446026	84.5	676
MvSl-1064-A1-R4_MC07g08235	4 MvSl-1064-A1-R4_MC07	1676422		1676380	96.75	387
MvSl-1064-A1-R4_MC07g08249	1 MvSl-1064-A1-R4_MC07	1709627		1709533	93	93
MvSl-1064-A1-R4_MC08g08318	6 MvSl-1064-A1-R4_MC08	151978		152109	87.5	525
MvSl-1064-A1-R4_MC08g08369	4 MvSl-1064-A1-R4_MC08	300128		300221	100.75	403
MvSl-1064-A1-R4_MC08g08445	8 MvSl-1064-A1-R4_MC08	480094		480282	178.75	1430
MvSl-1064-A1-R4_MC08g08472	1 MvSl-1064-A1-R4_MC08	543013		543212	198	198
MvSl-1064-A1-R4_MC08g08498	6 MvSl-1064-A1-R4_MC08	619055		618849	140.333	842
MvSl-1064-A1-R4_MC08g08647	8 MvSl-1064-A1-R4_MC08	991009		990940	94.25	754
MvSl-1064-A1-R4_MC08g08665	2 MvSl-1064-A1-R4_MC08	1028551		1028361	178	356
MvSl-1064-A1-R4_MC08g08762	1 MvSl-1064-A1-R4_MC08	1242424		1242468	43	43
MvSl-1064-A1-R4_MC08g08835	3 MvSl-1064-A1-R4_MC08	1416991		1417212	106.667	320
MvSl-1064-A1-R4_MC09-2g08945	1 MvSl-1064-A1-R4_MC09-2	57115		56973	141	141
MvSl-1064-A1-R4_MC09-2g09067	5 MvSl-1064-A1-R4_MC09-2	328737		328594	87.2	436
MvSl-1064-A1-R4_MC09-2g09215	6 MvSl-1064-A1-R4_MC09-2	718466		718364	165	990
MvSl-1064-A1-R4_MC09-2g09232	2 MvSl-1064-A1-R4_MC09-2	754967		755155	135.5	271
MvSl-1064-A1-R4_MC09-2g09340	5 MvSl-1064-A1-R4_MC09-2	1028652		1028784	80.8	404
MvSl-1064-A1-R4_MC09-2g09380	1 MvSl-1064-A1-R4_MC09-2	1136621		1136874	252	252
MvSl-1064-A1-R4_MC09-2g09506	1 MvSl-1064-A1-R4_MC09-2	1445530		1445449	80	80
MvSl-1064-A1-R4_MC09-2g09527	4 MvSl-1064-A1-R4_MC09-2	1495548		1495691	80.75	323
MvSl-1064-A1-R4_MC09-2g09541	5 MvSl-1064-A1-R4_MC09-2	1528735		1528657	101.8	509
MvSl-1064-A1-R4_MC09-2g09545	2 MvSl-1064-A1-R4_MC09-2	1534486		1534617	85.5	171
MvSl-1064-A1-R4_MC09-2g09566	2 MvSl-1064-A1-R4_MC09-2	1572057		1571964	104	208
MvSl-1064-A1-R4_MC10-1g09620	2 MvSl-1064-A1-R4_MC10-1	100315		100207	139.5	279
MvSl-1064-A1-R4_MC10-1g09718	7 MvSl-1064-A1-R4_MC10-1	334489		334569	77.1429	540
MvSl-1064-A1-R4_MC10-1g09730	5 MvSl-1064-A1-R4_MC10-1	366765		366918	106.8	534
MvSl-1064-A1-R4_MC10-1g09732	4 MvSl-1064-A1-R4_MC10-1	370977		371361	167.5	670
MvSl-1064-A1-R4_MC10-1g09733	1 MvSl-1064-A1-R4_MC10-1	374214		374454	239	239
MvSl-1064-A1-R4_MC10-1g09734	6 MvSl-1064-A1-R4_MC10-1	376460		376349	109.833	659
MvSl-1064-A1-R4_MC10-1g09785	5 MvSl-1064-A1-R4_MC10-1	497989		498111	155.8	779
MvSl-1064-A1-R4_MC10-1g09809	2 MvSl-1064-A1-R4_MC10-1	551772		551727	59	118
MvSl-1064-A1-R4_MC10-1g09814	6 MvSl-1064-A1-R4_MC10-1	557593		557667	93.3333	560
MvSl-1064-A1-R4_MC10-1g09833	8 MvSl-1064-A1-R4_MC10-1	587411		587523	166.75	1334
MvSl-1064-A1-R4_MC10-1g09854	2 MvSl-1064-A1-R4_MC10-1	683821		684113	330.5	661
MvSl-1064-A1-R4_MC10-2g09873	1 MvSl-1064-A1-R4_MC10-2	52662		52614	47	47
MvSl-1064-A1-R4_MC10-2g09885	1 MvSl-1064-A1-R4_MC10-2	80325		80698	372	372
MvSl-1064-A1-R4_MC10-2g09886	1 MvSl-1064-A1-R4_MC10-2	81518		81570	51	51
MvSl-1064-A1-R4_MC10-2g09933	1 MvSl-1064-A1-R4_MC10-2	198911		198639	271	271
MvSl-1064-A1-R4_MC10-2g09942	4 MvSl-1064-A1-R4_MC10-2	215603		215482	69	276
MvSl-1064-A1-R4_MC10-2g09980	1 MvSl-1064-A1-R4_MC10-2	300355		300493	137	137
MvSl-1064-A1-R4_MC10-2g10026	5 MvSl-1064-A1-R4_MC10-2	427406		427198	185.6	928
MvSl-1064-A1-R4_MC10-2g10050	1 MvSl-1064-A1-R4_MC10-2	489216		489381	164	164
MvSl-1064-A1-R4_MC10-2g10098	3 MvSl-1064-A1-R4_MC10-2	617773		617977	126.667	380
MvSl-1064-A1-R4_MC10-2g10108	2 MvSl-1064-A1-R4_MC10-2	656024		655919	91.5	183
MvSl-1064-A1-R4_MC10-2g10116	7 MvSl-1064-A1-R4_MC10-2	680269		680417	100.286	702
MvSl-1064-A1-R4_MC10-2g10125	9 MvSl-1064-A1-R4_MC10-2	700753		700890	102.667	924
MvSl-1064-A1-R4_MC10-2g10132	1 MvSl-1064-A1-R4_MC10-2	722687		722769	81	81
MvSl-1064-A1-R4_MC11g10201	1 MvSl-1064-A1-R4_MC11	80843		80791	51	51
MvSl-1064-A1-R4_MC11g10231	1 MvSl-1064-A1-R4_MC11	152480		152316	163	163
MvSl-1064-A1-R4_MC11g10248	6 MvSl-1064-A1-R4_MC11	197456		197592	73.8333	443
MvSl-1064-A1-R4_MC11g10255	4 MvSl-1064-A1-R4_MC11	211967		211728	119.25	477
MvSl-1064-A1-R4_MC11g10335	2 MvSl-1064-A1-R4_MC11	395783		395719	60.5	121
MvSl-1064-A1-R4_MC11g10346	6 MvSl-1064-A1-R4_MC11	418358		418079	129.667	778
MvSl-1064-A1-R4_MC11g10369	3 MvSl-1064-A1-R4_MC11	490122		490033	78	234
MvSl-1064-A1-R4_MC11g10508	5 MvSl-1064-A1-R4_MC11	831437		831392	67.8	339
MvSl-1064-A1-R4_MC11g10517	4 MvSl-1064-A1-R4_MC11	864998		865073	77	308
MvSl-1064-A1-R4_MC11g10575	3 MvSl-1064-A1-R4_MC11	1010251		1010295	104.333	313
MvSl-1064-A1-R4_MC11g10576	4 MvSl-1064-A1-R4_MC11	1012759		1012852	100.75	403
MvSl-1064-A1-R4_MC11g10594	7 MvSl-1064-A1-R4_MC11	1059533		1059628	84.7143	593
MvSl-1064-A1-R4_MC11g10618	8 MvSl-1064-A1-R4_MC11	1104679		1104858	138.375	1107
MvSl-1064-A1-R4_MC11g10627	3 MvSl-1064-A1-R4_MC11	1133051		1133138	86.6667	260
MvSl-1064-A1-R4_MC11g10654	2 MvSl-1064-A1-R4_MC11	1205525		1205648	186	372
MvSl-1064-A1-R4_MC11g10688	1 MvSl-1064-A1-R4_MC11	1287357		1287498	140	140
MvSl-1064-A1-R4_MC11g10722	5 MvSl-1064-A1-R4_MC11	1373660		1373546	100.2	501
MvSl-1064-A1-R4_MC11g10730	4 MvSl-1064-A1-R4_MC11	1394093		1394162	147.25	589
MvSl-1064-A1-R4_MC12g10761	4 MvSl-1064-A1-R4_MC12	28762		28701	82.75	331
MvSl-1064-A1-R4_MC12g10779	1 MvSl-1064-A1-R4_MC12	69722		69626	95	95
MvSl-1064-A1-R4_MC12g10792	2 MvSl-1064-A1-R4_MC12	110299		110552	174	348
MvSl-1064-A1-R4_MC12g10810	1 MvSl-1064-A1-R4_MC12	164252		164196	55	55
MvSl-1064-A1-R4_MC12g10849	2 MvSl-1064-A1-R4_MC12	272485		272630	98	196
MvSl-1064-A1-R4_MC12g11020	3 MvSl-1064-A1-R4_MC12	684851		684805	59.3333	178
MvSl-1064-A1-R4_MC12g11112	7 MvSl-1064-A1-R4_MC12	913088		913302	90.1429	631
MvSl-1064-A1-R4_MC12g11286	8 MvSl-1064-A1-R4_MC12	1370779		1370431	268.875	2151
MvSl-1064-A1-R4_MC13g11325	3 MvSl-1064-A1-R4_MC13	94304		94405	146.333	439
MvSl-1064-A1-R4_MC13g11330	5 MvSl-1064-A1-R4_MC13	105913		105827	80.6	403
MvSl-1064-A1-R4_MC13g11331	11 MvSl-1064-A1-R4_MC13	107831		107782	69.7273	767
MvSl-1064-A1-R4_MC13g11418	1 MvSl-1064-A1-R4_MC13	298248		298302	53	53
MvSl-1064-A1-R4_MC13g11429	2 MvSl-1064-A1-R4_MC13	317665		317777	76	152
MvSl-1064-A1-R4_MC13g11443	1 MvSl-1064-A1-R4_MC13	354491		354419	71	71
MvSl-1064-A1-R4_MC13g11584	8 MvSl-1064-A1-R4_MC13	702649		702518	84.5	676
MvSl-1064-A1-R4_MC13g11616	7 MvSl-1064-A1-R4_MC13	774251		774003	100.429	703
MvSl-1064-A1-R4_MC13g11645	8 MvSl-1064-A1-R4_MC13	836361		836113	94	752
MvSl-1064-A1-R4_MC13g11692	5 MvSl-1064-A1-R4_MC13	937452		937570	106.2	531
MvSl-1064-A1-R4_MC13g11715	3 MvSl-1064-A1-R4_MC13	1002596		1002365	106.333	319
MvSl-1064-A1-R4_MC14g11775	3 MvSl-1064-A1-R4_MC14	105921		106013	97.6667	293
MvSl-1064-A1-R4_MC14g11804	1 MvSl-1064-A1-R4_MC14	163684		163910	225	225
MvSl-1064-A1-R4_MC14g11805	7 MvSl-1064-A1-R4_MC14	166463		166304	92.5714	648
MvSl-1064-A1-R4_MC14g11845	7 MvSl-1064-A1-R4_MC14	238070		238152	128.143	897
MvSl-1064-A1-R4_MC14g11898	2 MvSl-1064-A1-R4_MC14	394440		394230	154.5	309
MvSl-1064-A1-R4_MC14g11916	10 MvSl-1064-A1-R4_MC14	427974		427859	108.8	1088
MvSl-1064-A1-R4_MC14g11962	3 MvSl-1064-A1-R4_MC14	531548		531371	121	363
MvSl-1064-A1-R4_MC15g12029	5 MvSl-1064-A1-R4_MC15	47078		47251	163.8	819
MvSl-1064-A1-R4_MC15g12082	4 MvSl-1064-A1-R4_MC15	179736		179876	101.75	407
MvSl-1064-A1-R4_MC15g12133	2 MvSl-1064-A1-R4_MC15	315998		316059	64.5	129
MvSl-1064-A1-R4_MC15g12148	2 MvSl-1064-A1-R4_MC15	352720		352771	85	170
MvSl-1064-A1-R4_MC16g12196	7 MvSl-1064-A1-R4_MC16	57244		57307	171	1197
