gene	logFC	FDR
1	MvSl-1064-A1-R4_A1g00013	-0.866754407846655	0.0187788052810187
2	MvSl-1064-A1-R4_A1g00023	-1.300897414875	0.0297155923246483
3	MvSl-1064-A1-R4_A1g00024	-7.13867881579896	8.92991132521404e-16
4	MvSl-1064-A1-R4_A1g00028	-1.29415213574697	0.00580966330477383
5	MvSl-1064-A1-R4_A1g00029	-3.41091718980043	1.8504313348199e-22
6	MvSl-1064-A1-R4_A1g00030	-2.03597034481983	3.0262259710583e-12
7	MvSl-1064-A1-R4_A1g00052	-5.69814156942412	1.20473496033369e-31
8	MvSl-1064-A1-R4_A1g00067	-4.64767532359164	7.82516269604699e-38
9	MvSl-1064-A1-R4_A1g00068	-3.98831840062199	4.8412583128961e-24
10	MvSl-1064-A1-R4_A1g00095	-1.36611496060373	0.00260219336703051
11	MvSl-1064-A1-R4_A1g00184	-0.970781499686135	0.000330392418238005
12	MvSl-1064-A1-R4_A1g00188	-1.68584017393146	0.00147972866953371
13	MvSl-1064-A1-R4_A1g00195	-2.8262332592911	1.40957335410803e-11
14	MvSl-1064-A1-R4_A1g00206	-6.52838459246902	3.27243171418753e-30
15	MvSl-1064-A1-R4_A1g00224	-1.75544368717111	0.0283942706565751
16	MvSl-1064-A1-R4_A1g00230	-0.866725559424489	0.00829371278992498
17	MvSl-1064-A1-R4_A1g00242	-0.635795587977111	0.039560916530133
18	MvSl-1064-A1-R4_A1g00246	-0.936915331874778	0.000532481522393024
19	MvSl-1064-A1-R4_A1g00256	-2.12188994175443	9.31657902175964e-09
20	MvSl-1064-A1-R4_A1g00283	-1.46941915264393	0.0031502103952606
21	MvSl-1064-A1-R4_A1g00326	-11.302113771796	2.14084871903203e-35
22	MvSl-1064-A1-R4_A1g00349	-1.561540973202	0.00357908507941446
23	MvSl-1064-A1-R4_A1g00367	-0.828510919543389	0.0159778603737549
24	MvSl-1064-A1-R4_A1g00390	-3.83399591739696	2.55349079319527e-33
25	MvSl-1064-A1-R4_A1g00400	-0.848373002957275	0.0160861866179947
26	MvSl-1064-A1-R4_A1g00404	-1.00231513696687	0.00767728083439538
27	MvSl-1064-A1-R4_A1g00430	-1.76460494228378	1.12633697699929e-11
28	MvSl-1064-A1-R4_A1g00431	-4.29817964625467	6.8383044680191e-43
29	MvSl-1064-A1-R4_A1g00444	-0.997271200686616	0.0103052165528621
30	MvSl-1064-A1-R4_A1g00450	-2.12879335853789	0.00014888925397389
31	MvSl-1064-A1-R4_A1g00546	-3.78030625319642	2.20055612352622e-09
32	MvSl-1064-A1-R4_A1g00562	-1.16025816292632	0.0100592463907934
33	MvSl-1064-A1-R4_A1g00591	-2.74896194038906	4.95492776939866e-18
34	MvSl-1064-A1-R4_A1g00592	-6.25395937012604	5.40032901911088e-64
35	MvSl-1064-A1-R4_A1g00598	-1.99525603512471	1.05096260369777e-07
36	MvSl-1064-A1-R4_A1g00642	-5.1062446330647	4.02038053326615e-23
37	MvSl-1064-A1-R4_A1g00659	-1.52717177912091	0.000412902979617028
38	MvSl-1064-A1-R4_A1g00668	-0.830293698246985	0.00696599319400057
39	MvSl-1064-A1-R4_A1g00700	-1.03105698016592	0.0458769604508251
40	MvSl-1064-A1-R4_A1g00716	-1.46132375215618	0.00012600559412659
41	MvSl-1064-A1-R4_A1g00717	-2.43886066092416	5.06738889715645e-14
42	MvSl-1064-A1-R4_A1g00718	-1.29927067856679	2.00230269687001e-05
43	MvSl-1064-A1-R4_A1g00724	-1.12882856201605	0.0368353456127751
44	MvSl-1064-A1-R4_A1g00745	-1.29190317339895	0.000646496839597364
45	MvSl-1064-A1-R4_A1g00749	-1.24146197278198	0.000651737314708955
46	MvSl-1064-A1-R4_A1g00775	-2.58643890847056	5.91842963848526e-06
47	MvSl-1064-A1-R4_A1g00776	-3.43534111846241	3.25561876693149e-05
48	MvSl-1064-A1-R4_A1g00778	-0.911946566951992	0.0104415363428557
49	MvSl-1064-A1-R4_A1g00787	-3.83518617303469	2.29285296162513e-16
50	MvSl-1064-A1-R4_A1g00796	-2.69817478401367	6.41571568276998e-11
51	MvSl-1064-A1-R4_A1g00812	-1.04103487316693	0.00547740622146724
52	MvSl-1064-A1-R4_A1g00813	-4.02006362850505	2.47583875073507e-08
53	MvSl-1064-A1-R4_A1g00814	-1.04563257677466	0.0233236525107884
54	MvSl-1064-A1-R4_A1g00815	-2.22975474954848	8.94012212014289e-06
55	MvSl-1064-A1-R4_A1g00854	-0.870247515093812	0.00583845320635695
56	MvSl-1064-A1-R4_A1g00855	-0.941655098589964	0.00147697728723984
57	MvSl-1064-A1-R4_A1g00856	-1.32044529071492	1.6546395146181e-07
58	MvSl-1064-A1-R4_A1g00886	-1.14361341624968	0.000237818958314599
59	MvSl-1064-A1-R4_A1g00896	-6.44271441121624	2.74736181189046e-16
60	MvSl-1064-A1-R4_A1g00940	-1.09607573652122	0.0249225616283861
61	MvSl-1064-A1-R4_A1g00955	-2.02788284587036	0.00183763429899065
62	MvSl-1064-A1-R4_A1g00974	-1.37176034595113	0.000346376189678841
63	MvSl-1064-A1-R4_A1g00979	-1.96515044127576	0.00244982640696637
64	MvSl-1064-A1-R4_A1g00995	-1.31898098687149	0.000856265754627752
65	MvSl-1064-A1-R4_A1g01001	-2.33135491648252	1.45549591074816e-06
66	MvSl-1064-A1-R4_A1g01025	-1.58832501522947	0.00966088735746533
67	MvSl-1064-A1-R4_A1g01114	-5.6205770159712	1.76120452028687e-14
68	MvSl-1064-A1-R4_A1g01127	-1.31975817139947	0.0343546714719943
69	MvSl-1064-A1-R4_A1g01135	-1.12031598395068	6.01750569014675e-05
70	MvSl-1064-A1-R4_A1g01138	-3.12473953362185	2.53121750397276e-06
71	MvSl-1064-A1-R4_A1g01142	-2.18306185150512	2.82542522435395e-10
72	MvSl-1064-A1-R4_A1g01162	-4.85339763961092	1.16753289897761e-16
73	MvSl-1064-A1-R4_A1g01163	-2.84267633620907	5.5412696614994e-14
74	MvSl-1064-A1-R4_A1g01189	-0.745792840112379	0.015110918060628
75	MvSl-1064-A1-R4_A1g01220	-2.2342464996923	6.24265647703969e-14
76	MvSl-1064-A1-R4_A1g01221	-7.25712886369506	2.61436907943641e-17
77	MvSl-1064-A1-R4_A1g01284	-2.09203551339962	3.24505714324889e-06
78	MvSl-1064-A1-R4_A1g01285	-2.73078943222595	1.78985857783415e-07
79	MvSl-1064-A1-R4_A1g01287	-6.93763383677252	1.24007755221365e-40
80	MvSl-1064-A1-R4_A1g01290	-0.804946286855734	0.00515229975368652
81	MvSl-1064-A1-R4_A1g01291	-0.738574164029447	0.0122585934537758
82	MvSl-1064-A1-R4_A1g01302	-1.80815727985366	0.00107350705520063
83	MvSl-1064-A1-R4_A1g01306	-4.98492463287495	3.61105640957842e-41
84	MvSl-1064-A1-R4_A1g01307	-9.89610338054812	1.92887048828155e-62
85	MvSl-1064-A1-R4_A1g01308	-2.83152658135934	8.40763161349423e-06
86	MvSl-1064-A1-R4_A1g01321	-4.3732364540035	5.95521726051394e-13
87	MvSl-1064-A1-R4_A1g01329	-4.66896472938089	8.22146471679256e-11
88	MvSl-1064-A1-R4_A1g01354	-1.1337530284796	0.00664353824403121
89	MvSl-1064-A1-R4_A1g01355	-2.10932041078198	9.21174133660952e-07
90	MvSl-1064-A1-R4_A1g01371	-1.82521881194893	2.66091420689131e-05
91	MvSl-1064-A1-R4_A1g01436	-1.63712719546276	0.00820480358678777
92	MvSl-1064-A1-R4_A1g01440	-0.64728847736693	0.0272949315521684
93	MvSl-1064-A1-R4_A1g01484	-1.01559565000956	0.0351140512814817
94	MvSl-1064-A1-R4_A1g01495	-0.854386210204606	0.0175336252623952
95	MvSl-1064-A1-R4_A1g01496	-1.32370242010244	0.0108837965736375
96	MvSl-1064-A1-R4_A1g01497	-0.906340867035855	0.00430621364596068
97	MvSl-1064-A1-R4_A1g01515	-1.24464850219172	3.91373270226079e-05
98	MvSl-1064-A1-R4_C36g01622	-1.89503244022341	1.05143880619537e-06
99	MvSl-1064-A1-R4_MC01-1g01719	-1.03750727161134	0.0442197935957997
100	MvSl-1064-A1-R4_MC01-1g01729	-0.968623746216586	0.0120875373693776
101	MvSl-1064-A1-R4_MC01-1g01757	-1.86598108566222	0.00299055721701325
102	MvSl-1064-A1-R4_MC01-1g01758	-0.840230676846651	0.0308292515826606
103	MvSl-1064-A1-R4_MC01-1g01759	-5.37584398108874	2.85968889577967e-23
104	MvSl-1064-A1-R4_MC01-1g01760	-4.87000382135323	2.34967526360965e-15
105	MvSl-1064-A1-R4_MC01-1g01783	-1.69776201480718	0.0364025579410726
106	MvSl-1064-A1-R4_MC01-1g01805	-0.879414326975643	0.00127189064641448
107	MvSl-1064-A1-R4_MC01-1g01834	-3.02193185386168	4.9414615660046e-12
108	MvSl-1064-A1-R4_MC01-1g01836	-2.90678897385881	2.3374834499113e-05
109	MvSl-1064-A1-R4_MC01-1g01839	-4.89688416846745	2.42135944209043e-10
110	MvSl-1064-A1-R4_MC01-1g01840	-2.67180879410832	2.63700256213046e-16
111	MvSl-1064-A1-R4_MC01-1g01890	-1.07849766557905	0.00247636804602669
112	MvSl-1064-A1-R4_MC01-1g01892	-3.96551337354231	9.30442724314523e-25
113	MvSl-1064-A1-R4_MC01-1g01896	-0.952267874681838	0.00241945620117868
114	MvSl-1064-A1-R4_MC01-1g01911	-1.5066866376244	0.00166582706275851
115	MvSl-1064-A1-R4_MC01-1g01912	-0.789300219070408	0.00452159322949537
116	MvSl-1064-A1-R4_MC01-1g01917	-0.690900619951919	0.0463911822757911
117	MvSl-1064-A1-R4_MC01-1g01923	-1.18581169872155	1.32488891351968e-05
118	MvSl-1064-A1-R4_MC01-1g01934	-0.630506011993041	0.0446534219667643
119	MvSl-1064-A1-R4_MC01-1g01936	-0.681600437733818	0.0309718365710903
120	MvSl-1064-A1-R4_MC01-1g01956	-0.884177451135633	0.0431677143432122
121	MvSl-1064-A1-R4_MC01-1g01970	-2.0135811627878	1.59433465186938e-14
122	MvSl-1064-A1-R4_MC01-1g01975	-2.81899859768444	2.47756340214782e-29
123	MvSl-1064-A1-R4_MC01-1g01978	-1.68920760261708	2.83913359134848e-06
124	MvSl-1064-A1-R4_MC01-1g01994	-2.72701207966882	7.72171778167242e-10
125	MvSl-1064-A1-R4_MC01-1g02002	-1.11684161937658	0.000210644474233209
126	MvSl-1064-A1-R4_MC01-1g02004	-2.42212857233962	2.7281619522223e-06
127	MvSl-1064-A1-R4_MC01-1g02005	-2.25298207042172	9.10075701718289e-07
128	MvSl-1064-A1-R4_MC01-1g02011	-1.0892666537155	0.0144153553752021
129	MvSl-1064-A1-R4_MC01-1g02020	-1.21957679787057	0.000365791821831858
130	MvSl-1064-A1-R4_MC01-1g02022	-0.929890013627511	0.009368660894869
131	MvSl-1064-A1-R4_MC01-1g02026	-0.935512421048563	0.00959442915645753
132	MvSl-1064-A1-R4_MC01-1g02045	-1.24347712941387	0.00176415100806603
133	MvSl-1064-A1-R4_MC01-1g02060	-1.40040653315882	1.95663287940373e-07
134	MvSl-1064-A1-R4_MC01-1g02089	-1.09709091100057	0.000654524371590534
135	MvSl-1064-A1-R4_MC01-1g02122	-0.890638963877323	0.000657752511707916
136	MvSl-1064-A1-R4_MC01-1g02150	-0.953603427093608	0.00131529281500691
137	MvSl-1064-A1-R4_MC01-1g02157	-1.06243508253036	0.000731112017834942
138	MvSl-1064-A1-R4_MC01-1g02161	-2.26875472081509	1.34192718011564e-09
139	MvSl-1064-A1-R4_MC01-1g02178	-1.38744258432404	0.026434762562237
140	MvSl-1064-A1-R4_MC01-1g02181	-0.690953657440818	0.0162137634610035
141	MvSl-1064-A1-R4_MC01-1g02199	-0.900619703483219	0.0173872828447722
142	MvSl-1064-A1-R4_MC01-1g02204	-0.73596592688669	0.00721212084380117
143	MvSl-1064-A1-R4_MC01-1g02212	-3.04713892846821	2.00390425184185e-14
144	MvSl-1064-A1-R4_MC01-1g02232	-4.62477051749063	1.97126617414099e-24
145	MvSl-1064-A1-R4_MC01-1g02234	-0.759328231824309	0.0124834592800444
146	MvSl-1064-A1-R4_MC01-1g02281	-0.759584284542698	0.00496421799687246
147	MvSl-1064-A1-R4_MC01-1g02327	-1.29931942781433	0.000122285984090242
148	MvSl-1064-A1-R4_MC01-1g02334	-1.28714236564076	0.00594494880071297
149	MvSl-1064-A1-R4_MC01-1g02338	-1.07874504148379	0.000301679606464216
150	MvSl-1064-A1-R4_MC01-1g02349	-0.921519353253243	0.00249564778622252
151	MvSl-1064-A1-R4_MC01-1g02357	-0.894661384972797	0.000865041604457161
152	MvSl-1064-A1-R4_MC01-1g02372	-0.802697524331761	0.00972038947546198
153	MvSl-1064-A1-R4_MC01-1g02376	-0.989739683183784	0.0344915524741129
154	MvSl-1064-A1-R4_MC01-1g02389	-0.691811743374636	0.0442033353705964
155	MvSl-1064-A1-R4_MC01-1g02412	-2.44019526990676	2.43040796787551e-05
156	MvSl-1064-A1-R4_MC01-1g02421	-1.053266090672	0.000464620262357418
157	MvSl-1064-A1-R4_MC01-1g02465	-1.02243085956027	0.0259489579101478
158	MvSl-1064-A1-R4_MC01-1g02466	-1.05539091702911	0.0319582557762806
159	MvSl-1064-A1-R4_MC01-1g02476	-1.10916477929749	0.01446791019558
160	MvSl-1064-A1-R4_MC01-1g02484	-1.17477871018278	1.71794563711265e-05
161	MvSl-1064-A1-R4_MC01-1g02523	-1.03654153442993	0.0198491507010151
162	MvSl-1064-A1-R4_MC01-1g02545	-1.67865818580342	4.63054859855881e-09
163	MvSl-1064-A1-R4_MC01-1g02547	-1.84059692114081	0.00599669274695591
164	MvSl-1064-A1-R4_MC01-1g02564	-1.68726706390963	0.0120793624310652
165	MvSl-1064-A1-R4_MC01-1g02565	-2.92205981993309	7.70339334811829e-05
166	MvSl-1064-A1-R4_MC01-1g02569	-2.12235157355519	1.23037250736684e-10
167	MvSl-1064-A1-R4_MC01-1g02570	-1.56829516658302	3.38745287578681e-09
168	MvSl-1064-A1-R4_MC01-1g02576	-0.664673022086195	0.0279405009556195
169	MvSl-1064-A1-R4_MC01-1g02577	-1.32452726070281	0.000636037037315042
170	MvSl-1064-A1-R4_MC01-1g02628	-1.3746850535961	0.000182770714898382
171	MvSl-1064-A1-R4_MC01-1g02634	-1.70725019461916	7.74837060725625e-05
172	MvSl-1064-A1-R4_MC01-1g02655	-0.802425163010409	0.0195055185092579
173	MvSl-1064-A1-R4_MC01-1g02658	-3.66135230625743	1.83848351651504e-36
174	MvSl-1064-A1-R4_MC01-1g02661	-0.82261738030671	0.0028321305924571
175	MvSl-1064-A1-R4_MC01-1g02666	-0.851216129827223	0.0278226353340704
176	MvSl-1064-A1-R4_MC01-1g02711	-1.56575749139012	7.99560102081565e-07
177	MvSl-1064-A1-R4_MC01-1g02712	-2.1342202345059	7.58135348104507e-15
178	MvSl-1064-A1-R4_MC01-1g02713	-1.67335205933981	1.5389977263063e-08
179	MvSl-1064-A1-R4_MC01-1g02730	-1.12651279341249	0.000237818958314599
180	MvSl-1064-A1-R4_MC01-1g02733	-1.59030304892798	3.50051365085405e-06
181	MvSl-1064-A1-R4_MC01-1g02734	-2.20029651627988	3.93289313570871e-10
182	MvSl-1064-A1-R4_MC01-1g02736	-2.22690331753184	1.05143880619537e-06
183	MvSl-1064-A1-R4_MC01-1g02737	-1.80822367468551	4.14730234335693e-06
184	MvSl-1064-A1-R4_MC01-1g02739	-0.916728179740947	0.0316333745573694
185	MvSl-1064-A1-R4_MC01-1g02750	-1.3537787558308	0.000269296990216728
186	MvSl-1064-A1-R4_MC01-1g02762	-1.21601217164329	3.390025236102e-06
187	MvSl-1064-A1-R4_MC01-1g02786	-0.961518477262592	0.000784329083129892
188	MvSl-1064-A1-R4_MC01-1g02787	-2.12880980246462	0.000267317069287378
189	MvSl-1064-A1-R4_MC01-1g02796	-1.00232323981049	0.0471449325401884
190	MvSl-1064-A1-R4_MC01-1g02797	-2.32969181859998	4.0769213858012e-09
191	MvSl-1064-A1-R4_MC01-1g02812	-1.00998405428848	0.00124378868472772
192	MvSl-1064-A1-R4_MC01-1g02832	-1.15141314464956	0.00106867712314193
193	MvSl-1064-A1-R4_MC01-1g02833	-7.17597847296349	6.95483931029211e-37
194	MvSl-1064-A1-R4_MC01-1g02853	-1.33236074469989	0.000967153496845282
195	MvSl-1064-A1-R4_MC01-1g02870	-2.69495338461091	7.69738395566057e-10
196	MvSl-1064-A1-R4_MC01-2g02957	-1.32085202217677	0.0337311758413931
197	MvSl-1064-A1-R4_MC01-2g02960	-1.31971467365557	0.000366349459242696
198	MvSl-1064-A1-R4_MC01-2g02967	-1.52823213661657	1.0085281803812e-07
199	MvSl-1064-A1-R4_MC01-2g02970	-2.21837299517352	0.000259443214415593
200	MvSl-1064-A1-R4_MC01-2g02980	-1.00232325224078	0.0471449325401884
201	MvSl-1064-A1-R4_MC01-2g02992	-0.638921161356451	0.0286700871353245
202	MvSl-1064-A1-R4_MC01-2g02998	-0.70329175194205	0.0370297209775778
203	MvSl-1064-A1-R4_MC01-2g03006	-5.13316036004484	1.62913724899635e-10
204	MvSl-1064-A1-R4_MC01-2g03024	-1.08169790020025	0.0435603458974582
205	MvSl-1064-A1-R4_MC01-2g03069	-1.16683992494316	0.0259908999617743
206	MvSl-1064-A1-R4_MC01-2g03096	-2.64538297555132	5.71754972685441e-08
207	MvSl-1064-A1-R4_MC01-2g03122	-0.7635096062855	0.0408075904107864
208	MvSl-1064-A1-R4_MC01-2g03135	-0.601298925898714	0.0477640449173517
209	MvSl-1064-A1-R4_MC01-2g03149	-1.21444953034159	0.000856265754627752
210	MvSl-1064-A1-R4_MC01-2g03166	-3.4091937771452	8.84940183526196e-22
211	MvSl-1064-A1-R4_MC02g03227	-0.700028518087455	0.0343140178968776
212	MvSl-1064-A1-R4_MC02g03240	-0.73130818871537	0.0355342643514031
213	MvSl-1064-A1-R4_MC02g03258	-1.45205298872375	0.00385278507048899
214	MvSl-1064-A1-R4_MC02g03263	-1.556850440163	0.00100757291344767
215	MvSl-1064-A1-R4_MC02g03268	-0.781612295348994	0.0102215649134484
216	MvSl-1064-A1-R4_MC02g03298	-1.31717818519617	0.00491214400958152
217	MvSl-1064-A1-R4_MC02g03321	-0.644805354070954	0.0497498420515672
218	MvSl-1064-A1-R4_MC02g03339	-1.27524411667771	3.01601626874682e-05
219	MvSl-1064-A1-R4_MC02g03340	-1.45925722183053	2.28219845908421e-07
220	MvSl-1064-A1-R4_MC02g03341	-1.80729454066986	6.34800643534288e-11
221	MvSl-1064-A1-R4_MC02g03361	-1.95786039034429	0.00042695823308632
222	MvSl-1064-A1-R4_MC02g03362	-1.34336584162971	0.00947049430393567
223	MvSl-1064-A1-R4_MC02g03367	-0.795538188291688	0.0299521705490942
224	MvSl-1064-A1-R4_MC02g03381	-1.00631928665558	0.00191278462812591
225	MvSl-1064-A1-R4_MC02g03385	-1.05886364111517	0.0326142703417369
226	MvSl-1064-A1-R4_MC02g03394	-1.45924996719798	0.0097946631145076
227	MvSl-1064-A1-R4_MC02g03485	-7.59009185450797	1.22654720602193e-80
228	MvSl-1064-A1-R4_MC02g03486	-1.25664847089137	5.47170269085945e-06
229	MvSl-1064-A1-R4_MC02g03495	-1.18018886584049	0.0168716125452389
230	MvSl-1064-A1-R4_MC02g03510	-1.65395721772527	2.83815535449173e-06
231	MvSl-1064-A1-R4_MC02g03511	-0.820931255670266	0.0355342643514031
232	MvSl-1064-A1-R4_MC02g03518	-1.49907793909931	0.000159179505399296
233	MvSl-1064-A1-R4_MC02g03523	-6.03931355358316	3.13784694208882e-13
234	MvSl-1064-A1-R4_MC02g03533	-1.16728208900144	0.0205343590387456
235	MvSl-1064-A1-R4_MC02g03557	-1.10953068902825	0.00810673228762532
236	MvSl-1064-A1-R4_MC02g03569	-1.03347403960554	0.00131529281500691
237	MvSl-1064-A1-R4_MC02g03580	-1.34859796001383	0.000265505023620531
238	MvSl-1064-A1-R4_MC02g03584	-3.46036733363236	2.56922812316854e-21
239	MvSl-1064-A1-R4_MC02g03606	-0.89063913007088	0.00386425957675139
240	MvSl-1064-A1-R4_MC02g03610	-1.66196452423144	0.000572884089650485
241	MvSl-1064-A1-R4_MC02g03638	-1.65228999671748	1.44582080206496e-05
242	MvSl-1064-A1-R4_MC02g03650	-0.695423175399505	0.035078129800551
243	MvSl-1064-A1-R4_MC02g03663	-3.88355566115154	1.0389178894169e-05
244	MvSl-1064-A1-R4_MC02g03674	-2.31574887426324	1.06998405978048e-06
245	MvSl-1064-A1-R4_MC02g03679	-1.11795998738821	0.00141923707639062
246	MvSl-1064-A1-R4_MC02g03708	-2.83077898734267	3.17724768035474e-11
247	MvSl-1064-A1-R4_MC02g03710	-1.07384950943905	0.000769972130853042
248	MvSl-1064-A1-R4_MC02g03713	-0.964838014033185	0.0215740090841362
249	MvSl-1064-A1-R4_MC02g03728	-1.09735964030277	0.0159416740205685
250	MvSl-1064-A1-R4_MC02g03734	-1.10358207137655	0.000302720884988588
251	MvSl-1064-A1-R4_MC02g03738	-0.68858621599315	0.0156958008226936
252	MvSl-1064-A1-R4_MC02g03751	-1.04784166283185	5.93454464391929e-05
253	MvSl-1064-A1-R4_MC02g03780	-2.49802005888384	5.88328299414256e-07
254	MvSl-1064-A1-R4_MC02g03781	-2.57597792524951	5.20114700596564e-15
255	MvSl-1064-A1-R4_MC02g03798	-2.46655417732194	2.36398363234686e-10
256	MvSl-1064-A1-R4_MC02g03808	-1.50845177962147	4.58862863157784e-05
257	MvSl-1064-A1-R4_MC02g03816	-0.587706140433628	0.0481519260470676
258	MvSl-1064-A1-R4_MC02g03854	-0.948826814571094	0.0116686675465412
259	MvSl-1064-A1-R4_MC02g03855	-1.11487747974115	0.0350175692513095
260	MvSl-1064-A1-R4_MC02g03856	-1.1556801229429	0.00120258405379127
261	MvSl-1064-A1-R4_MC02g03864	-0.87557301596064	0.00192043854924061
262	MvSl-1064-A1-R4_MC02g03895	-2.38317571959993	7.6354600733633e-08
263	MvSl-1064-A1-R4_MC02g03907	-1.17605544207627	0.00127474888280124
264	MvSl-1064-A1-R4_MC02g03915	-2.32461831605394	9.65751145616676e-13
265	MvSl-1064-A1-R4_MC02g03922	-1.68527902327669	2.53327070273446e-05
266	MvSl-1064-A1-R4_MC02g03927	-5.9586705699695	2.34976926090103e-47
267	MvSl-1064-A1-R4_MC02g03944	-1.27514392211905	2.58247069464952e-06
268	MvSl-1064-A1-R4_MC02g03945	-4.06388126858154	7.75962343353265e-26
269	MvSl-1064-A1-R4_MC02g03948	-0.778751974282276	0.044959830946436
270	MvSl-1064-A1-R4_MC02g03952	-1.50658590999304	1.76400925772055e-06
271	MvSl-1064-A1-R4_MC02g03955	-0.632216046679829	0.0282097464606563
272	MvSl-1064-A1-R4_MC02g03960	-0.744576213876214	0.0451813430876347
273	MvSl-1064-A1-R4_MC02g03965	-0.633128337406793	0.0463697995555066
274	MvSl-1064-A1-R4_MC02g03970	-1.83917994797672	0.0150776371043518
275	MvSl-1064-A1-R4_MC02g03976	-0.783187367767285	0.0343546714719943
276	MvSl-1064-A1-R4_MC02g03977	-2.14159246311336	0.00018103772857397
277	MvSl-1064-A1-R4_MC02g03991	-0.644468236797639	0.0314368917696182
278	MvSl-1064-A1-R4_MC02g03993	-0.814315478644264	0.0141754841813696
279	MvSl-1064-A1-R4_MC02g04000	-1.14788670173946	0.0134464031383358
280	MvSl-1064-A1-R4_MC02g04016	-2.46784223246323	1.06269758888335e-17
281	MvSl-1064-A1-R4_MC02g04019	-0.699295879630385	0.0205038354933272
282	MvSl-1064-A1-R4_MC02g04020	-0.818436432719681	0.0096748118996499
283	MvSl-1064-A1-R4_MC02g04030	-0.657203488689899	0.027390904771952
284	MvSl-1064-A1-R4_MC02g04078	-1.30055216192426	0.0156934434783511
285	MvSl-1064-A1-R4_MC02g04090	-4.46043521495531	8.36692523956987e-22
286	MvSl-1064-A1-R4_MC02g04091	-1.7208921634391	2.50228452233181e-08
287	MvSl-1064-A1-R4_MC02g04092	-1.30897845082971	6.36150284874316e-05
288	MvSl-1064-A1-R4_MC02g04102	-1.08341832093551	0.00123308304201878
289	MvSl-1064-A1-R4_MC02g04114	-1.16465262129469	0.00552763419807322
290	MvSl-1064-A1-R4_MC02g04119	-0.706898822209748	0.0190673674521763
291	MvSl-1064-A1-R4_MC02g04123	-1.52031555987053	0.0010147110480945
292	MvSl-1064-A1-R4_MC02g04130	-1.50499719492957	3.98351465156468e-08
293	MvSl-1064-A1-R4_MC02g04132	-1.55580203186057	0.000119423043222336
294	MvSl-1064-A1-R4_MC02g04141	-1.04435307879799	5.26838362872845e-05
295	MvSl-1064-A1-R4_MC02g04181	-1.00409670530911	0.0439325787354483
296	MvSl-1064-A1-R4_MC02g04185	-1.25385978536676	0.00136644005363839
297	MvSl-1064-A1-R4_MC02g04187	-0.763642346090649	0.0155900281195373
298	MvSl-1064-A1-R4_MC02g04188	-0.946602251634436	0.025479449989751
299	MvSl-1064-A1-R4_MC02g04192	-4.33710295680107	1.56501102371614e-15
300	MvSl-1064-A1-R4_MC02g04194	-1.40086986967437	5.79675503801911e-05
301	MvSl-1064-A1-R4_MC02g04195	-2.10934092506324	0.000113730129995361
302	MvSl-1064-A1-R4_MC02g04197	-2.15112814726328	2.74957526082601e-06
303	MvSl-1064-A1-R4_MC02g04198	-2.20210987582884	4.65517391938614e-08
304	MvSl-1064-A1-R4_MC02g04200	-2.01097317003348	1.18899702148207e-14
305	MvSl-1064-A1-R4_MC02g04201	-2.29041197409623	1.53397568254314e-08
306	MvSl-1064-A1-R4_MC02g04202	-6.56540500731389	3.2155689032304e-39
307	MvSl-1064-A1-R4_MC02g04205	-1.33925777631187	0.0143422902098541
308	MvSl-1064-A1-R4_MC02g04206	-1.68695597209271	0.00207083135442354
309	MvSl-1064-A1-R4_MC02g04218	-1.07015912389346	0.000252158321916712
310	MvSl-1064-A1-R4_MC02g04219	-1.78811871635037	0.00285989455396422
311	MvSl-1064-A1-R4_MC02g04220	-2.34049097143486	0.00379279819750091
312	MvSl-1064-A1-R4_MC02g04224	-5.36918270330449	1.00727784336159e-17
313	MvSl-1064-A1-R4_MC02g04234	-0.714781128664379	0.0442672654107441
314	MvSl-1064-A1-R4_MC02g04236	-0.732063468144842	0.0135989484422303
315	MvSl-1064-A1-R4_MC02g04237	-1.69395313922425	0.00383059082133646
316	MvSl-1064-A1-R4_MC02g04245	-1.15694092723892	0.00761190726301894
317	MvSl-1064-A1-R4_MC02g04260	-0.732063467633411	0.0135989484422303
318	MvSl-1064-A1-R4_MC02g04261	-1.69395351724163	0.00382854291893018
319	MvSl-1064-A1-R4_MC03g04283	-0.91685890298302	0.0408768909852991
320	MvSl-1064-A1-R4_MC03g04292	-1.01511055047527	0.000996934152758514
321	MvSl-1064-A1-R4_MC03g04297	-1.02089945358025	0.00394017601579391
322	MvSl-1064-A1-R4_MC03g04301	-0.803871150480576	0.00500448316307075
323	MvSl-1064-A1-R4_MC03g04304	-0.876135933798801	0.0246092407652389
324	MvSl-1064-A1-R4_MC03g04325	-1.02691990784246	0.0375193742637099
325	MvSl-1064-A1-R4_MC03g04330	-0.814868264309919	0.0130047275068311
326	MvSl-1064-A1-R4_MC03g04350	-6.26847502146538	9.04304820902585e-15
327	MvSl-1064-A1-R4_MC03g04361	-1.71038506584451	2.39490745568596e-06
328	MvSl-1064-A1-R4_MC03g04367	-1.56465658209155	8.42803999647914e-05
329	MvSl-1064-A1-R4_MC03g04390	-0.825317972040105	0.0221968108349455
330	MvSl-1064-A1-R4_MC03g04396	-1.04671171847823	0.0391308570017637
331	MvSl-1064-A1-R4_MC03g04400	-0.99086370350241	0.000748909840806796
332	MvSl-1064-A1-R4_MC03g04401	-0.78074014470938	0.0169843045017408
333	MvSl-1064-A1-R4_MC03g04419	-3.21414792773221	7.58190740623492e-11
334	MvSl-1064-A1-R4_MC03g04448	-1.21050318903467	0.00375004943883788
335	MvSl-1064-A1-R4_MC03g04449	-0.948208104609213	0.00966088735746533
336	MvSl-1064-A1-R4_MC03g04462	-1.96505347833348	6.8456276315882e-09
337	MvSl-1064-A1-R4_MC03g04472	-1.02638577989683	0.000784679376778602
338	MvSl-1064-A1-R4_MC03g04539	-1.6325839504748	0.00146045484469719
339	MvSl-1064-A1-R4_MC03g04547	-0.946491189443509	0.00167341945167042
340	MvSl-1064-A1-R4_MC03g04548	-0.962003339386405	0.00345176640603071
341	MvSl-1064-A1-R4_MC03g04549	-0.788755979165514	0.020279555149355
342	MvSl-1064-A1-R4_MC03g04565	-1.04807390065858	0.00429094252419248
343	MvSl-1064-A1-R4_MC03g04579	-0.87033544453851	0.0305609023922984
344	MvSl-1064-A1-R4_MC03g04585	-1.36015519967242	2.83815535449173e-06
345	MvSl-1064-A1-R4_MC03g04658	-2.13656574464671	0.00012962925511872
346	MvSl-1064-A1-R4_MC03g04694	-1.59093688275598	0.000295886090488349
347	MvSl-1064-A1-R4_MC03g04698	-1.50975145516967	2.0543307199114e-05
348	MvSl-1064-A1-R4_MC03g04701	-1.221786856954	0.00446633346295288
349	MvSl-1064-A1-R4_MC03g04707	-3.21327182496777	4.05209719610004e-13
350	MvSl-1064-A1-R4_MC03g04725	-1.03845291843642	0.00573215124820905
351	MvSl-1064-A1-R4_MC03g04728	-1.82551932144876	0.000498730611168726
352	MvSl-1064-A1-R4_MC03g04729	-1.7274473996679	0.0012794215205604
353	MvSl-1064-A1-R4_MC03g04737	-2.18167697410526	1.2724802944697e-06
354	MvSl-1064-A1-R4_MC03g04738	-1.55117963913005	0.00109030309100125
355	MvSl-1064-A1-R4_MC03g04739	-1.38626462313091	0.00208988075002951
356	MvSl-1064-A1-R4_MC03g04757	-0.908153728564578	0.0441663384440291
357	MvSl-1064-A1-R4_MC03g04761	-1.25482368508308	0.000635911594338868
358	MvSl-1064-A1-R4_MC03g04773	-1.5571385476554	5.93304226355577e-05
359	MvSl-1064-A1-R4_MC03g04789	-0.949995264853357	0.00787680715205207
360	MvSl-1064-A1-R4_MC03g04792	-0.815850842295552	0.00724296081714178
361	MvSl-1064-A1-R4_MC03g04810	-0.769018787628407	0.00836915355028844
362	MvSl-1064-A1-R4_MC03g04829	-0.753122694675053	0.00941798202821175
363	MvSl-1064-A1-R4_MC03g04834	-1.23137623001913	0.000595894942893209
364	MvSl-1064-A1-R4_MC03g04839	-1.96089758309485	2.80390686601663e-12
365	MvSl-1064-A1-R4_MC03g04847	-1.54429687731225	0.0294269456350601
366	MvSl-1064-A1-R4_MC03g04848	-0.982936823580702	0.00187338200688746
367	MvSl-1064-A1-R4_MC03g04867	-1.07955067133755	0.00832026352819013
368	MvSl-1064-A1-R4_MC03g04879	-2.15005706897932	0.00232074061844832
369	MvSl-1064-A1-R4_MC03g04886	-0.927271620546024	0.0267138018894302
370	MvSl-1064-A1-R4_MC03g04894	-0.754606613742834	0.0299521705490942
371	MvSl-1064-A1-R4_MC03g04909	-1.23484070580643	0.00297963569629584
372	MvSl-1064-A1-R4_MC03g04919	-0.700608909454379	0.0428398523822725
373	MvSl-1064-A1-R4_MC03g04924	-6.72843949521892	4.20808024326131e-53
374	MvSl-1064-A1-R4_MC03g04931	-0.998769397846689	0.00300313756982044
375	MvSl-1064-A1-R4_MC03g04936	-1.20654382389318	0.0109161117841268
376	MvSl-1064-A1-R4_MC03g04975	-1.83959473066649	1.4173808633307e-08
377	MvSl-1064-A1-R4_MC03g05003	-0.821326844677608	0.0193701858112127
378	MvSl-1064-A1-R4_MC03g05005	-0.796251014356916	0.0116686675465412
379	MvSl-1064-A1-R4_MC03g05014	-0.760877908567225	0.0492207915537412
380	MvSl-1064-A1-R4_MC03g05022	-3.42430577572864	1.00444527256667e-14
381	MvSl-1064-A1-R4_MC03g05024	-1.54287648939278	0.000427439043054526
382	MvSl-1064-A1-R4_MC03g05026	-0.9987348792847	0.0110891224849186
383	MvSl-1064-A1-R4_MC03g05038	-0.832015793923456	0.0146473907558125
384	MvSl-1064-A1-R4_MC03g05052	-0.894325343929442	0.0151699990949261
385	MvSl-1064-A1-R4_MC03g05058	-0.76512468938728	0.025479449989751
386	MvSl-1064-A1-R4_MC03g05061	-2.08764673433249	0.000359008399655101
387	MvSl-1064-A1-R4_MC03g05070	-2.96219176517863	0.00228553056969797
388	MvSl-1064-A1-R4_MC03g05072	-0.82856022334829	0.0147677339306222
389	MvSl-1064-A1-R4_MC03g05087	-1.60537230309938	0.000509450438543482
390	MvSl-1064-A1-R4_MC03g05097	-3.63903318551756	2.10759726118687e-17
391	MvSl-1064-A1-R4_MC03g05099	-1.40738826413419	0.000163000266749178
392	MvSl-1064-A1-R4_MC03g05103	-1.91966373424857	3.3792394921116e-10
393	MvSl-1064-A1-R4_MC03g05106	-1.10724682323031	0.0054468189226011
394	MvSl-1064-A1-R4_MC03g05122	-1.21312509582585	1.36825319527312e-05
395	MvSl-1064-A1-R4_MC03g05152	-1.08456401284878	0.0174460383796749
396	MvSl-1064-A1-R4_MC03g05163	-3.08889483093064	5.52943812523564e-14
397	MvSl-1064-A1-R4_MC03g05164	-1.87829564402645	0.000122405544361677
398	MvSl-1064-A1-R4_MC03g05165	-1.82528251277732	0.00382779431660765
399	MvSl-1064-A1-R4_MC03g05176	-2.16682134797429	8.01425274021898e-10
400	MvSl-1064-A1-R4_MC03g05213	-0.721731144643617	0.0380471374530688
401	MvSl-1064-A1-R4_MC03g05224	-1.88090808493288	0.000784329083129892
402	MvSl-1064-A1-R4_MC03g05242	-0.986423149505433	0.0225952096710948
403	MvSl-1064-A1-R4_MC03g05244	-1.08465739437886	0.00434186952367626
404	MvSl-1064-A1-R4_MC03g05250	-0.754452091347708	0.0181628347593409
405	MvSl-1064-A1-R4_MC03g05252	-0.700893124989005	0.0150776371043518
406	MvSl-1064-A1-R4_MC03g05262	-0.599400333549953	0.0498313320128169
407	MvSl-1064-A1-R4_MC04-1g05283	-1.11585418261337	0.0114334432132362
408	MvSl-1064-A1-R4_MC04-1g05292	-3.33284702116771	2.76748030116634e-20
409	MvSl-1064-A1-R4_MC04-1g05296	-1.02270500939119	0.00199060258868067
410	MvSl-1064-A1-R4_MC04-1g05304	-8.57820476502495	3.55542661461222e-26
411	MvSl-1064-A1-R4_MC04-1g05313	-2.30334345579798	9.27690551823174e-07
412	MvSl-1064-A1-R4_MC04-1g05315	-3.89722043456052	1.71919438062439e-11
413	MvSl-1064-A1-R4_MC04-1g05375	-1.41706666101269	0.0198491507010151
414	MvSl-1064-A1-R4_MC04-1g05376	-1.23915359280983	1.40561877327468e-05
415	MvSl-1064-A1-R4_MC04-1g05377	-3.09576512522787	6.05514338725377e-08
416	MvSl-1064-A1-R4_MC04-1g05461	-0.871115644459673	0.0477380616287047
417	MvSl-1064-A1-R4_MC04-1g05465	-1.17459988625374	0.000267317069287378
418	MvSl-1064-A1-R4_MC04-1g05468	-2.05350023269359	9.75917924114752e-06
419	MvSl-1064-A1-R4_MC04-1g05470	-1.14672151296565	0.000623416745758229
420	MvSl-1064-A1-R4_MC04-1g05478	-0.743978618404334	0.0208669950779373
421	MvSl-1064-A1-R4_MC04-1g05491	-1.03753590813012	0.00117413909630492
422	MvSl-1064-A1-R4_MC04-1g05530	-0.849388439795835	0.0148267833088289
423	MvSl-1064-A1-R4_MC04-1g05571	-1.1000153115764	0.047688128651974
424	MvSl-1064-A1-R4_MC04-1g05585	-0.923918188095225	0.00460085383817548
425	MvSl-1064-A1-R4_MC04-1g05588	-0.912479598282561	0.0409071244501739
426	MvSl-1064-A1-R4_MC04-1g05592	-1.66783948227806	9.84025231034279e-09
427	MvSl-1064-A1-R4_MC04-1g05632	-2.37940770808089	6.13100858335941e-13
428	MvSl-1064-A1-R4_MC04-1g05662	-0.792870962193493	0.019424599210133
429	MvSl-1064-A1-R4_MC04-1g05664	-0.967050064006459	0.0339636017048818
430	MvSl-1064-A1-R4_MC04-1g05672	-1.61266615085005	5.7128857037858e-09
431	MvSl-1064-A1-R4_MC04-1g05675	-0.800291915415799	0.0118309155283875
432	MvSl-1064-A1-R4_MC04-1g05682	-1.39016272245763	3.76273983381145e-05
433	MvSl-1064-A1-R4_MC04-1g05683	-0.754456930025691	0.0271801674842263
434	MvSl-1064-A1-R4_MC04-1g05712	-3.72530081545052	4.64210470545425e-17
435	MvSl-1064-A1-R4_MC04-1g05749	-4.4844666272598	1.77321991330483e-33
436	MvSl-1064-A1-R4_MC04-1g05764	-4.17976248781416	3.1293140736415e-09
437	MvSl-1064-A1-R4_MC04-1g05801	-2.72456743916234	7.82292757183439e-11
438	MvSl-1064-A1-R4_MC04-1g05810	-9.39915809581833	4.626910860189e-119
439	MvSl-1064-A1-R4_MC04-1g05815	-1.49524525246536	6.75752859158534e-05
440	MvSl-1064-A1-R4_MC04-1g05832	-4.4565645065623	3.30728810844438e-07
441	MvSl-1064-A1-R4_MC04-1g05833	-5.01027241417092	6.93710276412536e-20
442	MvSl-1064-A1-R4_MC04-1g05834	-1.6756587106932	0.0129422137988295
443	MvSl-1064-A1-R4_MC04-1g05836	-2.10450468954831	0.000117383666057469
444	MvSl-1064-A1-R4_MC04-1g05861	-1.86741462528133	6.76603997613315e-06
445	MvSl-1064-A1-R4_MC04-1g05906	-1.06777976077375	0.00155648395824146
446	MvSl-1064-A1-R4_MC04-1g05908	-2.43463655224991	6.4315363630348e-10
447	MvSl-1064-A1-R4_MC04-1g05914	-0.763097999091909	0.0155900281195373
448	MvSl-1064-A1-R4_MC04-1g05935	-0.982385964944458	0.0310116727171935
449	MvSl-1064-A1-R4_MC04-1g05936	-1.07700929413869	0.0081030860051631
450	MvSl-1064-A1-R4_MC04-1g05937	-0.830155645301437	0.0257880959449889
451	MvSl-1064-A1-R4_MC04-1g05942	-1.06945444837695	0.0372596473355886
452	MvSl-1064-A1-R4_MC04-1g05948	-0.638572129792707	0.0463385664648338
453	MvSl-1064-A1-R4_MC04-1g06009	-0.756038349832376	0.00532707710077728
454	MvSl-1064-A1-R4_MC04-1g06022	-0.683466750526322	0.0435728821264935
455	MvSl-1064-A1-R4_MC04-1g06048	-1.04848684983116	0.00553846707800951
456	MvSl-1064-A1-R4_MC04-1g06049	-3.61817189610262	2.54665714509238e-07
457	MvSl-1064-A1-R4_MC04-1g06054	-0.837151053942556	0.0398966541686525
458	MvSl-1064-A1-R4_MC04-1g06059	-1.35283398131799	0.0141906906656007
459	MvSl-1064-A1-R4_MC04-1g06060	-0.91741420426537	0.0033815216930932
460	MvSl-1064-A1-R4_MC04-2g06086	-0.982932437336762	0.0121933377071346
461	MvSl-1064-A1-R4_MC04-2g06103	-2.15032518244098	0.000259756358246405
462	MvSl-1064-A1-R4_MC05-1g06148	-0.787891882725913	0.00917527013916051
463	MvSl-1064-A1-R4_MC05-1g06184	-1.5329222559264	5.47762276400321e-05
464	MvSl-1064-A1-R4_MC05-1g06189	-2.77993028894375	2.11282503396596e-22
465	MvSl-1064-A1-R4_MC05-1g06211	-1.03445361461138	0.0166235736599375
466	MvSl-1064-A1-R4_MC05-1g06217	-0.88095113704344	0.00204649500303038
467	MvSl-1064-A1-R4_MC05-1g06223	-3.32556107559511	9.1963317117343e-39
468	MvSl-1064-A1-R4_MC05-1g06241	-1.3344207331674	0.000422401508219508
469	MvSl-1064-A1-R4_MC05-1g06249	-0.839603070835591	0.0337754145501015
470	MvSl-1064-A1-R4_MC05-1g06269	-1.98277649885048	0.00260219336703051
471	MvSl-1064-A1-R4_MC05-2g06318	-1.04386613024291	0.00421988127499461
472	MvSl-1064-A1-R4_MC05-2g06335	-2.99953763768414	1.11930837426804e-13
473	MvSl-1064-A1-R4_MC05-2g06344	-0.955102270363213	0.0247403469172013
474	MvSl-1064-A1-R4_MC05-2g06353	-0.663599440386486	0.0272995452324255
475	MvSl-1064-A1-R4_MC05-2g06365	-1.09119069897903	0.00546748073762815
476	MvSl-1064-A1-R4_MC05-2g06375	-1.62768721441854	7.71282342709638e-05
477	MvSl-1064-A1-R4_MC05-2g06395	-2.82525015907501	2.35017191959915e-06
478	MvSl-1064-A1-R4_MC05-2g06412	-2.59286245127258	6.64214042485217e-15
479	MvSl-1064-A1-R4_MC05-2g06420	-1.68442140531208	3.45655136036666e-05
480	MvSl-1064-A1-R4_MC05-2g06429	-1.05000350955087	0.0328514317517904
481	MvSl-1064-A1-R4_MC05-2g06454	-2.32961089639433	4.96389028635503e-09
482	MvSl-1064-A1-R4_MC05-2g06456	-0.984712012498868	0.0114005021144635
483	MvSl-1064-A1-R4_MC05-2g06464	-0.960791275100159	0.0463911822757911
484	MvSl-1064-A1-R4_MC05-3g06507	-1.38742758638639	0.00619342121489471
485	MvSl-1064-A1-R4_MC05-3g06525	-0.830192443393415	0.0284605940818854
486	MvSl-1064-A1-R4_MC05-3g06543	-0.665568724522718	0.0435728821264935
487	MvSl-1064-A1-R4_MC05-3g06556	-0.738991740515756	0.0298182531749538
488	MvSl-1064-A1-R4_MC05-3g06582	-0.772110197720884	0.0437979813704058
489	MvSl-1064-A1-R4_MC05-3g06593	-2.22053162624519	9.98999134789644e-06
490	MvSl-1064-A1-R4_MC05-3g06594	-1.99917330251868	3.53357681317874e-07
491	MvSl-1064-A1-R4_MC05-3g06611	-1.33934599433127	0.00152434806085788
492	MvSl-1064-A1-R4_MC05-3g06616	-0.744267279241238	0.00854827983744338
493	MvSl-1064-A1-R4_MC05-3g06617	-4.31856270895802	9.02078673446629e-18
494	MvSl-1064-A1-R4_MC05-3g06621	-2.25887159168368	9.28010405709291e-07
495	MvSl-1064-A1-R4_MC05-3g06642	-3.34375268126555	5.97775606110072e-09
496	MvSl-1064-A1-R4_MC05-3g06674	-0.63673572199842	0.0274425597810448
497	MvSl-1064-A1-R4_MC05-3g06682	-1.24505539539532	0.000346376189678841
498	MvSl-1064-A1-R4_MC05-3g06688	-2.6258044026919	6.75861478454148e-17
499	MvSl-1064-A1-R4_MC05-3g06689	-1.08359222040154	0.000680805192257738
500	MvSl-1064-A1-R4_MC05-3g06713	-0.679523635297778	0.0325861803779612
501	MvSl-1064-A1-R4_MC05-3g06733	-1.1869175850398	4.47180104049562e-05
502	MvSl-1064-A1-R4_MC05-3g06739	-1.49118743938542	1.16953034990399e-05
503	MvSl-1064-A1-R4_MC05-3g06742	-1.11153252647403	0.0157168220570062
504	MvSl-1064-A1-R4_MC05-3g06790	-1.29116227444682	0.000491117526296732
505	MvSl-1064-A1-R4_MC05-3g06803	-1.0221759116172	0.0257880959449889
506	MvSl-1064-A1-R4_MC05-3g06813	-2.08026079338181	2.91222470206152e-09
507	MvSl-1064-A1-R4_MC05-3g06820	-0.602239433230549	0.0430141489980457
508	MvSl-1064-A1-R4_MC05-3g06833	-3.36165643794275	9.27654749322612e-09
509	MvSl-1064-A1-R4_MC05-3g06837	-0.81534661871923	0.0421610991555159
510	MvSl-1064-A1-R4_MC06g06861	-1.19511040842336	0.0135970757332213
511	MvSl-1064-A1-R4_MC06g06866	-1.41762990005571	0.000198140918589557
512	MvSl-1064-A1-R4_MC06g06870	-0.813124364979811	0.00387937138537739
513	MvSl-1064-A1-R4_MC06g06875	-0.93279048740259	0.00820480358678777
514	MvSl-1064-A1-R4_MC06g06878	-1.32909886810627	0.00490821827362975
515	MvSl-1064-A1-R4_MC06g06883	-1.21234350032705	0.00501218300087498
516	MvSl-1064-A1-R4_MC06g06914	-0.801660199735705	0.0084009029149867
517	MvSl-1064-A1-R4_MC06g06923	-0.909871411064387	0.00124512677164338
518	MvSl-1064-A1-R4_MC06g06929	-1.11307873135835	0.00238492309076553
519	MvSl-1064-A1-R4_MC06g06938	-0.72951701116516	0.0218103686823904
520	MvSl-1064-A1-R4_MC06g06940	-1.75427603555638	0.000836820091873804
521	MvSl-1064-A1-R4_MC06g06942	-0.992038241645574	0.011647210361675
522	MvSl-1064-A1-R4_MC06g06943	-0.932217795122768	0.00947266288191555
523	MvSl-1064-A1-R4_MC06g06944	-3.84465158918567	2.88954210098571e-18
524	MvSl-1064-A1-R4_MC06g06955	-1.39759281014737	0.0442197935957997
525	MvSl-1064-A1-R4_MC06g06962	-0.957514207441056	0.00182401840046992
526	MvSl-1064-A1-R4_MC06g07047	-0.897414865879276	0.0422151168944186
527	MvSl-1064-A1-R4_MC06g07064	-1.59053582044926	0.000232933707276951
528	MvSl-1064-A1-R4_MC06g07099	-2.61554936113535	1.43844006805184e-05
529	MvSl-1064-A1-R4_MC06g07119	-0.778880477253688	0.00922858500639674
530	MvSl-1064-A1-R4_MC06g07128	-0.824726887086611	0.0431391379122897
531	MvSl-1064-A1-R4_MC06g07138	-1.45952905037838	1.53228398305151e-08
532	MvSl-1064-A1-R4_MC06g07150	-0.800210954163251	0.0318458693925779
533	MvSl-1064-A1-R4_MC06g07161	-1.12702995318393	0.030270340732046
534	MvSl-1064-A1-R4_MC06g07164	-1.04912554308934	0.0140253005420581
535	MvSl-1064-A1-R4_MC06g07178	-1.68686767400602	0.0116686675465412
536	MvSl-1064-A1-R4_MC06g07235	-4.50942708681941	5.98248845798674e-42
537	MvSl-1064-A1-R4_MC06g07236	-3.95425111846778	1.19300029410741e-11
538	MvSl-1064-A1-R4_MC06g07255	-2.18165733812311	8.94056757399441e-11
539	MvSl-1064-A1-R4_MC06g07260	-1.25861013624772	4.31122269435915e-07
540	MvSl-1064-A1-R4_MC06g07269	-1.13431162675259	0.00884886920875174
541	MvSl-1064-A1-R4_MC06g07287	-1.18851607957329	0.00642736111776103
542	MvSl-1064-A1-R4_MC06g07288	-1.60518676167853	0.000149786301946092
543	MvSl-1064-A1-R4_MC06g07310	-0.867774762710417	0.0205138594536118
544	MvSl-1064-A1-R4_MC06g07315	-1.14403976233973	5.8097065105908e-05
545	MvSl-1064-A1-R4_MC06g07342	-5.12669499970828	1.54230446591606e-42
546	MvSl-1064-A1-R4_MC06g07356	-1.00142587632964	0.0070100715657525
547	MvSl-1064-A1-R4_MC06g07360	-1.16096093853535	9.25763520444938e-05
548	MvSl-1064-A1-R4_MC06g07362	-0.827401412954815	0.0398809178601278
549	MvSl-1064-A1-R4_MC06g07397	-2.66122291898792	9.95301285662672e-05
550	MvSl-1064-A1-R4_MC06g07428	-0.85476834322028	0.00187500341126326
551	MvSl-1064-A1-R4_MC06g07445	-3.50406367404916	1.18575763368506e-08
552	MvSl-1064-A1-R4_MC06g07446	-3.2602835831309	0.000468010344628786
553	MvSl-1064-A1-R4_MC06g07447	-0.987290512176396	0.0019351356666011
554	MvSl-1064-A1-R4_MC06g07448	-3.26028266730891	0.000468785911071716
555	MvSl-1064-A1-R4_MC06g07449	-3.50406372212891	1.18575763368506e-08
556	MvSl-1064-A1-R4_MC06g07454	-3.12900531355203	5.55933063377661e-12
557	MvSl-1064-A1-R4_MC06g07468	-0.731227458166933	0.0164289431033665
558	MvSl-1064-A1-R4_MC06g07478	-2.8437636166767	3.76134755178709e-07
559	MvSl-1064-A1-R4_MC06g07517	-1.05049180351413	0.00031764372715429
560	MvSl-1064-A1-R4_MC07g07549	-2.3998613645177	0.000146199163329815
561	MvSl-1064-A1-R4_MC07g07565	-1.22964093963974	2.0543307199114e-05
562	MvSl-1064-A1-R4_MC07g07587	-0.815369687569137	0.00433200831348283
563	MvSl-1064-A1-R4_MC07g07590	-0.947513603176589	0.0185704667949476
564	MvSl-1064-A1-R4_MC07g07592	-1.44062151463295	0.000760584754388857
565	MvSl-1064-A1-R4_MC07g07609	-2.19348992673096	4.81142129708915e-05
566	MvSl-1064-A1-R4_MC07g07681	-0.809182427035079	0.0487310543152048
567	MvSl-1064-A1-R4_MC07g07693	-1.82458854522429	0.000784329083129892
568	MvSl-1064-A1-R4_MC07g07696	-1.33550813228747	1.07691972450327e-05
569	MvSl-1064-A1-R4_MC07g07719	-1.17132355744263	0.00881269517400556
570	MvSl-1064-A1-R4_MC07g07734	-2.0475633410268	1.84741376869575e-13
571	MvSl-1064-A1-R4_MC07g07744	-0.770796318076695	0.00841034039951387
572	MvSl-1064-A1-R4_MC07g07837	-1.87877810833223	1.66408989677542e-08
573	MvSl-1064-A1-R4_MC07g07841	-1.26135430610089	5.06527716374363e-05
574	MvSl-1064-A1-R4_MC07g07852	-0.711739809387774	0.0204254405572319
575	MvSl-1064-A1-R4_MC07g07864	-0.793124150584664	0.00639911419816795
576	MvSl-1064-A1-R4_MC07g07868	-1.14135746774363	0.00362069604535437
577	MvSl-1064-A1-R4_MC07g07882	-1.57791751195694	1.84221843192217e-06
578	MvSl-1064-A1-R4_MC07g07887	-3.03077979915242	0.000171063743115015
579	MvSl-1064-A1-R4_MC07g07913	-0.969071874039301	0.0297954620720084
580	MvSl-1064-A1-R4_MC07g07941	-1.0234864886659	0.000503527991907417
581	MvSl-1064-A1-R4_MC07g07945	-1.99207067196008	0.000108590937985126
582	MvSl-1064-A1-R4_MC07g07946	-1.75560890841271	3.789488588145e-10
583	MvSl-1064-A1-R4_MC07g07953	-1.71773254098484	1.76538166567357e-11
584	MvSl-1064-A1-R4_MC07g07961	-1.44431337709358	0.00966088735746533
585	MvSl-1064-A1-R4_MC07g07977	-0.754032243286699	0.0235727694989629
586	MvSl-1064-A1-R4_MC07g07978	-1.62179194391822	0.00124201564133867
587	MvSl-1064-A1-R4_MC07g07982	-1.18538238228935	0.0477640449173517
588	MvSl-1064-A1-R4_MC07g07984	-1.40516898738963	0.014847151124291
589	MvSl-1064-A1-R4_MC07g08004	-1.48485447312793	0.000827711497824927
590	MvSl-1064-A1-R4_MC07g08016	-2.43232714664636	5.26092648322865e-22
591	MvSl-1064-A1-R4_MC07g08018	-1.12982070637338	0.000138694725065993
592	MvSl-1064-A1-R4_MC07g08025	-1.81677956995432	6.61325058728853e-11
593	MvSl-1064-A1-R4_MC07g08031	-0.78164005487754	0.0313853172664733
594	MvSl-1064-A1-R4_MC07g08037	-2.03654732070952	2.02864637067893e-10
595	MvSl-1064-A1-R4_MC07g08038	-1.49290065278176	0.00152539407947187
596	MvSl-1064-A1-R4_MC07g08062	-1.30328333183064	3.7726714477335e-06
597	MvSl-1064-A1-R4_MC07g08080	-1.80029556584211	2.31706165947288e-05
598	MvSl-1064-A1-R4_MC07g08101	-1.24521468085232	0.000942504918705635
599	MvSl-1064-A1-R4_MC07g08103	-1.11261806587986	0.000446289548748895
600	MvSl-1064-A1-R4_MC07g08106	-1.94149935469539	0.000321983564751671
601	MvSl-1064-A1-R4_MC07g08133	-0.738468694159466	0.011647210361675
602	MvSl-1064-A1-R4_MC07g08146	-0.946146508999491	0.00327027077295287
603	MvSl-1064-A1-R4_MC07g08147	-0.665634795319146	0.0366317599106034
604	MvSl-1064-A1-R4_MC07g08161	-0.666859809566041	0.0335711830834552
605	MvSl-1064-A1-R4_MC07g08163	-0.892904005416709	0.0187934246982161
606	MvSl-1064-A1-R4_MC07g08197	-0.683053359379369	0.0249799262851722
607	MvSl-1064-A1-R4_MC07g08198	-2.08107746832258	0.00213688318851282
608	MvSl-1064-A1-R4_MC07g08201	-1.09699408546602	0.0137263356580773
609	MvSl-1064-A1-R4_MC07g08206	-0.972560550959616	0.0106815754878782
610	MvSl-1064-A1-R4_MC07g08208	-2.40917288942125	5.20236408858698e-13
611	MvSl-1064-A1-R4_MC07g08209	-2.345388334474	5.90586760387751e-11
612	MvSl-1064-A1-R4_MC07g08234	-0.724649131566966	0.0127172407858142
613	MvSl-1064-A1-R4_MC07g08235	-0.848308959211195	0.00711552121905707
614	MvSl-1064-A1-R4_MC07g08246	-0.999911435339842	0.0113131295798742
615	MvSl-1064-A1-R4_MC08g08277	-5.85010825634016	5.94637514173423e-33
616	MvSl-1064-A1-R4_MC08g08298	-1.22601118330044	0.0144534559421706
617	MvSl-1064-A1-R4_MC08g08301	-0.853310302115431	0.010209247267632
618	MvSl-1064-A1-R4_MC08g08311	-0.993401092583209	0.00276540853788986
619	MvSl-1064-A1-R4_MC08g08337	-2.73413057563322	5.93304226355577e-05
620	MvSl-1064-A1-R4_MC08g08338	-1.33201942154004	0.000508037934199095
621	MvSl-1064-A1-R4_MC08g08360	-0.972841581020087	0.0061546585699209
622	MvSl-1064-A1-R4_MC08g08361	-1.43802171462038	5.37536003028634e-07
623	MvSl-1064-A1-R4_MC08g08367	-1.16278277097687	0.0229878453537758
624	MvSl-1064-A1-R4_MC08g08369	-1.42171729299675	0.00394017601579391
625	MvSl-1064-A1-R4_MC08g08428	-0.647330190092166	0.0282593852294063
626	MvSl-1064-A1-R4_MC08g08432	-0.654846836237501	0.0317088279874495
627	MvSl-1064-A1-R4_MC08g08445	-1.45391094935369	2.01472766743381e-08
628	MvSl-1064-A1-R4_MC08g08469	-1.47083359034731	0.00276540853788986
629	MvSl-1064-A1-R4_MC08g08474	-0.741419560090797	0.00689035330558892
630	MvSl-1064-A1-R4_MC08g08477	-1.70309669621954	0.000359889471089784
631	MvSl-1064-A1-R4_MC08g08479	-4.89142687932221	9.88553120790426e-20
632	MvSl-1064-A1-R4_MC08g08480	-7.76384351042826	6.08085115548919e-20
633	MvSl-1064-A1-R4_MC08g08481	-12.6027240511483	3.7138802010765e-88
634	MvSl-1064-A1-R4_MC08g08482	-13.0794295487044	2.4910121022869e-104
635	MvSl-1064-A1-R4_MC08g08504	-1.80550328275259	1.06067044684103e-09
636	MvSl-1064-A1-R4_MC08g08542	-0.883802936145671	0.0198491507010151
637	MvSl-1064-A1-R4_MC08g08570	-0.972165697398145	0.0407583175353138
638	MvSl-1064-A1-R4_MC08g08595	-0.763779636373075	0.0133981187443856
639	MvSl-1064-A1-R4_MC08g08628	-5.13778144512736	3.1261929552982e-19
640	MvSl-1064-A1-R4_MC08g08639	-0.960152851581964	0.020885924637937
641	MvSl-1064-A1-R4_MC08g08662	-0.834734845376384	0.0361642648708893
642	MvSl-1064-A1-R4_MC08g08672	-0.813172978205265	0.00428285307949405
643	MvSl-1064-A1-R4_MC08g08776	-2.71171048725282	1.63414119860646e-07
644	MvSl-1064-A1-R4_MC08g08777	-2.60135889146913	1.93051527965706e-07
645	MvSl-1064-A1-R4_MC08g08790	-0.688145413435468	0.045246244296395
646	MvSl-1064-A1-R4_MC08g08800	-3.29784829938188	1.13851608764685e-11
647	MvSl-1064-A1-R4_MC08g08817	-2.76979323067399	4.86005305275424e-15
648	MvSl-1064-A1-R4_MC08g08818	-1.84850385660005	0.0198491507010151
649	MvSl-1064-A1-R4_MC08g08826	-0.776237603943115	0.0139976563562139
650	MvSl-1064-A1-R4_MC08g08828	-0.900631501366281	0.0084009029149867
651	MvSl-1064-A1-R4_MC08g08838	-1.28373641738342	0.0179130150174783
652	MvSl-1064-A1-R4_MC08g08855	-3.62150702267435	6.69924081833811e-28
653	MvSl-1064-A1-R4_MC08g08860	-2.16688828864416	5.27206342110534e-16
654	MvSl-1064-A1-R4_MC08g08861	-2.27084736970636	8.41181152679865e-14
655	MvSl-1064-A1-R4_MC09-1g08909	-1.55300588228259	0.000560912274778037
656	MvSl-1064-A1-R4_MC09-2g08939	-2.42360721526061	4.55229280342067e-05
657	MvSl-1064-A1-R4_MC09-2g08940	-0.972169892808589	0.000551533963622603
658	MvSl-1064-A1-R4_MC09-2g08965	-0.917287620421209	0.0129953969596641
659	MvSl-1064-A1-R4_MC09-2g08966	-1.28172995266878	0.000669076066732815
660	MvSl-1064-A1-R4_MC09-2g09008	-1.32133538874398	0.0113258393775845
661	MvSl-1064-A1-R4_MC09-2g09050	-1.3358393351492	0.0031185587388913
662	MvSl-1064-A1-R4_MC09-2g09051	-1.3753342146296	0.000339834702558006
663	MvSl-1064-A1-R4_MC09-2g09053	-1.47329895081274	2.24819967165595e-05
664	MvSl-1064-A1-R4_MC09-2g09067	-5.00626541351657	6.97104029361619e-15
665	MvSl-1064-A1-R4_MC09-2g09069	-1.16951691220351	0.00244940230802398
666	MvSl-1064-A1-R4_MC09-2g09072	-0.796161753028284	0.0324854969985038
667	MvSl-1064-A1-R4_MC09-2g09078	-1.3277513316584	0.0346713765586086
668	MvSl-1064-A1-R4_MC09-2g09089	-0.931145252093984	0.00589347410685195
669	MvSl-1064-A1-R4_MC09-2g09120	-1.14847371792287	0.00246218450180154
670	MvSl-1064-A1-R4_MC09-2g09123	-1.57130633192448	6.6992780212033e-05
671	MvSl-1064-A1-R4_MC09-2g09131	-3.24880678513605	5.93304226355577e-05
672	MvSl-1064-A1-R4_MC09-2g09132	-3.32198949168576	5.59617787004499e-06
673	MvSl-1064-A1-R4_MC09-2g09141	-1.52841947122382	2.43189350752695e-07
674	MvSl-1064-A1-R4_MC09-2g09144	-3.95661869392854	2.47753554558263e-36
675	MvSl-1064-A1-R4_MC09-2g09157	-1.05811776480185	0.0406437111144922
676	MvSl-1064-A1-R4_MC09-2g09159	-1.22532164992201	0.00521591204985178
677	MvSl-1064-A1-R4_MC09-2g09160	-1.10640963709845	0.000224584278866756
678	MvSl-1064-A1-R4_MC09-2g09187	-0.688551001745306	0.0133858280286464
679	MvSl-1064-A1-R4_MC09-2g09191	-1.38307127758336	2.87167718679496e-07
680	MvSl-1064-A1-R4_MC09-2g09225	-0.826742196920949	0.0078490917968482
681	MvSl-1064-A1-R4_MC09-2g09226	-0.723637490510225	0.0457433339487246
682	MvSl-1064-A1-R4_MC09-2g09237	-0.706126858683042	0.0178124696975422
683	MvSl-1064-A1-R4_MC09-2g09247	-0.823230553196663	0.0256474525502091
684	MvSl-1064-A1-R4_MC09-2g09255	-0.962323301209608	0.000359008399655101
685	MvSl-1064-A1-R4_MC09-2g09256	-1.02562576665134	0.00447329926452251
686	MvSl-1064-A1-R4_MC09-2g09269	-1.86611897589701	0.000339849194026498
687	MvSl-1064-A1-R4_MC09-2g09283	-1.2998422894718	9.35699803333821e-05
688	MvSl-1064-A1-R4_MC09-2g09289	-1.30229100098091	0.00121083619364279
689	MvSl-1064-A1-R4_MC09-2g09292	-0.981397188447323	0.0133848913784186
690	MvSl-1064-A1-R4_MC09-2g09305	-1.36358879398387	0.0038602615894613
691	MvSl-1064-A1-R4_MC09-2g09306	-2.65705812273594	0.00493650518598906
692	MvSl-1064-A1-R4_MC09-2g09313	-0.60278651688126	0.0372596473355886
693	MvSl-1064-A1-R4_MC09-2g09324	-0.703053045585144	0.0219084488489025
694	MvSl-1064-A1-R4_MC09-2g09353	-0.712288542834459	0.0135970757332213
695	MvSl-1064-A1-R4_MC09-2g09373	-2.34322233498817	1.81166454622374e-05
696	MvSl-1064-A1-R4_MC09-2g09374	-0.768580050622905	0.0244870760947203
697	MvSl-1064-A1-R4_MC09-2g09396	-0.920504861118044	0.00194415948322514
698	MvSl-1064-A1-R4_MC09-2g09398	-0.615713643488608	0.0478632395265205
699	MvSl-1064-A1-R4_MC09-2g09412	-0.866857426168478	0.0023139069883309
700	MvSl-1064-A1-R4_MC09-2g09415	-0.974245874579354	0.00431354286266114
701	MvSl-1064-A1-R4_MC09-2g09419	-1.08623926901816	0.00149588063900338
702	MvSl-1064-A1-R4_MC09-2g09440	-1.00728456635035	0.000360108811603629
703	MvSl-1064-A1-R4_MC09-2g09469	-1.59150596192852	3.9181619124812e-10
704	MvSl-1064-A1-R4_MC09-2g09477	-1.29916558455361	0.020750541739731
705	MvSl-1064-A1-R4_MC09-2g09478	-1.63798133474922	0.000496719491954648
706	MvSl-1064-A1-R4_MC09-2g09485	-2.14755025063067	0.0020310745206357
707	MvSl-1064-A1-R4_MC09-2g09486	-2.72727910867209	6.44755813137211e-09
708	MvSl-1064-A1-R4_MC09-2g09487	-2.72120688838546	5.64542808103539e-13
709	MvSl-1064-A1-R4_MC09-2g09488	-2.41306505330802	2.2219979820376e-10
710	MvSl-1064-A1-R4_MC09-2g09489	-2.50920735280418	6.82992882047686e-19
711	MvSl-1064-A1-R4_MC09-2g09490	-2.70229194783721	1.96592254262057e-13
712	MvSl-1064-A1-R4_MC09-2g09506	-1.43628604882128	0.000711458514088123
713	MvSl-1064-A1-R4_MC09-2g09507	-1.34365716549528	0.00837084355906203
714	MvSl-1064-A1-R4_MC09-2g09509	-1.39985953995678	4.70448995433448e-07
715	MvSl-1064-A1-R4_MC09-2g09511	-0.832765184133249	0.00454769031764689
716	MvSl-1064-A1-R4_MC09-2g09532	-0.942075822814497	0.00548214499787021
717	MvSl-1064-A1-R4_MC09-2g09536	-1.70049539149709	0.0291890878603611
718	MvSl-1064-A1-R4_MC09-2g09552	-0.849682603263696	0.0106973977149276
719	MvSl-1064-A1-R4_MC09-2g09561	-0.951148888166943	0.00357908507941446
720	MvSl-1064-A1-R4_MC09-2g09573	-3.36036563097151	1.12886576606298e-06
721	MvSl-1064-A1-R4_MC10-1g09614	-1.49439091343517	0.0221995951154448
722	MvSl-1064-A1-R4_MC10-1g09615	-0.913719563277641	0.0160861866179947
723	MvSl-1064-A1-R4_MC10-1g09628	-1.2159951424688	0.000108867513476645
724	MvSl-1064-A1-R4_MC10-1g09635	-1.22632131148299	4.69778326254894e-05
725	MvSl-1064-A1-R4_MC10-1g09642	-1.07822990518882	0.000689354886303541
726	MvSl-1064-A1-R4_MC10-1g09656	-1.37690589704141	3.48302344032549e-05
727	MvSl-1064-A1-R4_MC10-1g09691	-0.942957599676643	0.029419175939827
728	MvSl-1064-A1-R4_MC10-1g09697	-1.42907842623848	1.3151844858466e-05
729	MvSl-1064-A1-R4_MC10-1g09698	-1.10502952857594	0.010718126282885
730	MvSl-1064-A1-R4_MC10-1g09704	-1.47915806908585	5.7128857037858e-09
731	MvSl-1064-A1-R4_MC10-1g09716	-0.795731679054504	0.00527759451555862
732	MvSl-1064-A1-R4_MC10-1g09719	-0.787099498624717	0.0061390104064035
733	MvSl-1064-A1-R4_MC10-1g09724	-2.71915355472829	1.46017732086643e-11
734	MvSl-1064-A1-R4_MC10-1g09725	-0.900199936883178	0.00848286373174753
735	MvSl-1064-A1-R4_MC10-1g09729	-1.11982516601973	0.00947266288191555
736	MvSl-1064-A1-R4_MC10-1g09752	-3.01243967063781	4.49679473328347e-05
737	MvSl-1064-A1-R4_MC10-1g09764	-1.41124754169733	6.26057048286501e-05
738	MvSl-1064-A1-R4_MC10-1g09776	-1.23703413905584	4.11231938539328e-06
739	MvSl-1064-A1-R4_MC10-1g09808	-0.799130200844309	0.00899836786319791
740	MvSl-1064-A1-R4_MC10-2g09898	-0.70230367339035	0.0400198801517983
741	MvSl-1064-A1-R4_MC10-2g09900	-14.7317176714954	1.1321682342859e-85
742	MvSl-1064-A1-R4_MC10-2g09908	-1.05065854345143	0.0147677339306222
743	MvSl-1064-A1-R4_MC10-2g09910	-1.82363524810466	0.00485703679711146
744	MvSl-1064-A1-R4_MC10-2g09913	-0.893861496040889	0.0452887926503461
745	MvSl-1064-A1-R4_MC10-2g09930	-1.01552496461021	0.000375064099244995
746	MvSl-1064-A1-R4_MC10-2g09961	-1.80329034838227	3.35782819990348e-08
747	MvSl-1064-A1-R4_MC10-2g09962	-1.13527070861239	0.0168107037066315
748	MvSl-1064-A1-R4_MC10-2g09963	-1.09663665916029	0.0133981187443856
749	MvSl-1064-A1-R4_MC10-2g09964	-6.797724821671	7.70683900256106e-63
750	MvSl-1064-A1-R4_MC10-2g09968	-0.966786502723304	0.0182095929867503
751	MvSl-1064-A1-R4_MC10-2g09988	-1.7705701809002	8.31880969675368e-11
752	MvSl-1064-A1-R4_MC10-2g09989	-1.61334135820735	2.15949919385962e-08
753	MvSl-1064-A1-R4_MC10-2g10014	-2.51552047347872	3.08598092813884e-07
754	MvSl-1064-A1-R4_MC10-2g10016	-1.39544121915473	0.00110409689665058
755	MvSl-1064-A1-R4_MC10-2g10019	-0.792240267983621	0.0065367791085015
756	MvSl-1064-A1-R4_MC10-2g10036	-3.42099016413533	1.82323822607571e-19
757	MvSl-1064-A1-R4_MC10-2g10037	-1.15813123753935	0.000314050987566221
758	MvSl-1064-A1-R4_MC10-2g10038	-2.26498620122531	6.00027755719541e-05
759	MvSl-1064-A1-R4_MC10-2g10039	-0.941367408912965	0.00030269833168089
760	MvSl-1064-A1-R4_MC10-2g10068	-3.00786803482639	7.98558633150519e-06
761	MvSl-1064-A1-R4_MC10-2g10074	-1.24821610564082	0.000858107700820775
762	MvSl-1064-A1-R4_MC10-2g10100	-2.82946020767044	4.53509801857492e-16
763	MvSl-1064-A1-R4_MC10-2g10101	-9.81841903394185	1.54970928941041e-84
764	MvSl-1064-A1-R4_MC10-2g10115	-4.47972988964462	4.17519894742616e-29
765	MvSl-1064-A1-R4_MC10-2g10118	-2.02406506860693	6.28502445383686e-06
766	MvSl-1064-A1-R4_MC10-2g10119	-1.69533276832515	0.000256535824150432
767	MvSl-1064-A1-R4_MC10-2g10134	-3.71013167039296	2.28219845908421e-07
768	MvSl-1064-A1-R4_MC10-2g10136	-1.95665992727509	5.88052773107125e-07
769	MvSl-1064-A1-R4_MC11g10160	-1.00155210029305	0.00100752126115778
770	MvSl-1064-A1-R4_MC11g10174	-2.70199977002015	6.0486491970381e-11
771	MvSl-1064-A1-R4_MC11g10180	-1.41067599797496	0.0311656796809335
772	MvSl-1064-A1-R4_MC11g10210	-0.703951034110526	0.0288191518898447
773	MvSl-1064-A1-R4_MC11g10224	-2.26500851842701	6.54003254712851e-05
774	MvSl-1064-A1-R4_MC11g10228	-0.675345033836739	0.0221601307162345
775	MvSl-1064-A1-R4_MC11g10238	-1.49689756620215	0.00135673173814833
776	MvSl-1064-A1-R4_MC11g10248	-2.0302829835531	4.39663372066605e-09
777	MvSl-1064-A1-R4_MC11g10299	-1.04866974852185	0.00345176640603071
778	MvSl-1064-A1-R4_MC11g10300	-0.752460204542064	0.0231697530172821
779	MvSl-1064-A1-R4_MC11g10305	-1.80529305324467	1.41134257732321e-09
780	MvSl-1064-A1-R4_MC11g10306	-4.30707061849622	7.52831076709473e-49
781	MvSl-1064-A1-R4_MC11g10353	-1.87543095508036	2.2408635539916e-08
782	MvSl-1064-A1-R4_MC11g10354	-1.34465770886339	1.54685306830138e-05
783	MvSl-1064-A1-R4_MC11g10369	-0.900552495684155	0.0160058118590114
784	MvSl-1064-A1-R4_MC11g10370	-5.94373432687971	4.26055698792293e-79
785	MvSl-1064-A1-R4_MC11g10378	-1.16488301994731	0.00159405538158083
786	MvSl-1064-A1-R4_MC11g10379	-0.86140765835409	0.00602270085550062
787	MvSl-1064-A1-R4_MC11g10394	-2.03269697993372	0.00023626399040686
788	MvSl-1064-A1-R4_MC11g10399	-4.77472612636557	1.21679109960671e-15
789	MvSl-1064-A1-R4_MC11g10421	-0.698746717009409	0.0133858280286464
790	MvSl-1064-A1-R4_MC11g10444	-3.99637878997857	3.08063500309373e-06
791	MvSl-1064-A1-R4_MC11g10477	-2.0283849057692	6.79031086281532e-05
792	MvSl-1064-A1-R4_MC11g10489	-1.04563975283063	0.00421988127499461
793	MvSl-1064-A1-R4_MC11g10490	-1.05864295118037	0.00285110865807883
794	MvSl-1064-A1-R4_MC11g10537	-0.788875888353493	0.0210152686141911
795	MvSl-1064-A1-R4_MC11g10542	-0.937091047971984	0.00573215124820905
796	MvSl-1064-A1-R4_MC11g10550	-1.28645805273687	1.12285636368244e-05
797	MvSl-1064-A1-R4_MC11g10572	-0.74661236241611	0.011912928240998
798	MvSl-1064-A1-R4_MC11g10576	-6.86334045614169	1.25591917921047e-35
799	MvSl-1064-A1-R4_MC11g10605	-0.68154546221513	0.0234895655932867
800	MvSl-1064-A1-R4_MC11g10610	-1.26123613693826	0.0233236525107884
801	MvSl-1064-A1-R4_MC11g10617	-3.36776393392565	3.15001105284694e-08
802	MvSl-1064-A1-R4_MC11g10620	-0.978529206631399	0.0176498283852692
803	MvSl-1064-A1-R4_MC11g10624	-1.61453151518433	5.76173325074505e-08
804	MvSl-1064-A1-R4_MC11g10640	-1.3590204035761	0.0233236525107884
805	MvSl-1064-A1-R4_MC11g10647	-2.57819082092212	0.000116140963110104
806	MvSl-1064-A1-R4_MC11g10654	-1.34236152244328	0.0177173065449522
807	MvSl-1064-A1-R4_MC11g10714	-0.581930282052864	0.0445057908859525
808	MvSl-1064-A1-R4_MC11g10722	-0.804416237791832	0.0269385357376166
809	MvSl-1064-A1-R4_MC12g10760	-1.41908615919485	1.51771517735214e-07
810	MvSl-1064-A1-R4_MC12g10761	-1.0484542821878	0.0094049038391798
811	MvSl-1064-A1-R4_MC12g10763	-1.59512811681107	6.86354076139877e-08
812	MvSl-1064-A1-R4_MC12g10764	-4.29103999668328	2.82356852141703e-08
813	MvSl-1064-A1-R4_MC12g10795	-1.45019802994068	5.50347564438932e-09
814	MvSl-1064-A1-R4_MC12g10823	-0.71085321653518	0.0248004276518509
815	MvSl-1064-A1-R4_MC12g10824	-9.48265889446865	1.17737351036975e-111
816	MvSl-1064-A1-R4_MC12g10826	-1.1436655106213	0.00355182587929485
817	MvSl-1064-A1-R4_MC12g10827	-3.53536745839599	2.19773136470158e-05
818	MvSl-1064-A1-R4_MC12g10833	-1.00172449344917	0.0160931024818787
819	MvSl-1064-A1-R4_MC12g10837	-0.979124186262301	0.012533464735077
820	MvSl-1064-A1-R4_MC12g10838	-0.695786406725163	0.0247026986592968
821	MvSl-1064-A1-R4_MC12g10840	-2.70498246158051	1.23042368316328e-13
822	MvSl-1064-A1-R4_MC12g10849	-1.17696869171249	0.00237335598169529
823	MvSl-1064-A1-R4_MC12g10850	-9.19818379947247	5.01880427892157e-117
824	MvSl-1064-A1-R4_MC12g10851	-1.91468300466606	2.35694088444683e-14
825	MvSl-1064-A1-R4_MC12g10859	-0.893218714873613	0.0195147962691269
826	MvSl-1064-A1-R4_MC12g10860	-2.71107722259399	1.6534319364961e-18
827	MvSl-1064-A1-R4_MC12g10872	-1.36110842106991	0.0106815754878782
828	MvSl-1064-A1-R4_MC12g10896	-0.963817434292908	0.000523681799373892
829	MvSl-1064-A1-R4_MC12g10905	-0.913668982500586	0.00725891083785306
830	MvSl-1064-A1-R4_MC12g10912	-0.869294553844301	0.0455799025713588
831	MvSl-1064-A1-R4_MC12g10921	-0.900741486222343	0.0398966541686525
832	MvSl-1064-A1-R4_MC12g10922	-1.14811342474432	0.0249225616283861
833	MvSl-1064-A1-R4_MC12g10923	-3.71020579002345	4.5218916709498e-28
834	MvSl-1064-A1-R4_MC12g10946	-1.25697999271435	0.00124512677164338
835	MvSl-1064-A1-R4_MC12g10958	-2.06740983613045	1.00604934909957e-06
836	MvSl-1064-A1-R4_MC12g10974	-1.57395345821591	0.00954685987152188
837	MvSl-1064-A1-R4_MC12g10985	-1.42094016512108	0.00495884755415895
838	MvSl-1064-A1-R4_MC12g10986	-2.55560955483125	4.69294677994243e-11
839	MvSl-1064-A1-R4_MC12g11020	-0.954660836603843	0.000973890422308006
840	MvSl-1064-A1-R4_MC12g11025	-0.979729917498394	0.00222023369907778
841	MvSl-1064-A1-R4_MC12g11029	-0.797038107661418	0.0370297209775778
842	MvSl-1064-A1-R4_MC12g11038	-1.49929935694414	6.87418779057175e-06
843	MvSl-1064-A1-R4_MC12g11041	-10.0532921437058	3.82355333299787e-21
844	MvSl-1064-A1-R4_MC12g11043	-0.647923411234959	0.0338062292034472
845	MvSl-1064-A1-R4_MC12g11094	-0.759934998915392	0.0163643286950974
846	MvSl-1064-A1-R4_MC12g11095	-2.48060208632645	0.00012920736101574
847	MvSl-1064-A1-R4_MC12g11124	-0.839855097213085	0.0121581341113425
848	MvSl-1064-A1-R4_MC12g11139	-3.92548091368995	3.58220947157933e-11
849	MvSl-1064-A1-R4_MC12g11142	-1.02226441785279	0.00976695642341116
850	MvSl-1064-A1-R4_MC12g11162	-1.32047991175269	1.26057870256357e-06
851	MvSl-1064-A1-R4_MC12g11183	-3.07512081115048	5.89254214930913e-12
852	MvSl-1064-A1-R4_MC12g11202	-0.724568697285938	0.0384167552775478
853	MvSl-1064-A1-R4_MC12g11222	-1.05847992430099	0.0414686074230782
854	MvSl-1064-A1-R4_MC12g11232	-1.02881335592281	0.000267317069287378
855	MvSl-1064-A1-R4_MC12g11274	-1.44847908080482	2.94053152012033e-05
856	MvSl-1064-A1-R4_MC13g11315	-1.86333254064463	6.10768758108056e-07
857	MvSl-1064-A1-R4_MC13g11323	-1.41011567992329	0.0338875583598409
858	MvSl-1064-A1-R4_MC13g11325	-1.17725332103565	0.000311364236102922
859	MvSl-1064-A1-R4_MC13g11338	-2.03656769543114	1.261172861907e-11
860	MvSl-1064-A1-R4_MC13g11341	-1.41011597985109	0.0338062292034472
861	MvSl-1064-A1-R4_MC13g11346	-2.03656772513773	1.25905268022704e-11
862	MvSl-1064-A1-R4_MC13g11379	-0.86306194448544	0.0158470895454901
863	MvSl-1064-A1-R4_MC13g11396	-2.19703990101024	3.7024784913465e-05
864	MvSl-1064-A1-R4_MC13g11400	-1.20102547301972	0.00272309605324464
865	MvSl-1064-A1-R4_MC13g11421	-8.14774357823029	1.32554938798784e-114
866	MvSl-1064-A1-R4_MC13g11422	-1.6872787467363	1.5834588330972e-09
867	MvSl-1064-A1-R4_MC13g11443	-2.12523268678507	4.17664552345266e-10
868	MvSl-1064-A1-R4_MC13g11449	-1.35189961194161	0.000301053567474066
869	MvSl-1064-A1-R4_MC13g11465	-4.19243352832626	5.15693620835193e-15
870	MvSl-1064-A1-R4_MC13g11466	-1.96707970577167	0.00237172004185339
871	MvSl-1064-A1-R4_MC13g11475	-3.51831886766417	0.00044202862228439
872	MvSl-1064-A1-R4_MC13g11538	-0.892028503160392	0.0306485236670496
873	MvSl-1064-A1-R4_MC13g11583	-0.598434911476823	0.0483180125084587
874	MvSl-1064-A1-R4_MC13g11584	-2.08768720221506	3.73689209769661e-08
875	MvSl-1064-A1-R4_MC13g11610	-1.16374991269579	0.0444327841639613
876	MvSl-1064-A1-R4_MC13g11613	-3.13980721020737	1.46017732086643e-11
877	MvSl-1064-A1-R4_MC13g11622	-2.07789981955328	0.00216173182812658
878	MvSl-1064-A1-R4_MC13g11629	-1.67491340480843	0.00029287044627928
879	MvSl-1064-A1-R4_MC13g11640	-0.988460164149738	0.00144951870936258
880	MvSl-1064-A1-R4_MC13g11654	-0.762097314587771	0.0118309155283875
881	MvSl-1064-A1-R4_MC13g11671	-1.56960379238359	1.45386023294116e-08
882	MvSl-1064-A1-R4_MC13g11692	-0.97807437760796	0.00721212084380117
883	MvSl-1064-A1-R4_MC13g11710	-1.07296839462244	0.0204569040461397
884	MvSl-1064-A1-R4_MC14g11735	-0.73806476233287	0.0135970757332213
885	MvSl-1064-A1-R4_MC14g11739	-3.35486021611828	1.8488224263254e-06
886	MvSl-1064-A1-R4_MC14g11740	-5.14025678771537	1.32998657352959e-32
887	MvSl-1064-A1-R4_MC14g11760	-1.82753940559333	3.82199515404645e-12
888	MvSl-1064-A1-R4_MC14g11773	-1.1101935769844	2.31214304931434e-05
889	MvSl-1064-A1-R4_MC14g11785	-0.824661344326895	0.0470537416507428
890	MvSl-1064-A1-R4_MC14g11811	-0.883196495729875	0.00257595682723196
891	MvSl-1064-A1-R4_MC14g11851	-0.823031034980023	0.0323389234065143
892	MvSl-1064-A1-R4_MC14g11866	-0.627010176192489	0.0468309527368898
893	MvSl-1064-A1-R4_MC14g11869	-1.74334177432239	2.12466966685964e-08
894	MvSl-1064-A1-R4_MC14g11871	-1.69058764351742	1.86720313516683e-05
895	MvSl-1064-A1-R4_MC14g11874	-0.837635986724086	0.00773105533647951
896	MvSl-1064-A1-R4_MC14g11895	-0.645856961859971	0.025129905190277
897	MvSl-1064-A1-R4_MC14g11899	-1.34656751812954	0.0387964088956663
898	MvSl-1064-A1-R4_MC14g11912	-1.03872222388588	0.0247403469172013
899	MvSl-1064-A1-R4_MC14g11916	-3.29180527393503	1.16655616911981e-34
900	MvSl-1064-A1-R4_MC14g11932	-1.23201478251827	0.00230092498982306
901	MvSl-1064-A1-R4_MC14g11937	-1.10524432104762	2.49058396516076e-05
902	MvSl-1064-A1-R4_MC14g11965	-1.85506837090035	5.72504792080096e-06
903	MvSl-1064-A1-R4_MC14g11969	-1.05426860917306	0.000203584016387545
904	MvSl-1064-A1-R4_MC14g11974	-1.59650911549905	0.000141748068779197
905	MvSl-1064-A1-R4_MC14g11983	-4.27203777180637	7.91617828700886e-13
906	MvSl-1064-A1-R4_MC14g11984	-1.55132632613928	0.0165574288701781
907	MvSl-1064-A1-R4_MC15g12024	-1.14518329290392	0.00259832229464612
908	MvSl-1064-A1-R4_MC15g12034	-1.01563050134317	8.26511643015301e-05
909	MvSl-1064-A1-R4_MC15g12125	-1.87815771733969	1.77815040539198e-06
910	MvSl-1064-A1-R4_MC15g12138	-1.31189297229136	0.00136644005363839
911	MvSl-1064-A1-R4_MC15g12139	-1.20575216837321	0.00799166921829398
912	MvSl-1064-A1-R4_MC15g12147	-1.20448789109157	0.0040872908436962
913	MvSl-1064-A1-R4_MC16g12171	-0.629091922152203	0.0428501768163492
914	MvSl-1064-A1-R4_MC16g12196	-1.76548497989439	2.62080778231754e-09
915	MvSl-1064-A1-R4_MC17g12234	-0.749046586472839	0.0370731849173127
916	MvSl-1064-A1-R4_MC17g12239	-1.58127383809524	3.44845191279078e-05
917	MvSl-1064-A1-R4_MC17g12240	-1.02689210463245	0.000618314990935828
918	MvSl-1064-A1-R4_MC18g12262	-2.05749540148066	3.8387389391817e-07
919	MvSl-1064-A1-R4_MC18g12266	-0.964078951519342	0.0088570313110398
