gene	logFC	FDR
1	MvSl-1064-A1-R4_A1g00009	0.99841191552017	0.0396642655707164
2	MvSl-1064-A1-R4_A1g00040	1.61114915966049	0.0112153755515028
3	MvSl-1064-A1-R4_A1g00079	0.757484222256741	0.0360561578759687
4	MvSl-1064-A1-R4_A1g00080	0.974337164526638	0.0114511179017751
5	MvSl-1064-A1-R4_A1g00081	1.2210615817229	0.00152350193007621
6	MvSl-1064-A1-R4_A1g00087	1.00978088582513	0.011837599826906
7	MvSl-1064-A1-R4_A1g00088	1.72234813597106	0.000476505288107578
8	MvSl-1064-A1-R4_A1g00093	1.24619562022903	0.0386637944892613
9	MvSl-1064-A1-R4_A1g00101	2.13185315609292	0.000721062483122232
10	MvSl-1064-A1-R4_A1g00114	1.20868952163834	0.000684292625054688
11	MvSl-1064-A1-R4_A1g00120	0.973078798148347	0.0186703476786421
12	MvSl-1064-A1-R4_A1g00126	1.23318430178967	1.16805107959455e-06
13	MvSl-1064-A1-R4_A1g00127	5.38266578894478	2.2747252038736e-13
14	MvSl-1064-A1-R4_A1g00128	4.50437512844595	4.91554630441254e-45
15	MvSl-1064-A1-R4_A1g00130	2.22822402941194	1.52087027173047e-07
16	MvSl-1064-A1-R4_A1g00136	1.219402220092	0.00041916294525439
17	MvSl-1064-A1-R4_A1g00151	1.08521945013916	0.000307977395605215
18	MvSl-1064-A1-R4_A1g00158	1.02494840917562	0.0210155306682413
19	MvSl-1064-A1-R4_A1g00159	1.38689960057543	0.00136614049517296
20	MvSl-1064-A1-R4_A1g00160	1.50161443870084	0.00121433784978347
21	MvSl-1064-A1-R4_A1g00166	1.80797365521412	1.70978682790678e-11
22	MvSl-1064-A1-R4_A1g00173	5.47463030108013	2.28047381394127e-22
23	MvSl-1064-A1-R4_A1g00174	5.58740625687131	2.77059998766331e-12
24	MvSl-1064-A1-R4_A1g00187	0.962576218627485	0.0269268514274026
25	MvSl-1064-A1-R4_A1g00189	1.44863290652007	0.000314461315945595
26	MvSl-1064-A1-R4_A1g00190	1.22227748525291	0.00238948799597008
27	MvSl-1064-A1-R4_A1g00191	0.938293091991878	0.00158653464981712
28	MvSl-1064-A1-R4_A1g00201	1.93940298118656	5.71545723317877e-09
29	MvSl-1064-A1-R4_A1g00219	1.1991611294845	0.00414351023911856
30	MvSl-1064-A1-R4_A1g00234	2.60281027771676	5.11500150228517e-06
31	MvSl-1064-A1-R4_A1g00235	2.10965019360027	2.34646519805366e-15
32	MvSl-1064-A1-R4_A1g00236	1.85050365622624	9.89243509337322e-10
33	MvSl-1064-A1-R4_A1g00239	1.65968205690965	2.7922108691062e-05
34	MvSl-1064-A1-R4_A1g00269	0.866895684741529	0.00446476185564951
35	MvSl-1064-A1-R4_A1g00270	0.678948950656515	0.0283176817410356
36	MvSl-1064-A1-R4_A1g00271	1.36542632861043	0.0340231384501712
37	MvSl-1064-A1-R4_A1g00279	1.48677384494262	0.000995227822788928
38	MvSl-1064-A1-R4_A1g00292	0.718599831664405	0.012439173486619
39	MvSl-1064-A1-R4_A1g00294	1.03475595184675	0.0104677639225029
40	MvSl-1064-A1-R4_A1g00306	4.545463780568	6.60045257786001e-22
41	MvSl-1064-A1-R4_A1g00308	1.30053204755311	0.000577310880562273
42	MvSl-1064-A1-R4_A1g00310	0.887392769709623	0.00302646022538085
43	MvSl-1064-A1-R4_A1g00312	3.12842898627054	1.77301478274322e-25
44	MvSl-1064-A1-R4_A1g00313	2.75334127184679	5.61185672749174e-15
45	MvSl-1064-A1-R4_A1g00319	1.79180682134058	9.41521275641005e-05
46	MvSl-1064-A1-R4_A1g00320	2.41521371107715	6.59980347822111e-06
47	MvSl-1064-A1-R4_A1g00321	0.874591830279169	0.022187344356593
48	MvSl-1064-A1-R4_A1g00330	1.72628648070673	3.96418410302551e-06
49	MvSl-1064-A1-R4_A1g00331	1.16060082563705	0.0172424758817825
50	MvSl-1064-A1-R4_A1g00334	1.12422177537064	0.0171563595646251
51	MvSl-1064-A1-R4_A1g00339	2.82862038457988	1.50341837701604e-11
52	MvSl-1064-A1-R4_A1g00340	4.4260019964423	2.69605850456344e-31
53	MvSl-1064-A1-R4_A1g00341	4.73737545716917	7.24405906820029e-28
54	MvSl-1064-A1-R4_A1g00342	1.97032811243575	1.0525876368452e-11
55	MvSl-1064-A1-R4_A1g00343	1.60182351385344	3.62550348067329e-05
56	MvSl-1064-A1-R4_A1g00348	1.53719617788851	9.51195394925802e-07
57	MvSl-1064-A1-R4_A1g00353	1.96403884969431	7.10116213454233e-10
58	MvSl-1064-A1-R4_A1g00355	2.05949889077516	7.89770643120062e-08
59	MvSl-1064-A1-R4_A1g00356	1.86367503018271	0.000668087100568536
60	MvSl-1064-A1-R4_A1g00357	2.26416685655834	1.54753653480877e-07
61	MvSl-1064-A1-R4_A1g00361	1.19465790515308	0.00142513100541672
62	MvSl-1064-A1-R4_A1g00363	1.80871106377247	6.13619614645937e-07
63	MvSl-1064-A1-R4_A1g00364	1.85333583374956	8.8081383562932e-07
64	MvSl-1064-A1-R4_A1g00366	0.893795455309879	0.00322362200583518
65	MvSl-1064-A1-R4_A1g00375	1.40114254695013	0.000107110070051644
66	MvSl-1064-A1-R4_A1g00380	0.909700593647881	0.000594397851950911
67	MvSl-1064-A1-R4_A1g00387	2.30372272143401	0.000215021021576111
68	MvSl-1064-A1-R4_A1g00388	1.37664906413267	0.00926860751143378
69	MvSl-1064-A1-R4_A1g00405	0.823246683154058	0.0424330173523192
70	MvSl-1064-A1-R4_A1g00409	2.31512466511129	4.77946915174183e-07
71	MvSl-1064-A1-R4_A1g00410	1.81202212907303	1.36604474614321e-05
72	MvSl-1064-A1-R4_A1g00411	2.06142600668313	7.36206746798058e-10
73	MvSl-1064-A1-R4_A1g00412	2.05878994141814	0.00321312339039964
74	MvSl-1064-A1-R4_A1g00413	2.05027911790763	4.68993994373201e-07
75	MvSl-1064-A1-R4_A1g00414	1.15729460619669	0.00818882468248782
76	MvSl-1064-A1-R4_A1g00423	1.31591457052411	0.0235545070767339
77	MvSl-1064-A1-R4_A1g00443	1.45200588563126	0.000101620402897353
78	MvSl-1064-A1-R4_A1g00447	0.970948271306192	0.00101585224288062
79	MvSl-1064-A1-R4_A1g00448	1.43226371051976	0.000175366565323235
80	MvSl-1064-A1-R4_A1g00459	1.09723181632375	0.0323592236883372
81	MvSl-1064-A1-R4_A1g00461	1.4933627093321	0.00260458776659101
82	MvSl-1064-A1-R4_A1g00462	1.16065090989126	0.000836370969618118
83	MvSl-1064-A1-R4_A1g00463	1.5941914814529	1.46703375812566e-06
84	MvSl-1064-A1-R4_A1g00464	1.62679668858594	0.0159785578736357
85	MvSl-1064-A1-R4_A1g00469	1.62679668048519	0.0159785578736357
86	MvSl-1064-A1-R4_A1g00470	1.5941914802679	1.46703375812566e-06
87	MvSl-1064-A1-R4_A1g00471	1.80035353648446	7.76831529341536e-05
88	MvSl-1064-A1-R4_A1g00489	1.06211216844801	8.30216723491986e-05
89	MvSl-1064-A1-R4_A1g00491	0.67098383550631	0.0163575816488656
90	MvSl-1064-A1-R4_A1g00495	0.863310005913028	0.00171480718051257
91	MvSl-1064-A1-R4_A1g00496	0.935149049587298	0.00791382022100904
92	MvSl-1064-A1-R4_A1g00515	1.09181226602081	0.000385126216169905
93	MvSl-1064-A1-R4_A1g00516	1.30389782151389	3.73091529267543e-05
94	MvSl-1064-A1-R4_A1g00522	2.52764872559313	2.02900216011914e-06
95	MvSl-1064-A1-R4_A1g00537	1.41704789941599	0.00248826061424869
96	MvSl-1064-A1-R4_A1g00539	1.31659707388397	0.018877093985037
97	MvSl-1064-A1-R4_A1g00545	2.5393561126767	7.53418678168529e-06
98	MvSl-1064-A1-R4_A1g00549	1.5160224249109	2.87994114961066e-08
99	MvSl-1064-A1-R4_A1g00550	1.39419940821035	0.000553930062449124
100	MvSl-1064-A1-R4_A1g00552	1.27644144446017	0.0231505977476599
101	MvSl-1064-A1-R4_A1g00553	2.20455774710853	3.21789354375324e-07
102	MvSl-1064-A1-R4_A1g00559	0.88470465742094	0.0092474052402708
103	MvSl-1064-A1-R4_A1g00569	0.936235006957404	0.00108102984070013
104	MvSl-1064-A1-R4_A1g00577	2.02287411967839	5.30726079597654e-06
105	MvSl-1064-A1-R4_A1g00578	2.59363181718355	0.000162421409529438
106	MvSl-1064-A1-R4_A1g00579	2.47286363545438	8.06400670264906e-10
107	MvSl-1064-A1-R4_A1g00580	1.85455172427737	1.14454136467226e-06
108	MvSl-1064-A1-R4_A1g00582	1.92138370183672	6.16053878603089e-08
109	MvSl-1064-A1-R4_A1g00583	2.09380443590882	2.31373935343551e-06
110	MvSl-1064-A1-R4_A1g00590	0.934590766083906	0.0424330173523192
111	MvSl-1064-A1-R4_A1g00599	2.61375329541195	5.78309284677168e-05
112	MvSl-1064-A1-R4_A1g00601	1.88800909432422	0.0100085088402977
113	MvSl-1064-A1-R4_A1g00605	1.5568800531491	1.52087027173047e-07
114	MvSl-1064-A1-R4_A1g00606	1.0002043977485	0.0107079900416016
115	MvSl-1064-A1-R4_A1g00620	1.12566956027427	0.00920484115618174
116	MvSl-1064-A1-R4_A1g00621	2.8940430739556	1.08741305663958e-08
117	MvSl-1064-A1-R4_A1g00622	1.02339299317091	0.000841807074841993
118	MvSl-1064-A1-R4_A1g00623	1.07544396394097	0.0236342029436613
119	MvSl-1064-A1-R4_A1g00626	1.20408153320548	0.000125978148259695
120	MvSl-1064-A1-R4_A1g00629	1.11407735446953	0.0162694319028028
121	MvSl-1064-A1-R4_A1g00630	1.12386676125559	0.00074027418075874
122	MvSl-1064-A1-R4_A1g00631	0.944340889210325	0.00564725605834803
123	MvSl-1064-A1-R4_A1g00632	0.91742598612765	0.0350998758218983
124	MvSl-1064-A1-R4_A1g00633	0.967146419092566	0.00138427549392223
125	MvSl-1064-A1-R4_A1g00635	1.44755324981511	0.000223864183861341
126	MvSl-1064-A1-R4_A1g00636	2.10705291682064	9.49733532131078e-08
127	MvSl-1064-A1-R4_A1g00637	1.75952818936784	3.96253116067349e-08
128	MvSl-1064-A1-R4_A1g00639	1.55056144546046	0.000133134511199976
129	MvSl-1064-A1-R4_A1g00640	0.768394517199115	0.0338754100108448
130	MvSl-1064-A1-R4_A1g00646	0.850582853021895	0.0151433275686678
131	MvSl-1064-A1-R4_A1g00650	2.93794116419066	1.14931849523558e-11
132	MvSl-1064-A1-R4_A1g00652	1.61082273424297	2.30619324863824e-05
133	MvSl-1064-A1-R4_A1g00658	2.38527680659704	0.00147233767986712
134	MvSl-1064-A1-R4_A1g00660	1.33780857012482	2.58822957290812e-06
135	MvSl-1064-A1-R4_A1g00663	1.32592046960211	7.38684131994161e-06
136	MvSl-1064-A1-R4_A1g00671	1.70792390376661	1.2875800313976e-05
137	MvSl-1064-A1-R4_A1g00672	1.0689944906948	0.0014394577188881
138	MvSl-1064-A1-R4_A1g00673	1.19480106872679	0.0476678020178131
139	MvSl-1064-A1-R4_A1g00674	2.08597884160045	1.89340565693448e-06
140	MvSl-1064-A1-R4_A1g00675	1.76370168534867	0.00183271525729938
141	MvSl-1064-A1-R4_A1g00676	2.08593174547133	6.16469640102161e-10
142	MvSl-1064-A1-R4_A1g00689	0.968438883746743	0.00361170008192694
143	MvSl-1064-A1-R4_A1g00690	1.09138541844415	0.000393874680108007
144	MvSl-1064-A1-R4_A1g00691	1.26914428133914	3.33123698620429e-06
145	MvSl-1064-A1-R4_A1g00696	1.36616961010807	0.000144009968356174
146	MvSl-1064-A1-R4_A1g00698	0.914626017572546	0.00307535431964613
147	MvSl-1064-A1-R4_A1g00705	1.12873646048834	0.00135460849191424
148	MvSl-1064-A1-R4_A1g00706	1.12401149705802	0.00446476185564951
149	MvSl-1064-A1-R4_A1g00707	0.916192561997496	0.0466769480912259
150	MvSl-1064-A1-R4_A1g00710	1.03168562164768	0.03007363066643
151	MvSl-1064-A1-R4_A1g00711	1.09195049680651	0.00127227966272273
152	MvSl-1064-A1-R4_A1g00715	0.979565378707608	0.0462139536941388
153	MvSl-1064-A1-R4_A1g00719	0.904225930937187	0.00222379539726469
154	MvSl-1064-A1-R4_A1g00729	0.911389443481435	0.00051147516406758
155	MvSl-1064-A1-R4_A1g00731	1.25166232486833	0.00395950299490888
156	MvSl-1064-A1-R4_A1g00733	1.45607827226752	7.0403191970438e-08
157	MvSl-1064-A1-R4_A1g00734	1.37471567128638	7.69556281228174e-07
158	MvSl-1064-A1-R4_A1g00746	0.826080640850009	0.00938498001436978
159	MvSl-1064-A1-R4_A1g00747	1.00898170234968	0.00641432151568527
160	MvSl-1064-A1-R4_A1g00752	1.65580588727318	1.13113123413426e-06
161	MvSl-1064-A1-R4_A1g00753	0.853889030295878	0.00512223911298807
162	MvSl-1064-A1-R4_A1g00754	0.896783402863931	0.00187578425162848
163	MvSl-1064-A1-R4_A1g00757	1.68480320618795	0.0110968559083643
164	MvSl-1064-A1-R4_A1g00763	1.55554106621188	0.000772987757601897
165	MvSl-1064-A1-R4_A1g00764	1.50608319821107	0.00135143295522292
166	MvSl-1064-A1-R4_A1g00784	1.6757871094802	0.00321312339039964
167	MvSl-1064-A1-R4_A1g00785	1.39562690166928	0.000764567383357961
168	MvSl-1064-A1-R4_A1g00786	1.07322349265544	0.0147971686268979
169	MvSl-1064-A1-R4_A1g00799	1.5608927317102	6.23078014176065e-05
170	MvSl-1064-A1-R4_A1g00805	0.983362283435182	0.00147617657656246
171	MvSl-1064-A1-R4_A1g00806	1.42585043553449	8.01702660725789e-07
172	MvSl-1064-A1-R4_A1g00807	1.04653381608455	0.000879356877335987
173	MvSl-1064-A1-R4_A1g00808	0.902278842757204	0.0349522924131658
174	MvSl-1064-A1-R4_A1g00810	0.962479706656584	0.0254852758664249
175	MvSl-1064-A1-R4_A1g00822	2.41482540994471	3.07035891840628e-05
176	MvSl-1064-A1-R4_A1g00824	1.64296662848111	8.92140228648496e-08
177	MvSl-1064-A1-R4_A1g00833	1.15486875398994	0.037313651969469
178	MvSl-1064-A1-R4_A1g00839	1.16051174701419	0.000254565102374681
179	MvSl-1064-A1-R4_A1g00847	1.36472643795005	0.0165371432047126
180	MvSl-1064-A1-R4_A1g00848	1.22272094280472	1.36720177900532e-05
181	MvSl-1064-A1-R4_A1g00850	0.952285631025607	0.00409766279823496
182	MvSl-1064-A1-R4_A1g00852	3.97911440278988	6.68190450110697e-05
183	MvSl-1064-A1-R4_A1g00857	1.11430887752873	0.018877093985037
184	MvSl-1064-A1-R4_A1g00865	2.12165979378127	0.00017334503620915
185	MvSl-1064-A1-R4_A1g00867	1.41769405398418	0.016775730947129
186	MvSl-1064-A1-R4_A1g00869	1.01333530092842	0.0343841081614522
187	MvSl-1064-A1-R4_A1g00873	1.08272207426154	0.00531912615688324
188	MvSl-1064-A1-R4_A1g00876	1.67762495182642	9.83723129699385e-07
189	MvSl-1064-A1-R4_A1g00877	1.2012735801046	0.00584656816679995
190	MvSl-1064-A1-R4_A1g00879	1.56238800033709	4.08979878265799e-05
191	MvSl-1064-A1-R4_A1g00880	1.74220231093021	0.00027784786978682
192	MvSl-1064-A1-R4_A1g00883	0.815231051407948	0.0170495445408347
193	MvSl-1064-A1-R4_A1g00884	1.48040492383089	0.00023487254398895
194	MvSl-1064-A1-R4_A1g00885	2.46764750001256	2.03454204627081e-07
195	MvSl-1064-A1-R4_A1g00888	0.870450851804954	0.0372036389389792
196	MvSl-1064-A1-R4_A1g00891	1.08892900232129	0.0155439949914172
197	MvSl-1064-A1-R4_A1g00908	0.975394296280057	0.0279709898968619
198	MvSl-1064-A1-R4_A1g00910	1.29253796167567	8.20971657201296e-06
199	MvSl-1064-A1-R4_A1g00914	2.20863173228298	1.16331724414817e-09
200	MvSl-1064-A1-R4_A1g00916	2.42916354073986	8.10606992928837e-06
201	MvSl-1064-A1-R4_A1g00924	1.06038589630812	0.000915671244273276
202	MvSl-1064-A1-R4_A1g00925	1.19619532455851	0.0162859221426416
203	MvSl-1064-A1-R4_A1g00928	1.54323186800402	0.00214252522948302
204	MvSl-1064-A1-R4_A1g00930	1.48702345922651	0.0088169574055282
205	MvSl-1064-A1-R4_A1g00934	1.63609523710722	0.000741761396783579
206	MvSl-1064-A1-R4_A1g00948	1.5081955850825	3.5133184716723e-06
207	MvSl-1064-A1-R4_A1g00960	1.54217970522461	3.48771889253176e-09
208	MvSl-1064-A1-R4_A1g00961	0.798627395182303	0.0377859373220996
209	MvSl-1064-A1-R4_A1g00964	1.123034849836	7.46589642362147e-05
210	MvSl-1064-A1-R4_A1g00965	0.99734664491852	0.00963667356791081
211	MvSl-1064-A1-R4_A1g00967	0.990862696459187	0.00748357428417133
212	MvSl-1064-A1-R4_A1g00976	1.77767238889934	0.000334453946552974
213	MvSl-1064-A1-R4_A1g00977	1.43898107185255	0.000403004238334623
214	MvSl-1064-A1-R4_A1g00985	1.29354589116678	2.30619324863824e-05
215	MvSl-1064-A1-R4_A1g01000	0.941913058460936	0.0266218976387147
216	MvSl-1064-A1-R4_A1g01009	1.27669293861883	1.03375965773536e-05
217	MvSl-1064-A1-R4_A1g01011	0.985111602202307	0.000360047654972119
218	MvSl-1064-A1-R4_A1g01013	1.14829117819909	0.0334131918814851
219	MvSl-1064-A1-R4_A1g01016	0.682753236963998	0.0241151469509645
220	MvSl-1064-A1-R4_A1g01019	0.929801919169265	0.00265664632423665
221	MvSl-1064-A1-R4_A1g01024	1.88668391422588	0.00189492340457632
222	MvSl-1064-A1-R4_A1g01031	1.57474350473503	0.0281150733076907
223	MvSl-1064-A1-R4_A1g01034	1.36361000214191	0.00213832120895096
224	MvSl-1064-A1-R4_A1g01036	1.64048655771376	2.45448783484138e-05
225	MvSl-1064-A1-R4_A1g01054	1.57474375199552	0.0280607001151579
226	MvSl-1064-A1-R4_A1g01105	0.796598920056691	0.0228053286931372
227	MvSl-1064-A1-R4_A1g01108	2.05445394173247	0.00342198089750175
228	MvSl-1064-A1-R4_A1g01111	1.96233195262311	0.00219813554407806
229	MvSl-1064-A1-R4_A1g01126	1.73916370521779	2.92116965209209e-06
230	MvSl-1064-A1-R4_A1g01129	0.611976881893484	0.0355852320721254
231	MvSl-1064-A1-R4_A1g01133	0.999092377600787	0.001608279892233
232	MvSl-1064-A1-R4_A1g01136	0.920880980447289	0.0290820015823674
233	MvSl-1064-A1-R4_A1g01140	2.39782800548284	1.24091932059648e-06
234	MvSl-1064-A1-R4_A1g01143	1.71699884043923	1.89047956898999e-06
235	MvSl-1064-A1-R4_A1g01147	1.18557049356913	2.31448455320207e-06
236	MvSl-1064-A1-R4_A1g01152	1.43228127432446	7.27457388521658e-06
237	MvSl-1064-A1-R4_A1g01164	0.651953205699717	0.0346273967772878
238	MvSl-1064-A1-R4_A1g01174	0.59845957347311	0.0478536966909147
239	MvSl-1064-A1-R4_A1g01176	0.750583573525769	0.0200709053573595
240	MvSl-1064-A1-R4_A1g01179	1.13488083088	0.00947289729133653
241	MvSl-1064-A1-R4_A1g01180	0.888803804896642	0.0151433275686678
242	MvSl-1064-A1-R4_A1g01197	1.11604904206272	0.0476678020178131
243	MvSl-1064-A1-R4_A1g01204	1.26962755341117	0.000127547232107018
244	MvSl-1064-A1-R4_A1g01205	2.25380192999834	0.000116972249650502
245	MvSl-1064-A1-R4_A1g01210	1.10692058247721	0.0109216347232921
246	MvSl-1064-A1-R4_A1g01213	0.896950364742032	0.00167459594303034
247	MvSl-1064-A1-R4_A1g01218	2.06755226547396	1.98541858540972e-07
248	MvSl-1064-A1-R4_A1g01219	1.26774551507893	0.00639703389163776
249	MvSl-1064-A1-R4_A1g01223	1.38693594654702	5.99485256621823e-05
250	MvSl-1064-A1-R4_A1g01225	0.687288194181346	0.0408634520471863
251	MvSl-1064-A1-R4_A1g01229	0.89661019816561	0.00560641739908325
252	MvSl-1064-A1-R4_A1g01230	1.15250210407038	8.41667502455874e-05
253	MvSl-1064-A1-R4_A1g01231	1.7184576831522	4.73184897684989e-07
254	MvSl-1064-A1-R4_A1g01234	0.993240982420897	0.000120224450692928
255	MvSl-1064-A1-R4_A1g01236	0.951299741412256	0.0144184277075695
256	MvSl-1064-A1-R4_A1g01237	1.14216535125188	0.000848782729828902
257	MvSl-1064-A1-R4_A1g01239	0.964437028239613	0.00848362062947106
258	MvSl-1064-A1-R4_A1g01240	0.709832781849625	0.0277493000686169
259	MvSl-1064-A1-R4_A1g01241	2.00089103486351	0.00984550468087853
260	MvSl-1064-A1-R4_A1g01242	1.89485407688014	0.0114261464174685
261	MvSl-1064-A1-R4_A1g01243	1.83694186265759	0.00365238627071892
262	MvSl-1064-A1-R4_A1g01244	0.854856767925935	0.010816496957816
263	MvSl-1064-A1-R4_A1g01254	0.964751813923537	0.0123215736643209
264	MvSl-1064-A1-R4_A1g01255	2.20292810049716	0.000300984165881659
265	MvSl-1064-A1-R4_A1g01256	1.54731481178686	2.99771835711719e-07
266	MvSl-1064-A1-R4_A1g01257	1.4398257141207	0.030917173770671
267	MvSl-1064-A1-R4_A1g01258	1.23566055293578	0.00023487254398895
268	MvSl-1064-A1-R4_A1g01259	1.72345478821796	0.00415775479290636
269	MvSl-1064-A1-R4_A1g01260	2.3365125680081	4.26525887913747e-08
270	MvSl-1064-A1-R4_A1g01261	2.08351030503796	2.09913032964594e-06
271	MvSl-1064-A1-R4_A1g01263	1.36993859659425	0.0114523286570763
272	MvSl-1064-A1-R4_A1g01265	1.01082712536588	0.00932931208098617
273	MvSl-1064-A1-R4_A1g01266	1.51787342838099	5.99485256621823e-05
274	MvSl-1064-A1-R4_A1g01267	1.05994720612489	6.27226532158826e-05
275	MvSl-1064-A1-R4_A1g01268	1.05919808264022	0.000365444596762935
276	MvSl-1064-A1-R4_A1g01269	1.00379482996567	0.000820021734108418
277	MvSl-1064-A1-R4_A1g01270	1.00190530723241	0.00902084745171353
278	MvSl-1064-A1-R4_A1g01273	1.142082557214	0.0404739477793302
279	MvSl-1064-A1-R4_A1g01283	1.00158095084274	0.000316393312516884
280	MvSl-1064-A1-R4_A1g01299	0.751295535056336	0.00711817333680338
281	MvSl-1064-A1-R4_A1g01300	1.92293786057691	0.00116772346170913
282	MvSl-1064-A1-R4_A1g01305	1.58551759170716	2.52723327813744e-07
283	MvSl-1064-A1-R4_A1g01312	1.13691052960463	0.010321835426148
284	MvSl-1064-A1-R4_A1g01316	0.886082161346858	0.00858566715055381
285	MvSl-1064-A1-R4_A1g01319	1.81367788179619	4.91545929169537e-06
286	MvSl-1064-A1-R4_A1g01335	0.808811395021583	0.00553253186230079
287	MvSl-1064-A1-R4_A1g01336	1.28248855417082	0.000205865723307162
288	MvSl-1064-A1-R4_A1g01338	2.05454700693655	8.09002652890912e-08
289	MvSl-1064-A1-R4_A1g01340	1.09033627097235	0.000249426407696046
290	MvSl-1064-A1-R4_A1g01342	1.48585921288578	5.34195533150686e-05
291	MvSl-1064-A1-R4_A1g01343	1.92177401560644	5.84607839262307e-06
292	MvSl-1064-A1-R4_A1g01352	1.13003323356717	0.00327146738334967
293	MvSl-1064-A1-R4_A1g01353	1.35324844140557	4.83799055901915e-05
294	MvSl-1064-A1-R4_A1g01357	0.961384557773988	0.00531912615688324
295	MvSl-1064-A1-R4_A1g01365	0.785646775726676	0.0491200142141439
296	MvSl-1064-A1-R4_A1g01373	1.3229484688448	0.0392266777244368
297	MvSl-1064-A1-R4_A1g01374	0.625788349902846	0.0462524341373283
298	MvSl-1064-A1-R4_A1g01383	0.679354165000045	0.0377824219859329
299	MvSl-1064-A1-R4_A1g01387	0.718450731137513	0.0399391704383192
300	MvSl-1064-A1-R4_A1g01389	0.649227007571412	0.0420767590038633
301	MvSl-1064-A1-R4_A1g01399	1.0379834001252	0.000182097964913783
302	MvSl-1064-A1-R4_A1g01401	4.32099405656714	6.01994749895484e-09
303	MvSl-1064-A1-R4_A1g01404	2.06605004398855	2.62084275784598e-09
304	MvSl-1064-A1-R4_A1g01406	1.07861299453153	0.0412443586732248
305	MvSl-1064-A1-R4_A1g01408	1.16870611886551	0.0151308641521796
306	MvSl-1064-A1-R4_A1g01417	1.93864174281821	0.00108328060703798
307	MvSl-1064-A1-R4_A1g01487	1.24826457963619	0.0155741360818438
308	MvSl-1064-A1-R4_A1g01514	1.19171900671214	0.00724264362631247
309	MvSl-1064-A1-R4_C35g01611	1.7114706265705	0.000384156727474032
310	MvSl-1064-A1-R4_MC01-1g01707	1.36832514616479	0.0237613558040034
311	MvSl-1064-A1-R4_MC01-1g01735	2.13983836899205	0.000393699652564143
312	MvSl-1064-A1-R4_MC01-1g01740	1.75629468474287	0.000334453946552974
313	MvSl-1064-A1-R4_MC01-1g01768	0.969901597255948	0.0165798441262631
314	MvSl-1064-A1-R4_MC01-1g01789	0.732194646475032	0.0363175886236913
315	MvSl-1064-A1-R4_MC01-1g01790	0.732038188772956	0.0155741360818438
316	MvSl-1064-A1-R4_MC01-1g01797	1.17534491649124	0.00635720577346865
317	MvSl-1064-A1-R4_MC01-1g01820	1.38776234768444	0.000388889351750703
318	MvSl-1064-A1-R4_MC01-1g01821	2.85920387225411	1.12733456040339e-09
319	MvSl-1064-A1-R4_MC01-1g01846	0.676203938720174	0.0314929846828265
320	MvSl-1064-A1-R4_MC01-1g01868	0.799158241747534	0.0284665092080479
321	MvSl-1064-A1-R4_MC01-1g01880	1.03399231917154	0.00435177257087537
322	MvSl-1064-A1-R4_MC01-1g01882	0.884870725943126	0.00353428583235509
323	MvSl-1064-A1-R4_MC01-1g01887	2.75034259330128	4.60898448549313e-10
324	MvSl-1064-A1-R4_MC01-1g01888	1.13664603407667	0.0111269750545729
325	MvSl-1064-A1-R4_MC01-1g01906	0.93038467798967	0.00187869631782377
326	MvSl-1064-A1-R4_MC01-1g01922	1.41197969150636	5.99485256621823e-05
327	MvSl-1064-A1-R4_MC01-1g01962	1.5112109557586	0.000430093154806984
328	MvSl-1064-A1-R4_MC01-1g01988	1.11751768353271	0.001608279892233
329	MvSl-1064-A1-R4_MC01-1g01993	0.959823538104723	0.0187876776656603
330	MvSl-1064-A1-R4_MC01-1g02019	2.06019099508052	5.07150551346718e-06
331	MvSl-1064-A1-R4_MC01-1g02036	0.777535804469584	0.0401998948288163
332	MvSl-1064-A1-R4_MC01-1g02106	1.0108718200738	0.0288930701830703
333	MvSl-1064-A1-R4_MC01-1g02134	1.40070633593731	0.00356977411645496
334	MvSl-1064-A1-R4_MC01-1g02135	0.800088883957292	0.0106489916340413
335	MvSl-1064-A1-R4_MC01-1g02139	0.657034300066151	0.0398359206373643
336	MvSl-1064-A1-R4_MC01-1g02145	1.14467554755456	0.00289114613158933
337	MvSl-1064-A1-R4_MC01-1g02147	0.729870194760996	0.025765109921116
338	MvSl-1064-A1-R4_MC01-1g02176	1.06540500541686	0.00673424171793852
339	MvSl-1064-A1-R4_MC01-1g02211	0.642451031911498	0.0405947882642029
340	MvSl-1064-A1-R4_MC01-1g02267	1.53807553819819	0.000420688297643415
341	MvSl-1064-A1-R4_MC01-1g02271	0.727900192094255	0.0193123759529189
342	MvSl-1064-A1-R4_MC01-1g02274	0.71314118562976	0.0212020333908959
343	MvSl-1064-A1-R4_MC01-1g02313	0.76451724111006	0.0248167756850917
344	MvSl-1064-A1-R4_MC01-1g02317	1.80763231710241	0.00016611948770489
345	MvSl-1064-A1-R4_MC01-1g02322	1.37262884405747	4.32087696329635e-06
346	MvSl-1064-A1-R4_MC01-1g02335	2.99558359636982	1.05388927292409e-21
347	MvSl-1064-A1-R4_MC01-1g02351	1.07795332512962	0.00122552564176613
348	MvSl-1064-A1-R4_MC01-1g02365	0.64648643035645	0.0300920284440921
349	MvSl-1064-A1-R4_MC01-1g02400	3.93750347602	9.52484774666322e-15
350	MvSl-1064-A1-R4_MC01-1g02401	2.4650885302837	1.22030599245499e-07
351	MvSl-1064-A1-R4_MC01-1g02438	1.23024122216788	0.00549625481378997
352	MvSl-1064-A1-R4_MC01-1g02439	0.696748476775226	0.0160636140317287
353	MvSl-1064-A1-R4_MC01-1g02457	1.12432645278778	0.0211225380231888
354	MvSl-1064-A1-R4_MC01-1g02486	1.06358236377471	0.0420637990401245
355	MvSl-1064-A1-R4_MC01-1g02489	1.17925634764243	0.0014195952154113
356	MvSl-1064-A1-R4_MC01-1g02494	1.07898597452295	0.0281283431495927
357	MvSl-1064-A1-R4_MC01-1g02500	0.937744596023417	0.00260214196753858
358	MvSl-1064-A1-R4_MC01-1g02503	0.672491509752807	0.0431054991599218
359	MvSl-1064-A1-R4_MC01-1g02504	2.63627386755045	4.46088009899376e-16
360	MvSl-1064-A1-R4_MC01-1g02507	1.2003106665164	0.0340231384501712
361	MvSl-1064-A1-R4_MC01-1g02509	0.895249278431895	0.0238583333267463
362	MvSl-1064-A1-R4_MC01-1g02510	0.975370054571618	0.000790705413978004
363	MvSl-1064-A1-R4_MC01-1g02592	0.805492988166389	0.0136378300129582
364	MvSl-1064-A1-R4_MC01-1g02593	1.23382940155428	0.00146667598510908
365	MvSl-1064-A1-R4_MC01-1g02608	0.909859568891773	0.0130527299068403
366	MvSl-1064-A1-R4_MC01-1g02612	1.09847050288985	0.00375228551810555
367	MvSl-1064-A1-R4_MC01-1g02617	0.87475610883287	0.0274059133159685
368	MvSl-1064-A1-R4_MC01-1g02638	1.04927984396477	0.00521235854172898
369	MvSl-1064-A1-R4_MC01-1g02646	1.56893750528179	9.1676704317023e-05
370	MvSl-1064-A1-R4_MC01-1g02647	2.78190489113026	1.14939246062635e-16
371	MvSl-1064-A1-R4_MC01-1g02648	3.20342403343131	5.47581241844894e-19
372	MvSl-1064-A1-R4_MC01-1g02651	0.704291821864887	0.0462439153521826
373	MvSl-1064-A1-R4_MC01-1g02670	1.26250120523872	0.0158677357308245
374	MvSl-1064-A1-R4_MC01-1g02753	1.36613890142234	0.00986744817238747
375	MvSl-1064-A1-R4_MC01-1g02754	1.5582944524931	1.43253701802337e-05
376	MvSl-1064-A1-R4_MC01-1g02763	1.71551683317143	2.44444338136834e-08
377	MvSl-1064-A1-R4_MC01-1g02809	0.879344940070453	0.0276338421952317
378	MvSl-1064-A1-R4_MC01-1g02823	0.646297997609333	0.0484330228275868
379	MvSl-1064-A1-R4_MC01-1g02824	1.77672927129426	3.97905273050327e-05
380	MvSl-1064-A1-R4_MC01-1g02837	2.11416576975494	0.00020224271882658
381	MvSl-1064-A1-R4_MC01-1g02838	0.907777924975929	0.0269877209992193
382	MvSl-1064-A1-R4_MC01-1g02849	1.10587415478889	0.0152566222630445
383	MvSl-1064-A1-R4_MC01-1g02861	1.53658265260679	0.000681591101873367
384	MvSl-1064-A1-R4_MC01-2g02961	1.16630079897104	0.00639703389163776
385	MvSl-1064-A1-R4_MC01-2g02962	1.34083418555269	0.0129043088856882
386	MvSl-1064-A1-R4_MC01-2g02971	1.01261746057518	0.00301100366165329
387	MvSl-1064-A1-R4_MC01-2g03038	0.779185609620578	0.0445141553778704
388	MvSl-1064-A1-R4_MC01-2g03039	0.818953195981631	0.00772222894746166
389	MvSl-1064-A1-R4_MC01-2g03057	1.03021346335602	0.00332392641939529
390	MvSl-1064-A1-R4_MC01-2g03063	1.09004669978497	0.0096817845753557
391	MvSl-1064-A1-R4_MC01-2g03064	1.78522625441096	5.64304841469414e-05
392	MvSl-1064-A1-R4_MC01-2g03082	0.987603484503234	0.00384774698527883
393	MvSl-1064-A1-R4_MC01-2g03085	1.48645410147483	0.0281283431495927
394	MvSl-1064-A1-R4_MC01-2g03086	0.987630911594464	0.0289379505990149
395	MvSl-1064-A1-R4_MC01-2g03112	2.0964300540031	1.3443246996278e-07
396	MvSl-1064-A1-R4_MC01-2g03113	2.35283047568628	2.07005397852899e-07
397	MvSl-1064-A1-R4_MC01-2g03117	1.87450367850756	1.45151813142424e-07
398	MvSl-1064-A1-R4_MC01-2g03121	0.820545311162683	0.00299715969199262
399	MvSl-1064-A1-R4_MC01-2g03165	0.965482819692924	0.0410033332684935
400	MvSl-1064-A1-R4_MC02g03178	0.921043449677882	0.0444623481753407
401	MvSl-1064-A1-R4_MC02g03201	0.904490101047671	0.00133313420458347
402	MvSl-1064-A1-R4_MC02g03221	0.773677790223771	0.0369156646440515
403	MvSl-1064-A1-R4_MC02g03224	1.02371524336224	0.0392824821972255
404	MvSl-1064-A1-R4_MC02g03246	1.41461829507617	3.56165174269509e-06
405	MvSl-1064-A1-R4_MC02g03251	0.897945169810845	0.021067005795428
406	MvSl-1064-A1-R4_MC02g03262	1.27753657015728	0.000762292962766075
407	MvSl-1064-A1-R4_MC02g03294	2.0245690480592	1.67353573267668e-07
408	MvSl-1064-A1-R4_MC02g03295	2.08950493489356	6.61830424697657e-09
409	MvSl-1064-A1-R4_MC02g03296	0.828721410359077	0.0148186455884726
410	MvSl-1064-A1-R4_MC02g03382	0.610368883214889	0.0377371759547424
411	MvSl-1064-A1-R4_MC02g03402	1.79710376578415	0.0110968559083643
412	MvSl-1064-A1-R4_MC02g03489	0.919982373491204	0.0269268514274026
413	MvSl-1064-A1-R4_MC02g03498	1.55011085876082	3.24942522737052e-06
414	MvSl-1064-A1-R4_MC02g03505	0.952691812644016	0.0007472000817199
415	MvSl-1064-A1-R4_MC02g03548	0.844814339645222	0.0308093645724197
416	MvSl-1064-A1-R4_MC02g03613	1.65695085087839	0.00032812820698103
417	MvSl-1064-A1-R4_MC02g03640	0.887354299668303	0.0151841856687826
418	MvSl-1064-A1-R4_MC02g03644	2.25716354109283	4.93371147405287e-10
419	MvSl-1064-A1-R4_MC02g03654	1.49311151301463	0.00323384267177471
420	MvSl-1064-A1-R4_MC02g03664	2.02839222489848	0.000819513467109272
421	MvSl-1064-A1-R4_MC02g03698	0.75864334220776	0.0164851460844134
422	MvSl-1064-A1-R4_MC02g03699	0.928417686079871	0.0254506978298268
423	MvSl-1064-A1-R4_MC02g03700	0.809977264500522	0.0470994378441101
424	MvSl-1064-A1-R4_MC02g03770	0.706014689927162	0.0151675309881447
425	MvSl-1064-A1-R4_MC02g03795	0.888848743049741	0.0174983674791516
426	MvSl-1064-A1-R4_MC02g03879	0.963725586202481	0.0349298944985218
427	MvSl-1064-A1-R4_MC02g03900	0.736488299681473	0.00852904133557771
428	MvSl-1064-A1-R4_MC02g03919	0.777633788131776	0.023723035933788
429	MvSl-1064-A1-R4_MC02g03949	1.73286245257595	0.01860084929247
430	MvSl-1064-A1-R4_MC02g03950	2.09169035846309	8.544229547924e-06
431	MvSl-1064-A1-R4_MC02g03992	1.26470086989672	3.86955213285855e-05
432	MvSl-1064-A1-R4_MC02g04041	1.93775642053192	2.23665359859148e-07
433	MvSl-1064-A1-R4_MC02g04171	0.869711147200794	0.0469632215120237
434	MvSl-1064-A1-R4_MC02g04172	1.28913040409917	0.00173259417599675
435	MvSl-1064-A1-R4_MC02g04176	1.33413045356483	0.000644948933447959
436	MvSl-1064-A1-R4_MC02g04209	2.1529870314302	1.46541391262269e-07
437	MvSl-1064-A1-R4_MC02g04241	0.938905806166863	0.0236114835245956
438	MvSl-1064-A1-R4_MC02g04265	0.938905799780676	0.0236114835245956
439	MvSl-1064-A1-R4_MC03g04281	1.48551214867105	1.61142920105863e-05
440	MvSl-1064-A1-R4_MC03g04282	1.29569335521617	3.05167934948163e-05
441	MvSl-1064-A1-R4_MC03g04286	1.04560842799939	0.0172236504886417
442	MvSl-1064-A1-R4_MC03g04317	0.775164061025633	0.0239555418729458
443	MvSl-1064-A1-R4_MC03g04353	1.01945271412128	0.0231258682716268
444	MvSl-1064-A1-R4_MC03g04383	0.87416891921765	0.0131415149763416
445	MvSl-1064-A1-R4_MC03g04405	1.60537177510575	0.0327260575539147
446	MvSl-1064-A1-R4_MC03g04416	1.49523762498189	6.87508873304523e-05
447	MvSl-1064-A1-R4_MC03g04417	1.4334713751628	0.000681591101873367
448	MvSl-1064-A1-R4_MC03g04442	1.17765566293609	0.00140728086282668
449	MvSl-1064-A1-R4_MC03g04480	0.741634294366025	0.0307887462515532
450	MvSl-1064-A1-R4_MC03g04522	0.93862973264172	0.0310192319527845
451	MvSl-1064-A1-R4_MC03g04546	0.898113593923921	0.0401998948288163
452	MvSl-1064-A1-R4_MC03g04582	1.33219743750365	0.037115822142371
453	MvSl-1064-A1-R4_MC03g04607	2.61809900243679	7.07561479932695e-10
454	MvSl-1064-A1-R4_MC03g04614	0.687631008643361	0.0356660249767084
455	MvSl-1064-A1-R4_MC03g04641	2.05099527957953	2.18670150912751e-09
456	MvSl-1064-A1-R4_MC03g04642	2.03537410575732	1.44715902950875e-09
457	MvSl-1064-A1-R4_MC03g04643	0.890142256262071	0.0056582502288062
458	MvSl-1064-A1-R4_MC03g04646	1.19670232859093	0.00148989250266122
459	MvSl-1064-A1-R4_MC03g04661	0.700542838875996	0.0197734609055448
460	MvSl-1064-A1-R4_MC03g04712	1.11015505530771	0.0014195952154113
461	MvSl-1064-A1-R4_MC03g04713	1.22509897626014	0.000100324316163887
462	MvSl-1064-A1-R4_MC03g04724	0.990746669477802	0.00018807613947929
463	MvSl-1064-A1-R4_MC03g04732	1.74438584111089	0.0150616779109306
464	MvSl-1064-A1-R4_MC03g04733	1.71462060049163	0.00437442003407798
465	MvSl-1064-A1-R4_MC03g04807	1.62340313090488	0.000497522453065769
466	MvSl-1064-A1-R4_MC03g04815	1.29645143607079	0.0366636649713922
467	MvSl-1064-A1-R4_MC03g04857	1.17216913658183	0.00104214047516981
468	MvSl-1064-A1-R4_MC03g04929	1.22549902648468	0.0155741360818438
469	MvSl-1064-A1-R4_MC03g04979	1.30202974523846	8.12522194813351e-07
470	MvSl-1064-A1-R4_MC03g04986	1.21606979458483	0.00194772898810403
471	MvSl-1064-A1-R4_MC03g04993	1.20752597381824	0.000407272880677671
472	MvSl-1064-A1-R4_MC03g05017	0.812205796350074	0.0355852320721254
473	MvSl-1064-A1-R4_MC03g05075	2.15786778613014	2.07005397852899e-07
474	MvSl-1064-A1-R4_MC03g05076	1.37722937104149	0.00369636157829928
475	MvSl-1064-A1-R4_MC03g05077	1.55416818203421	0.0316537201847272
476	MvSl-1064-A1-R4_MC03g05082	2.51158330544941	5.76173202253754e-09
477	MvSl-1064-A1-R4_MC03g05090	0.605202716460954	0.0486446995435622
478	MvSl-1064-A1-R4_MC03g05092	1.21295120589488	6.2562370600979e-05
479	MvSl-1064-A1-R4_MC03g05119	0.905613589780039	0.0198607704877091
480	MvSl-1064-A1-R4_MC03g05120	0.843297639751824	0.0237647610039551
481	MvSl-1064-A1-R4_MC03g05128	1.21170272557723	0.019077661665007
482	MvSl-1064-A1-R4_MC03g05131	0.832568192723793	0.0205745720829909
483	MvSl-1064-A1-R4_MC03g05133	1.21170269827854	0.019077661665007
484	MvSl-1064-A1-R4_MC03g05141	0.826218822301865	0.0403655964190284
485	MvSl-1064-A1-R4_MC03g05143	2.13803647418685	2.75530654206095e-10
486	MvSl-1064-A1-R4_MC03g05154	1.77290611367527	3.93967583713756e-09
487	MvSl-1064-A1-R4_MC03g05159	0.636066249784881	0.0381397389081939
488	MvSl-1064-A1-R4_MC03g05175	1.4732338386954	0.0110431038021659
489	MvSl-1064-A1-R4_MC03g05199	1.07352018116163	0.00165344758484502
490	MvSl-1064-A1-R4_MC03g05227	1.2371529030041	0.00157596194656688
491	MvSl-1064-A1-R4_MC03g05235	2.97225587042334	4.17797079196814e-06
492	MvSl-1064-A1-R4_MC04-1g05309	0.958561470995312	0.0379488798432273
493	MvSl-1064-A1-R4_MC04-1g05310	1.20978133708601	0.00235824244305594
494	MvSl-1064-A1-R4_MC04-1g05311	0.933185130746419	0.00153249434648201
495	MvSl-1064-A1-R4_MC04-1g05322	2.40141112501721	1.45633201944192e-06
496	MvSl-1064-A1-R4_MC04-1g05333	0.807007429319188	0.0248167756850917
497	MvSl-1064-A1-R4_MC04-1g05336	2.42736211436282	8.90990575617376e-09
498	MvSl-1064-A1-R4_MC04-1g05352	0.74425285964246	0.0319315494188433
499	MvSl-1064-A1-R4_MC04-1g05357	1.13186516448574	0.00618891974440075
500	MvSl-1064-A1-R4_MC04-1g05384	0.884278123419005	0.0349298944985218
501	MvSl-1064-A1-R4_MC04-1g05455	1.01734904242074	0.00801567191121607
502	MvSl-1064-A1-R4_MC04-1g05486	1.56805432028404	5.93636111314165e-05
503	MvSl-1064-A1-R4_MC04-1g05524	2.54605472635303	2.47635086805521e-08
504	MvSl-1064-A1-R4_MC04-1g05551	2.26895141751789	1.8887114928683e-08
505	MvSl-1064-A1-R4_MC04-1g05604	2.34068771744516	7.28327100344128e-05
506	MvSl-1064-A1-R4_MC04-1g05605	1.93265904525655	1.12416188314749e-13
507	MvSl-1064-A1-R4_MC04-1g05618	1.36974926327152	0.000314314887787203
508	MvSl-1064-A1-R4_MC04-1g05626	1.32516461981923	0.00424487297916027
509	MvSl-1064-A1-R4_MC04-1g05678	1.77081188643908	0.00616776163169276
510	MvSl-1064-A1-R4_MC04-1g05687	1.19437853053392	0.0248167756850917
511	MvSl-1064-A1-R4_MC04-1g05688	1.20159688145254	0.0137476755370159
512	MvSl-1064-A1-R4_MC04-1g05689	0.932710475100901	0.0464447947161233
513	MvSl-1064-A1-R4_MC04-1g05690	0.919606090142833	0.00888854978815369
514	MvSl-1064-A1-R4_MC04-1g05697	1.23623284288088	0.00441369849253532
515	MvSl-1064-A1-R4_MC04-1g05700	0.87914062389694	0.0218208850802343
516	MvSl-1064-A1-R4_MC04-1g05709	1.39365168237773	3.94669473376612e-06
517	MvSl-1064-A1-R4_MC04-1g05782	0.599387808744339	0.0465797554989019
518	MvSl-1064-A1-R4_MC04-1g05873	0.766760719037324	0.00526243795945191
519	MvSl-1064-A1-R4_MC04-1g05886	0.77640248682897	0.033374741947534
520	MvSl-1064-A1-R4_MC04-1g05888	0.892025181623929	0.0172782695666449
521	MvSl-1064-A1-R4_MC04-1g05945	1.58263286200838	3.90644189581844e-06
522	MvSl-1064-A1-R4_MC04-1g05972	1.05069858786813	0.00767076677658013
523	MvSl-1064-A1-R4_MC04-1g05988	0.738491666967723	0.0429936591507089
524	MvSl-1064-A1-R4_MC04-1g05989	0.732451057182688	0.0232214770711725
525	MvSl-1064-A1-R4_MC04-1g06065	1.27017316666616	0.0173682583331015
526	MvSl-1064-A1-R4_MC04-2g06098	1.77498684451555	8.41667502455874e-05
527	MvSl-1064-A1-R4_MC04-2g06106	1.01430106342927	0.0101739685587755
528	MvSl-1064-A1-R4_MC05-1g06160	2.33398227902878	8.19131629989643e-11
529	MvSl-1064-A1-R4_MC05-1g06191	0.913840449817611	0.00977943822379312
530	MvSl-1064-A1-R4_MC05-1g06203	1.01163895253836	0.0043185329860375
531	MvSl-1064-A1-R4_MC05-1g06212	1.68595882076116	5.43029048685039e-08
532	MvSl-1064-A1-R4_MC05-1g06213	1.93252532055177	2.91202610147126e-07
533	MvSl-1064-A1-R4_MC05-1g06220	2.04576886834421	1.32593978489556e-11
534	MvSl-1064-A1-R4_MC05-2g06334	0.945878782074522	0.0287657655709791
535	MvSl-1064-A1-R4_MC05-2g06371	1.03567826734681	0.0247108161812126
536	MvSl-1064-A1-R4_MC05-2g06387	0.819567619653865	0.0222448964934564
537	MvSl-1064-A1-R4_MC05-2g06388	1.78279347280589	0.000127547232107018
538	MvSl-1064-A1-R4_MC05-2g06389	1.47946925543221	2.54759995655976e-05
539	MvSl-1064-A1-R4_MC05-2g06390	1.20184603608962	0.00710171864155036
540	MvSl-1064-A1-R4_MC05-2g06430	0.766213148769426	0.0315647998453362
541	MvSl-1064-A1-R4_MC05-3g06519	2.48035620223636	1.88382067382948e-20
542	MvSl-1064-A1-R4_MC05-3g06520	2.00372171998048	2.12044945281258e-08
543	MvSl-1064-A1-R4_MC05-3g06544	0.99270421321704	0.0247632617368777
544	MvSl-1064-A1-R4_MC05-3g06549	0.895011789901382	0.0227147152304154
545	MvSl-1064-A1-R4_MC05-3g06573	2.02938176511794	3.69193897539164e-14
546	MvSl-1064-A1-R4_MC05-3g06574	2.87564724129336	3.11471064634889e-23
547	MvSl-1064-A1-R4_MC05-3g06575	2.63588073600843	1.34653369924407e-18
548	MvSl-1064-A1-R4_MC05-3g06634	3.16283757147532	1.78421787986498e-13
549	MvSl-1064-A1-R4_MC05-3g06650	1.18334319149773	0.00542769376830411
550	MvSl-1064-A1-R4_MC05-3g06651	1.54890997751621	0.000861791255181891
551	MvSl-1064-A1-R4_MC05-3g06706	1.00930926110359	0.0243933502065556
552	MvSl-1064-A1-R4_MC05-3g06707	1.34044353945784	1.13435513517385e-07
553	MvSl-1064-A1-R4_MC05-3g06757	1.7267189999386	1.94474804895602e-08
554	MvSl-1064-A1-R4_MC05-3g06766	2.07545018166737	5.7901380027926e-05
555	MvSl-1064-A1-R4_MC05-3g06778	1.14301251702229	0.00188474971312053
556	MvSl-1064-A1-R4_MC05-3g06801	1.64704312693969	0.0439758647279317
557	MvSl-1064-A1-R4_MC05-3g06805	2.42414015117578	8.7605765799915e-05
558	MvSl-1064-A1-R4_MC05-3g06826	0.937415664713752	0.0307886856310206
559	MvSl-1064-A1-R4_MC06g06892	7.36886971913283	1.68687845974644e-06
560	MvSl-1064-A1-R4_MC06g06896	0.94477697802147	0.00442749580013003
561	MvSl-1064-A1-R4_MC06g06933	1.50900039823748	8.1835008172001e-05
562	MvSl-1064-A1-R4_MC06g06945	3.62865610611919	9.3965540135383e-20
563	MvSl-1064-A1-R4_MC06g06946	3.00745498322504	2.84636834187863e-29
564	MvSl-1064-A1-R4_MC06g06947	3.61625611005384	1.96377747680205e-29
565	MvSl-1064-A1-R4_MC06g06958	1.55652537328304	3.48859517078339e-07
566	MvSl-1064-A1-R4_MC06g06997	2.04192327636687	0.000902536780508787
567	MvSl-1064-A1-R4_MC06g06998	2.34651360785424	0.000125613527861619
568	MvSl-1064-A1-R4_MC06g07013	1.02763627319332	0.0186221459772195
569	MvSl-1064-A1-R4_MC06g07014	0.951260283019202	0.00431708236675671
570	MvSl-1064-A1-R4_MC06g07136	2.17479713317061	8.4615996876053e-19
571	MvSl-1064-A1-R4_MC06g07137	3.70671785648741	1.96377747680205e-29
572	MvSl-1064-A1-R4_MC06g07139	1.10640087201352	0.000599506985870436
573	MvSl-1064-A1-R4_MC06g07152	0.911720409274548	0.00167485586537318
574	MvSl-1064-A1-R4_MC06g07256	0.664127207077247	0.0218395637426499
575	MvSl-1064-A1-R4_MC06g07267	1.15314932010638	7.79872650374611e-05
576	MvSl-1064-A1-R4_MC06g07283	1.26522298648435	0.00542769376830411
577	MvSl-1064-A1-R4_MC06g07311	1.02330762321898	9.41521275641005e-05
578	MvSl-1064-A1-R4_MC06g07335	0.692744121900041	0.0159983568125265
579	MvSl-1064-A1-R4_MC06g07377	1.62921686077824	1.76413175392871e-08
580	MvSl-1064-A1-R4_MC06g07405	0.728407971935795	0.0381052045456149
581	MvSl-1064-A1-R4_MC06g07412	2.57362564956472	3.97617121182837e-09
582	MvSl-1064-A1-R4_MC06g07441	2.0548023704963	2.34518096338878e-12
583	MvSl-1064-A1-R4_MC06g07442	1.96976249330812	8.39062143920672e-14
584	MvSl-1064-A1-R4_MC06g07443	1.23724935579181	0.0011187461782471
585	MvSl-1064-A1-R4_MC06g07455	0.690422694017428	0.0313033139954784
586	MvSl-1064-A1-R4_MC06g07466	0.875016221664564	0.0476372559365574
587	MvSl-1064-A1-R4_MC06g07489	2.92313149910187	2.01709465839647e-13
588	MvSl-1064-A1-R4_MC06g07522	1.11663319413785	0.0279919404138786
589	MvSl-1064-A1-R4_MC06g07540	1.48674483090785	0.0218031922789256
590	MvSl-1064-A1-R4_MC07g07550	0.726143661911818	0.0455548931643743
591	MvSl-1064-A1-R4_MC07g07561	2.08543439903707	1.38712884225228e-15
592	MvSl-1064-A1-R4_MC07g07586	1.094465783459	0.013816844102197
593	MvSl-1064-A1-R4_MC07g07657	1.07750349627296	0.000391367179530192
594	MvSl-1064-A1-R4_MC07g07676	2.55188930572731	7.16382196505414e-10
595	MvSl-1064-A1-R4_MC07g07677	2.27402423567812	5.57796502861793e-17
596	MvSl-1064-A1-R4_MC07g07678	2.29526281782214	1.54900929741743e-19
597	MvSl-1064-A1-R4_MC07g07689	0.701010151898341	0.0316595603843738
598	MvSl-1064-A1-R4_MC07g07698	0.869949426803905	0.0185303576554344
599	MvSl-1064-A1-R4_MC07g07745	0.918985503583006	0.0377859373220996
600	MvSl-1064-A1-R4_MC07g07806	0.909301967991797	0.013816844102197
601	MvSl-1064-A1-R4_MC07g07807	1.53367080474212	0.000647363892026091
602	MvSl-1064-A1-R4_MC07g07808	0.877291067677088	0.0156545185685838
603	MvSl-1064-A1-R4_MC07g07828	0.896504261089041	0.0112254987865641
604	MvSl-1064-A1-R4_MC07g07839	1.13170373156082	0.00215765939410348
605	MvSl-1064-A1-R4_MC07g07911	0.778844760407084	0.0197972235590808
606	MvSl-1064-A1-R4_MC07g07993	0.832581795751077	0.0145489931105505
607	MvSl-1064-A1-R4_MC07g08057	2.1111631572674	1.04582409176463e-09
608	MvSl-1064-A1-R4_MC07g08063	2.33590071125053	1.91574978549087e-11
609	MvSl-1064-A1-R4_MC07g08094	0.751901719968436	0.0105794542466483
610	MvSl-1064-A1-R4_MC07g08097	2.35151120016229	4.57863911636569e-12
611	MvSl-1064-A1-R4_MC07g08104	0.789262376151627	0.00377095209101823
612	MvSl-1064-A1-R4_MC07g08118	0.876476209709465	0.00970779906982245
613	MvSl-1064-A1-R4_MC07g08138	0.871896502791137	0.0264380431379423
614	MvSl-1064-A1-R4_MC07g08189	2.38840598835745	1.49312292755079e-07
615	MvSl-1064-A1-R4_MC07g08211	1.56943795586244	2.17775820791759e-05
616	MvSl-1064-A1-R4_MC08g08275	1.37440206047907	0.00208188725425814
617	MvSl-1064-A1-R4_MC08g08302	1.6497837779411	5.41886776850535e-06
618	MvSl-1064-A1-R4_MC08g08306	1.32322272254228	0.00216952677911165
619	MvSl-1064-A1-R4_MC08g08318	2.15613930337424	4.61369535282222e-05
620	MvSl-1064-A1-R4_MC08g08332	1.46878315558553	0.000539492379913007
621	MvSl-1064-A1-R4_MC08g08333	0.648154410042138	0.0334718390951795
622	MvSl-1064-A1-R4_MC08g08350	1.95217973148551	2.36148413762117e-10
623	MvSl-1064-A1-R4_MC08g08351	1.15086178013594	3.65301235905862e-05
624	MvSl-1064-A1-R4_MC08g08372	0.828412590509171	0.0119648789648475
625	MvSl-1064-A1-R4_MC08g08383	0.696110727098804	0.0355852320721254
626	MvSl-1064-A1-R4_MC08g08392	0.720499071019778	0.0112254987865641
627	MvSl-1064-A1-R4_MC08g08450	1.19643763427886	0.0192611412582484
628	MvSl-1064-A1-R4_MC08g08478	1.42225685709263	0.000712848028967137
629	MvSl-1064-A1-R4_MC08g08498	1.76167392762861	0.000897163876793602
630	MvSl-1064-A1-R4_MC08g08499	1.46212962734663	0.046154597811451
631	MvSl-1064-A1-R4_MC08g08567	0.832782915504176	0.00494834880373158
632	MvSl-1064-A1-R4_MC08g08590	1.44846146640141	0.00302949925456882
633	MvSl-1064-A1-R4_MC08g08591	0.978157178198648	0.00824292041254806
634	MvSl-1064-A1-R4_MC08g08608	0.696261015806545	0.0311572439638633
635	MvSl-1064-A1-R4_MC08g08629	0.836102738731817	0.0150464867823276
636	MvSl-1064-A1-R4_MC08g08632	1.26238552283982	0.000763506480171611
637	MvSl-1064-A1-R4_MC08g08636	1.2086735834051	0.0158750298642919
638	MvSl-1064-A1-R4_MC08g08646	1.01942938433644	0.00549871194514428
639	MvSl-1064-A1-R4_MC08g08647	2.27379838146581	6.19638686561267e-15
640	MvSl-1064-A1-R4_MC08g08649	1.86445711108712	1.91349920861905e-07
641	MvSl-1064-A1-R4_MC08g08667	3.57089804545313	0.0016286078098533
642	MvSl-1064-A1-R4_MC08g08685	0.88508256895229	0.00638263701168628
643	MvSl-1064-A1-R4_MC08g08692	0.829040317699946	0.0307887462515532
644	MvSl-1064-A1-R4_MC08g08693	0.842052651306516	0.0144158473435082
645	MvSl-1064-A1-R4_MC08g08709	0.949787109995256	0.0205488226164338
646	MvSl-1064-A1-R4_MC08g08736	0.783619108365659	0.0072272745597522
647	MvSl-1064-A1-R4_MC08g08737	0.732203878915149	0.0331278354853029
648	MvSl-1064-A1-R4_MC08g08760	3.14670620031054	1.1127794385139e-26
649	MvSl-1064-A1-R4_MC08g08761	1.5169852780122	1.77553110183497e-09
650	MvSl-1064-A1-R4_MC08g08762	1.34920827486352	5.04402054651642e-05
651	MvSl-1064-A1-R4_MC08g08774	0.996384747630958	0.00957409777507229
652	MvSl-1064-A1-R4_MC08g08781	1.82345529427567	0.009049836285216
653	MvSl-1064-A1-R4_MC08g08783	1.25154343048836	6.69872537581085e-07
654	MvSl-1064-A1-R4_MC08g08866	1.05177650627188	0.0443306249559957
655	MvSl-1064-A1-R4_MC09-2g08941	1.06694079699719	0.00332921523267669
656	MvSl-1064-A1-R4_MC09-2g09031	1.54844181946722	0.00041916294525439
657	MvSl-1064-A1-R4_MC09-2g09040	1.0756789641442	0.00420978731725992
658	MvSl-1064-A1-R4_MC09-2g09054	0.843570706058752	0.0484330228275868
659	MvSl-1064-A1-R4_MC09-2g09115	0.996508555682389	0.000577211412950039
660	MvSl-1064-A1-R4_MC09-2g09142	1.08936350119641	0.000524546488990855
661	MvSl-1064-A1-R4_MC09-2g09201	0.787147876360853	0.0300861839386392
662	MvSl-1064-A1-R4_MC09-2g09303	0.929254814601205	0.00323119605944002
663	MvSl-1064-A1-R4_MC09-2g09342	0.759047905224693	0.0285098924643989
664	MvSl-1064-A1-R4_MC09-2g09343	1.28803871464981	0.00468123093698716
665	MvSl-1064-A1-R4_MC09-2g09357	1.06128612633216	0.0240668653697507
666	MvSl-1064-A1-R4_MC09-2g09380	1.59177266042024	4.26870292388024e-05
667	MvSl-1064-A1-R4_MC09-2g09413	0.702343281091881	0.0418720947622709
668	MvSl-1064-A1-R4_MC09-2g09464	1.53670404499805	1.06079975685849e-05
669	MvSl-1064-A1-R4_MC09-2g09471	0.923594258821356	0.00100497608017269
670	MvSl-1064-A1-R4_MC09-2g09472	0.837469066033168	0.00440795038995702
671	MvSl-1064-A1-R4_MC09-2g09521	1.35039119716113	0.0308093645724197
672	MvSl-1064-A1-R4_MC09-2g09529	0.724058298924958	0.0336148159566115
673	MvSl-1064-A1-R4_MC09-2g09531	1.28635114251414	0.000246879208141571
674	MvSl-1064-A1-R4_MC10-1g09620	1.11548945167857	0.0148712742899365
675	MvSl-1064-A1-R4_MC10-1g09640	1.03425063160552	0.00110397953847514
676	MvSl-1064-A1-R4_MC10-1g09645	1.01281775305566	0.00126317141572982
677	MvSl-1064-A1-R4_MC10-1g09718	1.18722842560615	0.0162173612999093
678	MvSl-1064-A1-R4_MC10-1g09734	1.28931848146249	5.3018286225348e-05
679	MvSl-1064-A1-R4_MC10-1g09746	0.802430947060066	0.010321835426148
680	MvSl-1064-A1-R4_MC10-1g09754	1.44895811859476	0.0219533860455333
681	MvSl-1064-A1-R4_MC10-1g09761	1.18696147100815	0.00373367021458513
682	MvSl-1064-A1-R4_MC10-1g09766	0.854603428295042	0.0467763321548358
683	MvSl-1064-A1-R4_MC10-1g09814	1.65739290346145	0.000162421409529438
684	MvSl-1064-A1-R4_MC10-2g09915	1.22895903431983	0.0200938662403552
685	MvSl-1064-A1-R4_MC10-2g09921	1.51350884070554	0.0297306072716378
686	MvSl-1064-A1-R4_MC10-2g09922	1.24981776206054	0.0486446995435622
687	MvSl-1064-A1-R4_MC10-2g09954	1.40968698988779	0.00257513840039146
688	MvSl-1064-A1-R4_MC10-2g09958	1.39015789848705	0.0131415149763416
689	MvSl-1064-A1-R4_MC10-2g09986	2.19271698502994	6.16053878603089e-08
690	MvSl-1064-A1-R4_MC10-2g10025	0.761758251939029	0.0355852320721254
691	MvSl-1064-A1-R4_MC10-2g10045	2.04808084663614	4.8700008778868e-05
692	MvSl-1064-A1-R4_MC10-2g10062	1.40084298790137	0.0205791966071024
693	MvSl-1064-A1-R4_MC10-2g10090	2.13365493381874	0.000837076928067344
694	MvSl-1064-A1-R4_MC10-2g10098	3.86761062381184	1.57518612044293e-21
695	MvSl-1064-A1-R4_MC10-2g10108	1.14839687896813	0.000819513467109272
696	MvSl-1064-A1-R4_MC10-2g10128	0.774401257541736	0.031875058632545
697	MvSl-1064-A1-R4_MC11g10198	0.821931922799257	0.0466682650695513
698	MvSl-1064-A1-R4_MC11g10208	0.64135629890616	0.0378566467637495
699	MvSl-1064-A1-R4_MC11g10230	1.27651079321094	0.0137072786037993
700	MvSl-1064-A1-R4_MC11g10261	1.50159903363612	0.00029849762969624
701	MvSl-1064-A1-R4_MC11g10264	0.800424590783296	0.0171550724169427
702	MvSl-1064-A1-R4_MC11g10308	0.631914790980509	0.0392266777244368
703	MvSl-1064-A1-R4_MC11g10315	2.32974797337622	0.00364766275002883
704	MvSl-1064-A1-R4_MC11g10342	1.33283260280366	8.05238682832214e-06
705	MvSl-1064-A1-R4_MC11g10343	1.25847926067853	0.000435422344445674
706	MvSl-1064-A1-R4_MC11g10367	0.826850306254533	0.0159907913763232
707	MvSl-1064-A1-R4_MC11g10385	0.99583181544032	0.0083490464049539
708	MvSl-1064-A1-R4_MC11g10386	1.43897936004932	0.0134278557821105
709	MvSl-1064-A1-R4_MC11g10398	0.819354353399334	0.0336205546105816
710	MvSl-1064-A1-R4_MC11g10404	0.805531605789284	0.0355645870142142
711	MvSl-1064-A1-R4_MC11g10412	0.782087419139071	0.0158446720220094
712	MvSl-1064-A1-R4_MC11g10427	3.32730034134951	8.65821150213806e-09
713	MvSl-1064-A1-R4_MC11g10435	1.14886962956757	0.0249079152643018
714	MvSl-1064-A1-R4_MC11g10438	0.67010044982112	0.026634597874754
715	MvSl-1064-A1-R4_MC11g10452	1.51082454352591	5.93636111314165e-05
716	MvSl-1064-A1-R4_MC11g10453	1.28343242700115	0.000620166628452795
717	MvSl-1064-A1-R4_MC11g10482	1.02959536762558	0.00233035956341328
718	MvSl-1064-A1-R4_MC11g10536	1.24361024378251	2.47801660552779e-06
719	MvSl-1064-A1-R4_MC11g10543	1.04040582182337	0.00577956830781989
720	MvSl-1064-A1-R4_MC11g10584	0.813957632981393	0.00395950299490888
721	MvSl-1064-A1-R4_MC11g10585	3.18656399783547	2.29283595437318e-19
722	MvSl-1064-A1-R4_MC11g10606	2.44846046139245	4.07442429668483e-12
723	MvSl-1064-A1-R4_MC11g10608	1.71203724381671	3.46818167518706e-08
724	MvSl-1064-A1-R4_MC11g10613	0.896867946235783	0.00529460900269431
725	MvSl-1064-A1-R4_MC11g10634	0.984996178751655	0.00736172055828413
726	MvSl-1064-A1-R4_MC11g10635	0.753249519443281	0.0119011826655585
727	MvSl-1064-A1-R4_MC11g10648	1.53475910772114	0.000654528241289922
728	MvSl-1064-A1-R4_MC11g10658	1.11616958448294	0.0243698107660803
729	MvSl-1064-A1-R4_MC11g10659	1.55708010296442	0.000771622280409459
730	MvSl-1064-A1-R4_MC11g10660	1.36063405557024	0.00143566799539665
731	MvSl-1064-A1-R4_MC11g10661	1.03028291943874	0.0133228174925025
732	MvSl-1064-A1-R4_MC11g10680	1.45816439943865	0.000266346834927359
733	MvSl-1064-A1-R4_MC11g10681	1.32980813307496	0.00790157689619233
734	MvSl-1064-A1-R4_MC11g10696	1.09282318201044	0.000275137446069552
735	MvSl-1064-A1-R4_MC11g10719	0.71105064935771	0.0180988156364514
736	MvSl-1064-A1-R4_MC11g10727	1.78866916016636	0.0206651746853847
737	MvSl-1064-A1-R4_MC11g10733	0.831210010922225	0.0476678020178131
738	MvSl-1064-A1-R4_MC12g10749	1.13999318250789	0.00749080755052788
739	MvSl-1064-A1-R4_MC12g10751	2.79237791523343	1.55797921949807e-10
740	MvSl-1064-A1-R4_MC12g10757	3.27423805842088	7.02262536544044e-17
741	MvSl-1064-A1-R4_MC12g10758	1.80307567668362	1.19259376910483e-07
742	MvSl-1064-A1-R4_MC12g10778	2.99812632119655	1.25058562670319e-18
743	MvSl-1064-A1-R4_MC12g10779	1.80213837486229	6.91847435100946e-05
744	MvSl-1064-A1-R4_MC12g10808	1.26750048124293	0.000227857982715785
745	MvSl-1064-A1-R4_MC12g10810	2.29387734388742	6.87887636962561e-09
746	MvSl-1064-A1-R4_MC12g10841	0.745537080691938	0.0333741867246615
747	MvSl-1064-A1-R4_MC12g10848	0.65931090328798	0.0283638915032405
748	MvSl-1064-A1-R4_MC12g10904	0.706934698964342	0.0474894715943512
749	MvSl-1064-A1-R4_MC12g10910	1.31465442537189	0.000697247695014784
750	MvSl-1064-A1-R4_MC12g10920	1.56212682439543	0.000720359759424963
751	MvSl-1064-A1-R4_MC12g10979	1.30135606738071	0.0172424758817825
752	MvSl-1064-A1-R4_MC12g10988	1.12970644995796	0.00216564131012372
753	MvSl-1064-A1-R4_MC12g11002	0.704372776246836	0.0300861839386392
754	MvSl-1064-A1-R4_MC12g11008	0.711613808335388	0.00986744817238747
755	MvSl-1064-A1-R4_MC12g11010	0.728475985550569	0.024753145480167
756	MvSl-1064-A1-R4_MC12g11028	1.1317173050238	0.0355852320721254
757	MvSl-1064-A1-R4_MC12g11030	1.365340396348	0.000676905126484997
758	MvSl-1064-A1-R4_MC12g11036	1.5579309274865	0.0101339909245459
759	MvSl-1064-A1-R4_MC12g11048	0.933439403912977	0.021403083929247
760	MvSl-1064-A1-R4_MC12g11088	1.16171404736611	0.000648185048512601
761	MvSl-1064-A1-R4_MC12g11135	1.48119627886734	0.00249387318355712
762	MvSl-1064-A1-R4_MC12g11148	1.25489539808575	0.00764213073596728
763	MvSl-1064-A1-R4_MC12g11164	1.37112179347231	0.0233752548713858
764	MvSl-1064-A1-R4_MC12g11170	1.08049176165147	0.0352238197067459
765	MvSl-1064-A1-R4_MC12g11186	1.75868112801152	0.000582713829894791
766	MvSl-1064-A1-R4_MC12g11198	1.19234814763662	8.54005715159012e-05
767	MvSl-1064-A1-R4_MC12g11205	1.09632544203352	0.00935105618108726
768	MvSl-1064-A1-R4_MC12g11206	1.70626061181977	3.51381437219471e-08
769	MvSl-1064-A1-R4_MC13g11329	2.38309105859769	4.2146787947261e-07
770	MvSl-1064-A1-R4_MC13g11330	2.84187059314874	4.29220595128905e-17
771	MvSl-1064-A1-R4_MC13g11331	2.95781769079644	2.79600792592396e-21
772	MvSl-1064-A1-R4_MC13g11386	0.799886625787392	0.0069261934178314
773	MvSl-1064-A1-R4_MC13g11388	0.784319445497628	0.0210713548800346
774	MvSl-1064-A1-R4_MC13g11394	2.50568465911211	3.42215231797723e-08
775	MvSl-1064-A1-R4_MC13g11418	1.11047035864948	0.0439775054302988
776	MvSl-1064-A1-R4_MC13g11429	4.169026265828	8.43232215579589e-18
777	MvSl-1064-A1-R4_MC13g11433	1.44921263316442	7.44975265655311e-06
778	MvSl-1064-A1-R4_MC13g11440	1.02461828470629	0.000359699279132252
779	MvSl-1064-A1-R4_MC13g11474	0.80764024441594	0.0148186455884726
780	MvSl-1064-A1-R4_MC13g11519	1.39228820222497	0.00248826061424869
781	MvSl-1064-A1-R4_MC13g11520	1.26808880151557	0.00430337337085993
782	MvSl-1064-A1-R4_MC13g11521	1.12439791146022	8.82922070809654e-05
783	MvSl-1064-A1-R4_MC13g11530	1.53405181335826	0.0102621010970594
784	MvSl-1064-A1-R4_MC13g11541	2.33443417289421	0.0166265479611913
785	MvSl-1064-A1-R4_MC13g11588	0.84393848792437	0.0429028526082203
786	MvSl-1064-A1-R4_MC13g11597	1.08488601462949	0.0144003460471292
787	MvSl-1064-A1-R4_MC13g11598	1.70115649091819	0.0137072786037993
788	MvSl-1064-A1-R4_MC13g11599	1.53044207499154	0.00319607599870373
789	MvSl-1064-A1-R4_MC13g11607	1.16785475706751	0.000473710632803395
790	MvSl-1064-A1-R4_MC13g11608	0.923379844354511	0.0300920284440921
791	MvSl-1064-A1-R4_MC13g11616	1.10723377382969	0.00279614173146912
792	MvSl-1064-A1-R4_MC13g11645	1.4358289657641	0.00193981269974804
793	MvSl-1064-A1-R4_MC13g11653	1.00218746259074	0.00377095209101823
794	MvSl-1064-A1-R4_MC13g11664	0.785004712872393	0.0268801540348773
795	MvSl-1064-A1-R4_MC13g11680	2.09058957536274	0.00461491301731346
796	MvSl-1064-A1-R4_MC13g11703	1.6392382419367	1.67595013995119e-05
797	MvSl-1064-A1-R4_MC14g11750	1.21763604776099	4.47884662700717e-05
798	MvSl-1064-A1-R4_MC14g11820	1.11535952985137	0.0244656191400711
799	MvSl-1064-A1-R4_MC14g11832	1.43984622651954	0.0312075374712053
800	MvSl-1064-A1-R4_MC14g11907	0.877703974652355	0.0212020333908959
801	MvSl-1064-A1-R4_MC14g11939	0.96848094444764	0.0157518489224897
802	MvSl-1064-A1-R4_MC14g11972	1.03434566407599	0.0115781526727886
803	MvSl-1064-A1-R4_MC15g12015	1.13846852406617	0.00289165342801875
804	MvSl-1064-A1-R4_MC15g12019	1.51531090797952	0.000107182846788953
805	MvSl-1064-A1-R4_MC15g12072	5.0616383104397	2.72137960495182e-08
806	MvSl-1064-A1-R4_MC15g12082	2.2067235987503	0.000143929817426161
807	MvSl-1064-A1-R4_MC15g12083	2.92444372199916	7.3663502505733e-06
808	MvSl-1064-A1-R4_MC15g12102	1.26638285608481	0.00791017821365326
809	MvSl-1064-A1-R4_MC16g12181	1.08935015281061	0.0102412835333811
810	MvSl-1064-A1-R4_MC16g12183	0.865589177444573	0.00427257808150107
