gene	logFC	FDR
1	MvSl-1064-A2-R4_A2g00013	-0.84838683289054	2.59647587749207e-05
2	MvSl-1064-A2-R4_A2g00015	-1.35391293841603	0.0354289180910646
3	MvSl-1064-A2-R4_A2g00023	-1.77138117296084	0.000160817418258467
4	MvSl-1064-A2-R4_A2g00024	-10.9645399947038	4.83725010887105e-35
5	MvSl-1064-A2-R4_A2g00052	-5.47472147719349	2.04326092629135e-39
6	MvSl-1064-A2-R4_A2g00053	-0.51219060135398	0.0258211979057263
7	MvSl-1064-A2-R4_A2g00063	-0.599891460081535	0.0215724941012572
8	MvSl-1064-A2-R4_A2g00067	-4.44137163415434	7.61802813382727e-37
9	MvSl-1064-A2-R4_A2g00068	-3.61241495551588	4.24055635957442e-20
10	MvSl-1064-A2-R4_A2g00071	-1.01040345847044	0.00096445457238773
11	MvSl-1064-A2-R4_A2g00079	-0.907186661160925	0.00193162375046693
12	MvSl-1064-A2-R4_A2g00081	-1.42855772203668	0.000345912820201084
13	MvSl-1064-A2-R4_A2g00117	-1.8179050133945	0.00357056649978713
14	MvSl-1064-A2-R4_A2g00124	-1.39933157447892	1.75752484390597e-07
15	MvSl-1064-A2-R4_A2g00166	-1.03815641174024	0.0344048365708295
16	MvSl-1064-A2-R4_A2g00196	-0.692903320809302	0.00603750647317313
17	MvSl-1064-A2-R4_A2g00205	-6.55162400527598	4.88007632651277e-86
18	MvSl-1064-A2-R4_A2g00208	-7.14090398788496	4.20877394190605e-104
19	MvSl-1064-A2-R4_A2g00209	-4.26238229444371	3.02527004448504e-48
20	MvSl-1064-A2-R4_A2g00214	-1.10555100056899	0.00580946212336452
21	MvSl-1064-A2-R4_A2g00231	-2.4459231748284	2.50369290871351e-12
22	MvSl-1064-A2-R4_A2g00233	-5.62309424995414	4.19296204803098e-18
23	MvSl-1064-A2-R4_A2g00238	-4.75854909705697	1.80335781469123e-17
24	MvSl-1064-A2-R4_A2g00285	-10.1169953475899	1.70402937019946e-24
25	MvSl-1064-A2-R4_A2g00292	-1.21824721619538	0.0266370719029576
26	MvSl-1064-A2-R4_A2g00300	-1.9074816266742	2.68309142814495e-14
27	MvSl-1064-A2-R4_A2g00310	-2.63175832718322	0.00015623919323371
28	MvSl-1064-A2-R4_A2g00318	-2.8083896305079	1.49582770971346e-06
29	MvSl-1064-A2-R4_A2g00322	-2.33096755042777	0.000285634882248837
30	MvSl-1064-A2-R4_A2g00362	-2.43306370219562	2.16327539604923e-05
31	MvSl-1064-A2-R4_A2g00366	-0.699508963824706	0.028616088184519
32	MvSl-1064-A2-R4_A2g00370	-1.91881424592079	4.64768897436663e-10
33	MvSl-1064-A2-R4_A2g00380	-3.87793800494596	2.38398822103508e-51
34	MvSl-1064-A2-R4_A2g00400	-2.44452931125105	1.94241105706048e-06
35	MvSl-1064-A2-R4_A2g00402	-2.54898656846895	3.12424340170318e-07
36	MvSl-1064-A2-R4_A2g00425	-1.50242325842762	0.000142868377038383
37	MvSl-1064-A2-R4_A2g00426	-5.0343531270222	1.48281067982873e-13
38	MvSl-1064-A2-R4_A2g00431	-0.683312588899146	0.00216717669306642
39	MvSl-1064-A2-R4_A2g00506	-2.87821680231168	2.49603940682243e-16
40	MvSl-1064-A2-R4_A2g00549	-1.1506585560808	0.00917458922627571
41	MvSl-1064-A2-R4_A2g00558	-8.66736701836334	5.5964705929596e-55
42	MvSl-1064-A2-R4_A2g00568	-6.11533557028378	3.24128783822292e-56
43	MvSl-1064-A2-R4_A2g00575	-1.5462054016252	0.00440463156326394
44	MvSl-1064-A2-R4_A2g00576	-1.72254836919015	1.00487919198237e-07
45	MvSl-1064-A2-R4_A2g00578	-1.42693538430114	0.000593007691313932
46	MvSl-1064-A2-R4_A2g00621	-2.01186645277592	1.55349050681167e-05
47	MvSl-1064-A2-R4_A2g00622	-2.93866618355801	2.53936872722539e-23
48	MvSl-1064-A2-R4_A2g00627	-1.79154884867664	6.43571954265849e-06
49	MvSl-1064-A2-R4_A2g00639	-1.96669556514493	7.77008038771177e-09
50	MvSl-1064-A2-R4_A2g00648	-8.42119585691536	2.97008431695996e-96
51	MvSl-1064-A2-R4_A2g00651	-2.90902210723044	1.49877146305786e-24
52	MvSl-1064-A2-R4_A2g00652	-8.39316827132685	6.71344546068039e-39
53	MvSl-1064-A2-R4_A2g00663	-1.08115577648607	0.0098590464319019
54	MvSl-1064-A2-R4_A2g00664	-2.65945817986125	2.7226959943878e-16
55	MvSl-1064-A2-R4_A2g00689	-4.6341958552936	1.20963450068605e-12
56	MvSl-1064-A2-R4_A2g00758	-3.89823430931671	4.99395258985643e-23
57	MvSl-1064-A2-R4_A2g00811	-7.1421496134194	1.50707732552755e-14
58	MvSl-1064-A2-R4_A2g00821	-4.37846970641237	2.22743426753134e-16
59	MvSl-1064-A2-R4_A2g00826	-2.96158300662668	6.57878503607091e-19
60	MvSl-1064-A2-R4_A2g00841	-1.46452933549876	8.1385927600518e-06
61	MvSl-1064-A2-R4_A2g00843	-1.44640208551982	1.61074967122912e-08
62	MvSl-1064-A2-R4_A2g00878	-1.62588317871009	0.00244238500896943
63	MvSl-1064-A2-R4_A2g00904	-6.24511838548154	1.14172941235874e-95
64	MvSl-1064-A2-R4_A2g01002	-0.915778015619419	0.00250040327025121
65	MvSl-1064-A2-R4_A2g01023	-1.28738684656577	0.00284748942210179
66	MvSl-1064-A2-R4_A2g01038	-0.612948218748911	0.0177456783456205
67	MvSl-1064-A2-R4_A2g01086	-5.13974391983486	1.19191601645873e-29
68	MvSl-1064-A2-R4_A2g01089	-3.38147092579047	4.13694133100019e-08
69	MvSl-1064-A2-R4_A2g01108	-0.966178240279157	0.0114181225109434
70	MvSl-1064-A2-R4_A2g01112	-1.20002186527049	2.35265925631755e-09
71	MvSl-1064-A2-R4_A2g01153	-2.56566792097259	6.10213969447819e-24
72	MvSl-1064-A2-R4_A2g01165	-1.8645241280706	0.00298463521192583
73	MvSl-1064-A2-R4_A2g01172	-4.65441343154143	1.54962007779704e-15
74	MvSl-1064-A2-R4_A2g01190	-3.61820049421578	2.72596725572302e-10
75	MvSl-1064-A2-R4_A2g01213	-1.22439413154257	0.0144251793779794
76	MvSl-1064-A2-R4_A2g01227	-0.840187953016606	0.00012509386611758
77	MvSl-1064-A2-R4_A2g01252	-0.674928472294813	0.0116493773997442
78	MvSl-1064-A2-R4_A2g01272	-1.15076870521924	0.00332113039583425
79	MvSl-1064-A2-R4_A2g01281	-1.19754761176962	0.000942950379046898
80	MvSl-1064-A2-R4_A2g01288	-0.751637201274334	0.00719109099935458
81	MvSl-1064-A2-R4_A2g01289	-2.39845923398763	4.30995535475848e-32
82	MvSl-1064-A2-R4_A2g01310	-1.58923190234225	3.01293865479071e-05
83	MvSl-1064-A2-R4_A2g01311	-2.62378125736758	4.41886457276566e-11
84	MvSl-1064-A2-R4_A2g01322	-0.537002772808738	0.0134791213967765
85	MvSl-1064-A2-R4_A2g01366	-1.45427824672974	0.0167394083945781
86	MvSl-1064-A2-R4_A2g01379	-1.04804765342457	0.0364704000509499
87	MvSl-1064-A2-R4_A2g01391	-3.31898032983108	1.59185706202701e-07
88	MvSl-1064-A2-R4_A2g01392	-0.72302704935894	0.000906202011091515
89	MvSl-1064-A2-R4_A2g01417	-6.42458084050034	1.76978929290987e-22
90	MvSl-1064-A2-R4_A2g01426	-0.927374158184385	3.53165437657149e-05
91	MvSl-1064-A2-R4_A2g01442	-2.60657226538341	6.84316667460782e-06
92	MvSl-1064-A2-R4_A2g01476	-2.00349340626262	1.62453045493031e-08
93	MvSl-1064-A2-R4_A2g01494	-2.65008595792135	5.06140454406566e-08
94	MvSl-1064-A2-R4_A2g01506	-0.797413787801712	8.93481802056933e-05
95	MvSl-1064-A2-R4_A2g01507	-1.44324898549084	0.00743273787560679
96	MvSl-1064-A2-R4_A2g01529	-2.60657231676106	6.80191266088712e-06
97	MvSl-1064-A2-R4_A2g01534	-0.678151007397925	0.00355141304684885
98	MvSl-1064-A2-R4_A2g01564	-0.769633072838366	0.00141204514893875
99	MvSl-1064-A2-R4_A2g01566	-1.76737565122878	3.38319806883854e-13
100	MvSl-1064-A2-R4_A2g01571	-1.07043109111432	0.0448077407962434
101	MvSl-1064-A2-R4_A2g01587	-5.68548838146443	1.82926127845713e-14
102	MvSl-1064-A2-R4_A2g01589	-1.09545851232128	0.0315631752794249
103	MvSl-1064-A2-R4_A2g01590	-2.45899093814543	2.80627513043637e-06
104	MvSl-1064-A2-R4_A2g01593	-4.52731812050614	1.01953998286963e-11
105	MvSl-1064-A2-R4_A2g01595	-1.97761157498178	0.000492643093103381
106	MvSl-1064-A2-R4_A2g01616	-1.31198525700892	0.00334436888553585
107	MvSl-1064-A2-R4_A2g01642	-0.762986647004451	0.0172371183493483
108	MvSl-1064-A2-R4_A2g01651	-1.22038184627099	1.13928644623006e-06
109	MvSl-1064-A2-R4_A2g01702	-1.65479297861344	0.00587762825188833
110	MvSl-1064-A2-R4_A2g01703	-5.38571312936524	2.46825561473697e-11
111	MvSl-1064-A2-R4_A2g01715	-0.932594791887444	2.0199307002025e-05
112	MvSl-1064-A2-R4_A2g01717	-4.75903689290477	3.84939437478273e-11
113	MvSl-1064-A2-R4_A2g01753	-0.625181601046475	0.00277709421764605
114	MvSl-1064-A2-R4_A2g01761	-0.952268561545852	0.0251072707734252
115	MvSl-1064-A2-R4_A2g01762	-1.46287369403657	0.0102814749012798
116	MvSl-1064-A2-R4_A2g01763	-1.03738590031519	0.00761000096984025
117	MvSl-1064-A2-R4_A2g01797	-2.13262834907226	3.03153640387843e-07
118	MvSl-1064-A2-R4_A2g01810	-0.708675392752741	0.00218835551812314
119	MvSl-1064-A2-R4_C26g01892	-0.819954611836441	0.0190996849146699
120	MvSl-1064-A2-R4_C28g01908	-1.28634938758682	0.00665906881604085
121	MvSl-1064-A2-R4_C28g01909	-9.39596036412077	1.1625614500634e-17
122	MvSl-1064-A2-R4_C33g01957	-0.819954610136882	0.0190996849146699
123	MvSl-1064-A2-R4_MC01g02010	-0.82373224705555	0.00585487145079461
124	MvSl-1064-A2-R4_MC01g02038	-1.92471473649726	0.000124270237813163
125	MvSl-1064-A2-R4_MC01g02040	-4.87729501845372	1.87222243877265e-23
126	MvSl-1064-A2-R4_MC01g02041	-4.8673943333075	2.95964947833985e-28
127	MvSl-1064-A2-R4_MC01g02086	-0.948043811535523	6.21015291141638e-06
128	MvSl-1064-A2-R4_MC01g02095	-0.691511740909781	0.0371905877670113
129	MvSl-1064-A2-R4_MC01g02115	-2.75292543768047	6.86449075977497e-13
130	MvSl-1064-A2-R4_MC01g02117	-1.38776727046316	0.0136530234028715
131	MvSl-1064-A2-R4_MC01g02120	-5.10960881426938	6.89225202616357e-15
132	MvSl-1064-A2-R4_MC01g02121	-2.82070126205514	5.3656636870225e-22
133	MvSl-1064-A2-R4_MC01g02171	-1.21693117984119	1.88476061961343e-07
134	MvSl-1064-A2-R4_MC01g02173	-3.34580316241489	1.63972340174284e-43
135	MvSl-1064-A2-R4_MC01g02177	-0.804513506746201	0.00239750393819257
136	MvSl-1064-A2-R4_MC01g02192	-0.913650763443396	0.0207170133638119
137	MvSl-1064-A2-R4_MC01g02193	-0.741184239939418	0.000670027565151672
138	MvSl-1064-A2-R4_MC01g02197	-0.533108421561185	0.0370183962047292
139	MvSl-1064-A2-R4_MC01g02204	-1.29705233426589	4.18657320332833e-08
140	MvSl-1064-A2-R4_MC01g02215	-0.581160052570906	0.0271717658166584
141	MvSl-1064-A2-R4_MC01g02225	-0.788255168469695	0.00132836978501154
142	MvSl-1064-A2-R4_MC01g02248	-0.577075861707937	0.0367986912266551
143	MvSl-1064-A2-R4_MC01g02256	-0.719549776216888	0.00332958315152223
144	MvSl-1064-A2-R4_MC01g02283	-0.722109045361575	0.00165390085440649
145	MvSl-1064-A2-R4_MC01g02286	-4.73156300192788	1.08032173162923e-32
146	MvSl-1064-A2-R4_MC01g02292	-0.836687616565099	0.0106773004123647
147	MvSl-1064-A2-R4_MC01g02301	-0.820582754431465	0.000601396725058109
148	MvSl-1064-A2-R4_MC01g02307	-0.989488919455096	0.000328169968894997
149	MvSl-1064-A2-R4_MC01g02326	-1.23382543664511	1.08358583939686e-06
150	MvSl-1064-A2-R4_MC01g02335	-0.633392793290694	0.00449270305192825
151	MvSl-1064-A2-R4_MC01g02341	-1.30854447217226	9.79359587919707e-11
152	MvSl-1064-A2-R4_MC01g02349	-0.74769662251743	0.00153322241434514
153	MvSl-1064-A2-R4_MC01g02353	-0.760456253396131	0.0122581498458721
154	MvSl-1064-A2-R4_MC01g02363	-0.597867904097596	0.0167394083945781
155	MvSl-1064-A2-R4_MC01g02369	-0.694553481174314	0.04849986728472
156	MvSl-1064-A2-R4_MC01g02370	-1.03379587527106	3.47074819716511e-05
157	MvSl-1064-A2-R4_MC01g02374	-0.774378646964083	0.000465778044558935
158	MvSl-1064-A2-R4_MC01g02403	-0.911535459460658	1.27046686180622e-05
159	MvSl-1064-A2-R4_MC01g02431	-1.151059388517	5.33951055429172e-07
160	MvSl-1064-A2-R4_MC01g02438	-1.29594813088144	6.5089065748033e-10
161	MvSl-1064-A2-R4_MC01g02442	-3.90731223565956	3.00160560496891e-23
162	MvSl-1064-A2-R4_MC01g02458	-1.27848685053108	0.000846945627627829
163	MvSl-1064-A2-R4_MC01g02463	-0.843764379742849	2.82885843276404e-05
164	MvSl-1064-A2-R4_MC01g02471	-0.686810112033448	0.0412030963221144
165	MvSl-1064-A2-R4_MC01g02481	-0.928198257906431	0.00102481706560117
166	MvSl-1064-A2-R4_MC01g02484	-1.21231084796648	0.000148452192755992
167	MvSl-1064-A2-R4_MC01g02486	-1.06841714387251	7.35169388484554e-08
168	MvSl-1064-A2-R4_MC01g02494	-2.75066439937456	3.54744827927756e-16
169	MvSl-1064-A2-R4_MC01g02513	-0.515349708679935	0.0337117253328475
170	MvSl-1064-A2-R4_MC01g02514	-4.33096657746865	5.75167983396809e-27
171	MvSl-1064-A2-R4_MC01g02516	-0.517265257486464	0.0293257598797969
172	MvSl-1064-A2-R4_MC01g02524	-0.850810545889404	0.00440435778714125
173	MvSl-1064-A2-R4_MC01g02525	-0.878942574598005	0.000947497685882441
174	MvSl-1064-A2-R4_MC01g02526	-0.604411153263519	0.0153284570887435
175	MvSl-1064-A2-R4_MC01g02563	-0.937031076373667	2.55594551648068e-06
176	MvSl-1064-A2-R4_MC01g02581	-2.03050667358213	2.740234314565e-11
177	MvSl-1064-A2-R4_MC01g02582	-2.63161420153505	0.00276475146175359
178	MvSl-1064-A2-R4_MC01g02587	-0.768001955876697	0.00128519291625725
179	MvSl-1064-A2-R4_MC01g02593	-0.655336988253563	0.0156192382208432
180	MvSl-1064-A2-R4_MC01g02594	-0.83729821053878	0.00719721496822521
181	MvSl-1064-A2-R4_MC01g02616	-1.16463132997863	5.91444360349017e-05
182	MvSl-1064-A2-R4_MC01g02620	-0.829772594170403	0.000489435478693942
183	MvSl-1064-A2-R4_MC01g02631	-0.794108461263589	0.00128519291625725
184	MvSl-1064-A2-R4_MC01g02639	-0.864107933270259	3.54183482729318e-05
185	MvSl-1064-A2-R4_MC01g02645	-0.54181135939699	0.0192196723764921
186	MvSl-1064-A2-R4_MC01g02654	-0.644518853281741	0.0196052494069286
187	MvSl-1064-A2-R4_MC01g02703	-0.733773930978069	0.00110387660120961
188	MvSl-1064-A2-R4_MC01g02715	-0.807880033099416	0.000780516839720258
189	MvSl-1064-A2-R4_MC01g02747	-0.804505657217507	0.0363619491343122
190	MvSl-1064-A2-R4_MC01g02758	-1.79829894801562	2.51171972474481e-11
191	MvSl-1064-A2-R4_MC01g02766	-1.25021033186909	2.1176844347839e-10
192	MvSl-1064-A2-R4_MC01g02805	-0.803265775150472	0.000721529201220385
193	MvSl-1064-A2-R4_MC01g02813	-0.634902143645202	0.0146244958855611
194	MvSl-1064-A2-R4_MC01g02821	-0.546834085004118	0.0163332135593636
195	MvSl-1064-A2-R4_MC01g02827	-0.984856171793166	1.02491826829018e-05
196	MvSl-1064-A2-R4_MC01g02829	-1.31185967091308	0.0317651657947082
197	MvSl-1064-A2-R4_MC01g02838	-0.462068751929118	0.0470515470577611
198	MvSl-1064-A2-R4_MC01g02847	-2.84623658646962	4.7960293792064e-13
199	MvSl-1064-A2-R4_MC01g02851	-2.08472475748162	9.00738887852818e-14
200	MvSl-1064-A2-R4_MC01g02852	-1.61499426351412	1.82924627579628e-14
201	MvSl-1064-A2-R4_MC01g02854	-0.611325872742163	0.0170034373672238
202	MvSl-1064-A2-R4_MC01g02858	-0.534921495662297	0.0284700356283473
203	MvSl-1064-A2-R4_MC01g02859	-1.10596363707867	7.12091009551125e-05
204	MvSl-1064-A2-R4_MC01g02884	-0.629503559067004	0.00385498799869509
205	MvSl-1064-A2-R4_MC01g02885	-1.6044087943157	3.84469200655385e-05
206	MvSl-1064-A2-R4_MC01g02891	-0.848480523378439	0.00113210099004152
207	MvSl-1064-A2-R4_MC01g02907	-0.671009756904692	0.0237587712798075
208	MvSl-1064-A2-R4_MC01g02910	-0.710807655657207	0.0363218285085545
209	MvSl-1064-A2-R4_MC01g02912	-0.513372885947446	0.0204369402394887
210	MvSl-1064-A2-R4_MC01g02916	-1.96310585601921	1.46774008267409e-07
211	MvSl-1064-A2-R4_MC01g02937	-1.10883355806574	3.73357540339023e-06
212	MvSl-1064-A2-R4_MC01g02940	-3.67138795506535	3.09150196161274e-28
213	MvSl-1064-A2-R4_MC01g02943	-1.1061169204852	5.0351134314875e-08
214	MvSl-1064-A2-R4_MC01g02947	-0.558313617749008	0.0463428225974783
215	MvSl-1064-A2-R4_MC01g02960	-0.779798697771211	0.00128519291625725
216	MvSl-1064-A2-R4_MC01g02963	-0.819653804599332	0.00344016682996441
217	MvSl-1064-A2-R4_MC01g02970	-0.617676492788028	0.047479240697236
218	MvSl-1064-A2-R4_MC01g02971	-0.637659773194192	0.00567068546852626
219	MvSl-1064-A2-R4_MC01g02976	-0.534377978367595	0.0149709778747316
220	MvSl-1064-A2-R4_MC01g02984	-0.650602772257506	0.00319401506171785
221	MvSl-1064-A2-R4_MC01g02990	-6.05035304461417	2.64794993827727e-22
222	MvSl-1064-A2-R4_MC01g02993	-1.49023766168491	9.03695035381604e-10
223	MvSl-1064-A2-R4_MC01g02994	-2.22756780999708	3.06397550033429e-25
224	MvSl-1064-A2-R4_MC01g02995	-1.64499397315707	2.14788669657792e-14
225	MvSl-1064-A2-R4_MC01g03012	-1.25386445917875	4.7538684998959e-08
226	MvSl-1064-A2-R4_MC01g03015	-1.42249741351187	2.14396095451623e-07
227	MvSl-1064-A2-R4_MC01g03018	-1.58269397360946	0.00019282287432507
228	MvSl-1064-A2-R4_MC01g03019	-1.52765439708597	1.91012967179094e-05
229	MvSl-1064-A2-R4_MC01g03032	-1.18723023476088	0.000226185790749377
230	MvSl-1064-A2-R4_MC01g03038	-0.615325295489032	0.00860509446484147
231	MvSl-1064-A2-R4_MC01g03044	-1.27083712195854	1.01655195866582e-06
232	MvSl-1064-A2-R4_MC01g03052	-0.544778017728587	0.0314278768290602
233	MvSl-1064-A2-R4_MC01g03068	-0.739547380068579	0.000433207172636441
234	MvSl-1064-A2-R4_MC01g03071	-7.45604575983002	3.0124574249721e-20
235	MvSl-1064-A2-R4_MC01g03094	-0.535826881545835	0.0394577614846876
236	MvSl-1064-A2-R4_MC01g03121	-1.12635753594952	0.00780990352192969
237	MvSl-1064-A2-R4_MC01g03134	-2.15585810122188	2.66461458897956e-06
238	MvSl-1064-A2-R4_MC01g03146	-0.654651677087077	0.00879966387852577
239	MvSl-1064-A2-R4_MC01g03179	-5.14450119312942	2.79737654467095e-09
240	MvSl-1064-A2-R4_MC01g03236	-10.2471331271039	3.72808565349119e-25
241	MvSl-1064-A2-R4_MC01g03249	-1.49054689101599	5.63357416742425e-09
242	MvSl-1064-A2-R4_MC01g03328	-0.637316906148677	0.0174647531108719
243	MvSl-1064-A2-R4_MC01g03341	-0.61576606477443	0.0377975813661312
244	MvSl-1064-A2-R4_MC01g03357	-0.664542166331038	0.011946338024649
245	MvSl-1064-A2-R4_MC01g03371	-0.73887408169463	0.0114079246093222
246	MvSl-1064-A2-R4_MC01g03373	-0.738874089379635	0.0114079246093222
247	MvSl-1064-A2-R4_MC01g03407	-0.487970945977238	0.0479398345976072
248	MvSl-1064-A2-R4_MC01g03413	-0.511916428912575	0.0202281284700442
249	MvSl-1064-A2-R4_MC01g03415	-0.556072498909629	0.00886153435811023
250	MvSl-1064-A2-R4_MC01g03421	-0.527361755097531	0.0414105287579635
251	MvSl-1064-A2-R4_MC01g03429	-0.984244499736208	0.000760884697026944
252	MvSl-1064-A2-R4_MC01g03451	-0.685728608548706	0.00549855429130355
253	MvSl-1064-A2-R4_MC01g03456	-0.81995460629042	0.0191061065644779
254	MvSl-1064-A2-R4_MC02g03520	-0.776336243841393	0.00196296167037456
255	MvSl-1064-A2-R4_MC02g03523	-0.548400834262778	0.0196052494069286
256	MvSl-1064-A2-R4_MC02g03538	-1.29716057890907	8.39026378042019e-05
257	MvSl-1064-A2-R4_MC02g03543	-1.60570243451521	7.29905108542518e-14
258	MvSl-1064-A2-R4_MC02g03544	-0.836572694932971	0.00630125301729452
259	MvSl-1064-A2-R4_MC02g03585	-0.679129405290231	0.00195451446185297
260	MvSl-1064-A2-R4_MC02g03616	-0.456890232162924	0.0475553327425904
261	MvSl-1064-A2-R4_MC02g03619	-1.26047285848714	2.83848639595893e-08
262	MvSl-1064-A2-R4_MC02g03620	-1.55705731394191	1.69842146530484e-11
263	MvSl-1064-A2-R4_MC02g03621	-1.71404562510062	1.39575167232112e-12
264	MvSl-1064-A2-R4_MC02g03623	-0.606642029016382	0.00973931388288956
265	MvSl-1064-A2-R4_MC02g03630	-0.925396953174721	0.0463456370702678
266	MvSl-1064-A2-R4_MC02g03636	-0.622426316905326	0.0311727488388873
267	MvSl-1064-A2-R4_MC02g03647	-0.631659494632314	0.0389918195969292
268	MvSl-1064-A2-R4_MC02g03661	-0.828152784149688	0.00012509386611758
269	MvSl-1064-A2-R4_MC02g03672	-0.954586376208818	0.0475553327425904
270	MvSl-1064-A2-R4_MC02g03705	-8.07667231788503	7.61802813382727e-37
271	MvSl-1064-A2-R4_MC02g03708	-3.883345191287	6.98375031535935e-06
272	MvSl-1064-A2-R4_MC02g03719	-4.75990364501686	1.54193135687862e-14
273	MvSl-1064-A2-R4_MC02g03731	-8.54350552050541	5.81259701686785e-26
274	MvSl-1064-A2-R4_MC02g03758	-0.60053671252822	0.0468943825327304
275	MvSl-1064-A2-R4_MC02g03763	-7.35904946492433	1.25253865906195e-113
276	MvSl-1064-A2-R4_MC02g03764	-1.41462081128577	1.41142904749276e-08
277	MvSl-1064-A2-R4_MC02g03788	-1.22227121227192	1.58694754496274e-08
278	MvSl-1064-A2-R4_MC02g03796	-1.23762028960328	7.50666405197676e-05
279	MvSl-1064-A2-R4_MC02g03811	-0.87049894901652	0.0293232205768812
280	MvSl-1064-A2-R4_MC02g03835	-0.845304741442413	0.0178703398203873
281	MvSl-1064-A2-R4_MC02g03847	-0.741577070612483	0.00564512300814806
282	MvSl-1064-A2-R4_MC02g03858	-1.16453227275665	7.84719285491078e-05
283	MvSl-1064-A2-R4_MC02g03859	-0.628712904276619	0.0457935959737238
284	MvSl-1064-A2-R4_MC02g03862	-3.23062602429465	2.43512481801928e-21
285	MvSl-1064-A2-R4_MC02g03881	-0.562675922892063	0.0412030963221144
286	MvSl-1064-A2-R4_MC02g03888	-1.31671834430889	1.46394367332281e-10
287	MvSl-1064-A2-R4_MC02g03904	-0.712698193475924	0.00185139017575031
288	MvSl-1064-A2-R4_MC02g03915	-0.634422173288461	0.0124524592599892
289	MvSl-1064-A2-R4_MC02g03916	-1.45615955902388	6.39261033970006e-05
290	MvSl-1064-A2-R4_MC02g03952	-2.96312367866727	1.51571418762488e-18
291	MvSl-1064-A2-R4_MC02g03957	-1.0297399310383	7.45953578422186e-05
292	MvSl-1064-A2-R4_MC02g03985	-0.55695024604725	0.0221439878461548
293	MvSl-1064-A2-R4_MC02g03986	-2.38093000771799	2.04309510080388e-15
294	MvSl-1064-A2-R4_MC02g03988	-0.567779001458395	0.0326537099933516
295	MvSl-1064-A2-R4_MC02g03989	-0.539436759737172	0.0286727697752563
296	MvSl-1064-A2-R4_MC02g04003	-0.570041211661759	0.035032720030258
297	MvSl-1064-A2-R4_MC02g04006	-1.08130506673588	0.00303885860762342
298	MvSl-1064-A2-R4_MC02g04012	-0.955015694826102	0.000217289932365353
299	MvSl-1064-A2-R4_MC02g04016	-0.701429794513818	0.00123612952385039
300	MvSl-1064-A2-R4_MC02g04020	-0.889135753728468	1.27066483967804e-05
301	MvSl-1064-A2-R4_MC02g04021	-0.805202678302321	0.048450677411792
302	MvSl-1064-A2-R4_MC02g04029	-0.605042398267125	0.00400584958281434
303	MvSl-1064-A2-R4_MC02g04058	-2.12685532435268	1.65064897801305e-07
304	MvSl-1064-A2-R4_MC02g04059	-2.51389756575459	5.31139506476875e-20
305	MvSl-1064-A2-R4_MC02g04076	-2.47407995603005	5.72563086973359e-12
306	MvSl-1064-A2-R4_MC02g04080	-1.97132225526624	0.00609568456810691
307	MvSl-1064-A2-R4_MC02g04094	-0.660013174397498	0.00339372594611843
308	MvSl-1064-A2-R4_MC02g04109	-0.501020515830356	0.0222575027513825
309	MvSl-1064-A2-R4_MC02g04123	-0.796372714850943	0.000474903094986526
310	MvSl-1064-A2-R4_MC02g04124	-0.769852360459935	0.00418140930207922
311	MvSl-1064-A2-R4_MC02g04134	-1.52088478818863	2.17253318878411e-08
312	MvSl-1064-A2-R4_MC02g04142	-1.2575690873341	2.81528486715389e-09
313	MvSl-1064-A2-R4_MC02g04173	-2.31084963466261	3.11672921977317e-13
314	MvSl-1064-A2-R4_MC02g04175	-0.539980028061563	0.020311170836482
315	MvSl-1064-A2-R4_MC02g04185	-0.848277335480309	0.00485555217570117
316	MvSl-1064-A2-R4_MC02g04190	-0.55878747865608	0.00898953252431567
317	MvSl-1064-A2-R4_MC02g04193	-1.43867562959919	1.13245215346283e-07
318	MvSl-1064-A2-R4_MC02g04199	-0.601557768541669	0.0368690999567253
319	MvSl-1064-A2-R4_MC02g04205	-5.37793272880324	2.9568932728079e-51
320	MvSl-1064-A2-R4_MC02g04222	-1.16125155244307	1.34182993877374e-07
321	MvSl-1064-A2-R4_MC02g04223	-4.14593451927336	2.39763279778329e-52
322	MvSl-1064-A2-R4_MC02g04226	-0.767073515288622	0.0203967419745719
323	MvSl-1064-A2-R4_MC02g04230	-1.6695804388761	1.09921335777806e-10
324	MvSl-1064-A2-R4_MC02g04233	-0.566359706104536	0.0345900492699793
325	MvSl-1064-A2-R4_MC02g04237	-0.790206054029151	0.00745561343353064
326	MvSl-1064-A2-R4_MC02g04238	-0.820989200717641	0.000247573382866139
327	MvSl-1064-A2-R4_MC02g04243	-0.603422777556085	0.00926615871619634
328	MvSl-1064-A2-R4_MC02g04248	-1.56438501010317	2.18611556209835e-05
329	MvSl-1064-A2-R4_MC02g04254	-0.573208902934062	0.0449662795308847
330	MvSl-1064-A2-R4_MC02g04255	-1.15337941932088	0.003071537055843
331	MvSl-1064-A2-R4_MC02g04269	-0.864109631811572	1.43291741036831e-05
332	MvSl-1064-A2-R4_MC02g04271	-0.680511487569822	0.00414094709869758
333	MvSl-1064-A2-R4_MC02g04278	-1.16214696416407	0.00184167741985488
334	MvSl-1064-A2-R4_MC02g04284	-0.578811503784419	0.0159231131991575
335	MvSl-1064-A2-R4_MC02g04294	-2.16822937704935	7.68064207101935e-20
336	MvSl-1064-A2-R4_MC02g04295	-1.55439509972207	0.00146837643884538
337	MvSl-1064-A2-R4_MC02g04297	-0.645822517087336	0.00323342143173016
338	MvSl-1064-A2-R4_MC02g04298	-0.668090039234572	0.00786080165208316
339	MvSl-1064-A2-R4_MC02g04308	-0.99634450471024	1.13928644623006e-06
340	MvSl-1064-A2-R4_MC02g04309	-0.812119226345267	0.000708270152900968
341	MvSl-1064-A2-R4_MC02g04329	-0.566897433841425	0.00885920474432973
342	MvSl-1064-A2-R4_MC02g04331	-0.645451862001856	0.0204640334857232
343	MvSl-1064-A2-R4_MC02g04356	-1.07849318046846	0.0190875213786627
344	MvSl-1064-A2-R4_MC02g04368	-4.43601751478343	8.73040676022957e-27
345	MvSl-1064-A2-R4_MC02g04369	-1.69282204872836	3.60675606741726e-10
346	MvSl-1064-A2-R4_MC02g04370	-0.857453009385746	0.000366057088269237
347	MvSl-1064-A2-R4_MC02g04374	-0.520302579550289	0.0284044208763201
348	MvSl-1064-A2-R4_MC02g04379	-0.783749999234074	0.0120312629141695
349	MvSl-1064-A2-R4_MC02g04380	-0.860722983294155	0.000273442605735623
350	MvSl-1064-A2-R4_MC02g04392	-1.82710171491119	1.79124595576786e-09
351	MvSl-1064-A2-R4_MC02g04401	-1.26459696719577	0.00792242846651107
352	MvSl-1064-A2-R4_MC02g04403	-0.826140148173678	0.0186216617563638
353	MvSl-1064-A2-R4_MC02g04408	-1.66368055204227	5.47262223730948e-14
354	MvSl-1064-A2-R4_MC02g04410	-1.2041317786901	0.000551735106335615
355	MvSl-1064-A2-R4_MC02g04417	-0.604620005306062	0.00425355030673624
356	MvSl-1064-A2-R4_MC02g04419	-1.53645068307747	3.73038879423543e-15
357	MvSl-1064-A2-R4_MC02g04428	-0.635954138973274	0.00324235308850415
358	MvSl-1064-A2-R4_MC02g04459	-1.05452883008852	0.0019753246380131
359	MvSl-1064-A2-R4_MC02g04463	-0.874079016879611	0.0034434360365323
360	MvSl-1064-A2-R4_MC02g04465	-0.774132897770061	0.00155357071804975
361	MvSl-1064-A2-R4_MC02g04470	-4.20070937210093	1.54962007779704e-15
362	MvSl-1064-A2-R4_MC02g04472	-1.291003095579	2.75371158885687e-05
363	MvSl-1064-A2-R4_MC02g04475	-1.524443324107	7.53741090773012e-05
364	MvSl-1064-A2-R4_MC02g04476	-1.47675079036906	0.000266548411907291
365	MvSl-1064-A2-R4_MC02g04478	-1.58518508129412	1.28445066847241e-13
366	MvSl-1064-A2-R4_MC02g04479	-1.86995730723213	9.06059719626467e-07
367	MvSl-1064-A2-R4_MC02g04480	-6.39836671365443	1.09595038230427e-37
368	MvSl-1064-A2-R4_MC02g04483	-1.15308136977108	0.00480714185520143
369	MvSl-1064-A2-R4_MC02g04495	-1.34097233002168	3.45517595470549e-06
370	MvSl-1064-A2-R4_MC02g04496	-1.09799683584074	1.33321009310155e-07
371	MvSl-1064-A2-R4_MC02g04497	-1.51700582091185	3.4704530704801e-05
372	MvSl-1064-A2-R4_MC02g04498	-1.77643268278902	1.83883633381528e-05
373	MvSl-1064-A2-R4_MC02g04502	-4.21943003582521	3.38258211067292e-36
374	MvSl-1064-A2-R4_MC02g04515	-1.24769958850223	0.0254304911706215
375	MvSl-1064-A2-R4_MC02g04539	-1.24770036343826	0.0253719629458625
376	MvSl-1064-A2-R4_MC03g04561	-0.87328256927761	0.0142963322743591
377	MvSl-1064-A2-R4_MC03g04570	-1.11636118106536	3.39816375179106e-06
378	MvSl-1064-A2-R4_MC03g04575	-1.04913545678673	0.000719582773427979
379	MvSl-1064-A2-R4_MC03g04579	-0.707869896278701	0.00167300283752949
380	MvSl-1064-A2-R4_MC03g04582	-0.872307133934695	0.00232716039727123
381	MvSl-1064-A2-R4_MC03g04597	-0.575165292366777	0.0407689250153886
382	MvSl-1064-A2-R4_MC03g04603	-0.975701716974132	0.0293600124110664
383	MvSl-1064-A2-R4_MC03g04608	-0.79877955706133	0.00277298285161106
384	MvSl-1064-A2-R4_MC03g04639	-1.74553576410852	5.06939058299479e-13
385	MvSl-1064-A2-R4_MC03g04645	-1.54424021424113	5.71000005241133e-08
386	MvSl-1064-A2-R4_MC03g04668	-0.626157892845906	0.04017348818121
387	MvSl-1064-A2-R4_MC03g04674	-1.11739154136845	0.00867285773810256
388	MvSl-1064-A2-R4_MC03g04678	-0.691348239209298	0.00731318178189797
389	MvSl-1064-A2-R4_MC03g04696	-0.86805190148273	0.000571452571010423
390	MvSl-1064-A2-R4_MC03g04714	-0.707831248439586	0.0163359026412473
391	MvSl-1064-A2-R4_MC03g04717	-1.11374436347726	0.0017050954914786
392	MvSl-1064-A2-R4_MC03g04726	-1.08795639899568	1.04413322593214e-06
393	MvSl-1064-A2-R4_MC03g04727	-0.985682623005062	0.000786264380312743
394	MvSl-1064-A2-R4_MC03g04740	-2.83293301109333	1.73333030329571e-14
395	MvSl-1064-A2-R4_MC03g04750	-0.730128769103789	0.0104316504693951
396	MvSl-1064-A2-R4_MC03g04795	-0.46074840906275	0.0469280424784347
397	MvSl-1064-A2-R4_MC03g04825	-0.737003535877499	0.026311960265683
398	MvSl-1064-A2-R4_MC03g04826	-0.950917640576326	0.00120015178277422
399	MvSl-1064-A2-R4_MC03g04837	-0.565119512212015	0.0269288111974413
400	MvSl-1064-A2-R4_MC03g04852	-0.648259148027628	0.00795544975290863
401	MvSl-1064-A2-R4_MC03g04855	-0.709638802636424	0.00417764881826445
402	MvSl-1064-A2-R4_MC03g04875	-0.543027706626185	0.0382172531923481
403	MvSl-1064-A2-R4_MC03g04877	-0.487578659665344	0.0259729193644196
404	MvSl-1064-A2-R4_MC03g04899	-0.624659276616853	0.0063321384874214
405	MvSl-1064-A2-R4_MC03g04936	-2.65590618108603	1.29283450241056e-09
406	MvSl-1064-A2-R4_MC03g04943	-0.571242193921969	0.0259167794565397
407	MvSl-1064-A2-R4_MC03g04959	-1.55035942302569	7.09687068458117e-06
408	MvSl-1064-A2-R4_MC03g04968	-1.34330038196895	0.00362233437434054
409	MvSl-1064-A2-R4_MC03g04972	-1.34374751043734	1.82758612190344e-05
410	MvSl-1064-A2-R4_MC03g04976	-1.16923978144463	7.63881866721911e-05
411	MvSl-1064-A2-R4_MC03g05003	-0.859002399245219	0.00302739246500703
412	MvSl-1064-A2-R4_MC03g05015	-1.72510293041407	1.4097018064789e-06
413	MvSl-1064-A2-R4_MC03g05016	-2.42020177477189	2.61615429297716e-13
414	MvSl-1064-A2-R4_MC03g05017	-1.61227803209688	2.40683675377419e-06
415	MvSl-1064-A2-R4_MC03g05025	-0.750121772075245	0.0147041610249187
416	MvSl-1064-A2-R4_MC03g05039	-0.859053108565466	0.00126952267172496
417	MvSl-1064-A2-R4_MC03g05051	-0.73907961272363	0.0153865730704479
418	MvSl-1064-A2-R4_MC03g05087	-0.719456236346318	0.00300040409533501
419	MvSl-1064-A2-R4_MC03g05088	-0.74934763058375	0.00356877149226006
420	MvSl-1064-A2-R4_MC03g05105	-0.627283679504434	0.0187283994288463
421	MvSl-1064-A2-R4_MC03g05107	-0.884008052935564	4.78817865673069e-05
422	MvSl-1064-A2-R4_MC03g05112	-1.06272739756256	0.000161112458263182
423	MvSl-1064-A2-R4_MC03g05117	-2.04027815362496	1.17158284106535e-19
424	MvSl-1064-A2-R4_MC03g05125	-1.29699309003741	0.0409878730421577
425	MvSl-1064-A2-R4_MC03g05126	-1.03073005368139	2.46679842779927e-06
426	MvSl-1064-A2-R4_MC03g05138	-0.981174450825389	0.0496844725487888
427	MvSl-1064-A2-R4_MC03g05151	-0.69441440308674	0.00643744077767052
428	MvSl-1064-A2-R4_MC03g05164	-1.13621198114852	0.000167684074867283
429	MvSl-1064-A2-R4_MC03g05173	-1.17401557242305	5.99398237475926e-05
430	MvSl-1064-A2-R4_MC03g05197	-0.665615026456441	0.0195845856844872
431	MvSl-1064-A2-R4_MC03g05202	-6.28148435643739	1.047932110055e-69
432	MvSl-1064-A2-R4_MC03g05214	-1.2220091241057	0.000134664906556273
433	MvSl-1064-A2-R4_MC03g05238	-0.774323910396669	0.0463456370702678
434	MvSl-1064-A2-R4_MC03g05252	-1.5405849192015	1.43416453148641e-11
435	MvSl-1064-A2-R4_MC03g05280	-1.24145814731252	2.36896119513887e-07
436	MvSl-1064-A2-R4_MC03g05282	-0.798682132600458	0.000503680335365743
437	MvSl-1064-A2-R4_MC03g05287	-0.450378025431509	0.0468559080885231
438	MvSl-1064-A2-R4_MC03g05301	-0.818315485203343	0.020096821604743
439	MvSl-1064-A2-R4_MC03g05315	-0.888419744455944	0.0156632503342475
440	MvSl-1064-A2-R4_MC03g05329	-1.0249796631568	0.00056046070041371
441	MvSl-1064-A2-R4_MC03g05349	-0.56557439361719	0.0312694535211328
442	MvSl-1064-A2-R4_MC03g05350	-0.694031353152303	0.0104284512578608
443	MvSl-1064-A2-R4_MC03g05364	-1.15848807893911	0.0129350634688183
444	MvSl-1064-A2-R4_MC03g05380	-2.65266816020574	3.20081787452746e-26
445	MvSl-1064-A2-R4_MC03g05383	-1.17920792236456	0.0013758475681858
446	MvSl-1064-A2-R4_MC03g05384	-1.47340612182195	0.0182472249875374
447	MvSl-1064-A2-R4_MC03g05385	-0.836098376938988	0.0368447087367396
448	MvSl-1064-A2-R4_MC03g05387	-2.12455495482613	0.00785284944428343
449	MvSl-1064-A2-R4_MC03g05399	-0.895800495941116	4.28176214207359e-05
450	MvSl-1064-A2-R4_MC03g05414	-0.793049367935978	0.0146263058941995
451	MvSl-1064-A2-R4_MC03g05421	-0.549080250641882	0.0332923330439787
452	MvSl-1064-A2-R4_MC03g05422	-0.809084865426846	0.0432115808679503
453	MvSl-1064-A2-R4_MC03g05430	-0.623773088030938	0.0079086079800483
454	MvSl-1064-A2-R4_MC03g05435	-0.869412023680251	0.018689609408289
455	MvSl-1064-A2-R4_MC03g05440	-3.50384957216165	1.88413112888424e-17
456	MvSl-1064-A2-R4_MC03g05441	-1.70771898876028	1.64558608806282e-09
457	MvSl-1064-A2-R4_MC03g05442	-1.67768671833861	8.28630132292885e-06
458	MvSl-1064-A2-R4_MC03g05447	-0.693415024613673	0.0247014150691984
459	MvSl-1064-A2-R4_MC03g05453	-2.02750392192455	4.71707518254185e-06
460	MvSl-1064-A2-R4_MC03g05481	-0.750605092761233	0.0086260432171178
461	MvSl-1064-A2-R4_MC03g05483	-0.750605129665439	0.00861009861019982
462	MvSl-1064-A2-R4_MC03g05519	-0.948149357151531	6.13170473026454e-05
463	MvSl-1064-A2-R4_MC03g05527	-0.917844404635389	7.39040781171118e-05
464	MvSl-1064-A2-R4_MC03g05529	-0.805379715085423	0.000462503647222704
465	MvSl-1064-A2-R4_MC03g05535	-0.581227337406865	0.0150640106764032
466	MvSl-1064-A2-R4_MC03g05539	-0.638310056861033	0.00314188717349021
467	MvSl-1064-A2-R4_MC04-1g05560	-0.77803836830723	0.0199010290651664
468	MvSl-1064-A2-R4_MC04-1g05561	-0.721130115985877	0.0351865518607074
469	MvSl-1064-A2-R4_MC04-1g05564	-1.01579106473442	1.21233551917903e-05
470	MvSl-1064-A2-R4_MC04-1g05566	-0.671011928295265	0.0441870697940499
471	MvSl-1064-A2-R4_MC04-1g05573	-0.805980636308042	0.00163494275102895
472	MvSl-1064-A2-R4_MC04-1g05581	-8.78215267883715	2.70562365022836e-30
473	MvSl-1064-A2-R4_MC04-1g05596	-1.58531616149748	0.00575232595878127
474	MvSl-1064-A2-R4_MC04-1g05605	-0.67973599181236	0.00366347621960101
475	MvSl-1064-A2-R4_MC04-1g05721	-1.06266897144062	0.011561420026883
476	MvSl-1064-A2-R4_MC04-1g05724	-0.692907005627062	0.0233946303752144
477	MvSl-1064-A2-R4_MC04-1g05738	-0.737137464923739	0.040284618353291
478	MvSl-1064-A2-R4_MC04-1g05742	-0.828484925874427	0.0020773809644971
479	MvSl-1064-A2-R4_MC04-1g05745	-2.31498854196935	2.24438281059235e-09
480	MvSl-1064-A2-R4_MC04-1g05747	-0.93595589165498	0.00159853325934263
481	MvSl-1064-A2-R4_MC04-1g05764	-0.61722488790174	0.0184883375217909
482	MvSl-1064-A2-R4_MC04-1g05768	-1.14293287917103	2.21568401981807e-06
483	MvSl-1064-A2-R4_MC04-1g05773	-0.922290844934896	0.00292515272307093
484	MvSl-1064-A2-R4_MC04-1g05781	-0.819075851418228	0.00211418389087577
485	MvSl-1064-A2-R4_MC04-1g05821	-0.938887880231176	0.0475553327425904
486	MvSl-1064-A2-R4_MC04-1g05847	-2.07395747486741	9.34609227890635e-05
487	MvSl-1064-A2-R4_MC04-1g05861	-1.07199706466836	2.61882455476334e-05
488	MvSl-1064-A2-R4_MC04-1g05868	-0.692568141322731	0.00752045168892695
489	MvSl-1064-A2-R4_MC04-1g05899	-0.569724592477038	0.0248260319773438
490	MvSl-1064-A2-R4_MC04-1g05908	-2.21204529196645	4.8980092623063e-16
491	MvSl-1064-A2-R4_MC04-1g05940	-0.803273855989924	0.00853194108043931
492	MvSl-1064-A2-R4_MC04-1g05988	-3.76764573657152	4.30748655398379e-20
493	MvSl-1064-A2-R4_MC04-1g05999	-0.759650865945875	0.00905259836456727
494	MvSl-1064-A2-R4_MC04-1g06020	-0.99251694902376	1.5443667199445e-05
495	MvSl-1064-A2-R4_MC04-1g06025	-4.56130993079969	1.26802767566481e-36
496	MvSl-1064-A2-R4_MC04-1g06026	-0.51886389944197	0.0305320892904343
497	MvSl-1064-A2-R4_MC04-1g06040	-4.22747514584577	9.69753439204939e-11
498	MvSl-1064-A2-R4_MC04-1g06077	-1.45113391804953	9.69165989897163e-09
499	MvSl-1064-A2-R4_MC04-1g06086	-10.5077636976401	1.92312021688848e-179
500	MvSl-1064-A2-R4_MC04-1g06091	-0.808539154107484	0.00234716618366688
501	MvSl-1064-A2-R4_MC04-1g06105	-0.938887691623777	0.0475553327425904
502	MvSl-1064-A2-R4_MC04-1g06110	-1.50137865668431	0.00124989704538829
503	MvSl-1064-A2-R4_MC04-1g06112	-1.46537681138544	0.000953804135059706
504	MvSl-1064-A2-R4_MC04-1g06130	-0.657118089934789	0.00139196884050338
505	MvSl-1064-A2-R4_MC04-1g06137	-2.33736497232745	1.4298541098094e-12
506	MvSl-1064-A2-R4_MC04-1g06141	-0.987877988463478	0.000828840382277682
507	MvSl-1064-A2-R4_MC04-1g06142	-0.679719575612594	0.0189801850247493
508	MvSl-1064-A2-R4_MC04-1g06156	-0.551217484554742	0.0211971496791763
509	MvSl-1064-A2-R4_MC04-1g06171	-0.717695721415243	0.00670470666039541
510	MvSl-1064-A2-R4_MC04-1g06177	-0.717695697407135	0.00670703271911301
511	MvSl-1064-A2-R4_MC04-1g06184	-2.60303670013918	5.32491415992854e-17
512	MvSl-1064-A2-R4_MC04-1g06190	-0.753908635583435	0.000260501191122499
513	MvSl-1064-A2-R4_MC04-2g06285	-0.957197144896433	0.0074461232804937
514	MvSl-1064-A2-R4_MC04-2g06291	-0.658314325125841	0.00185139017575031
515	MvSl-1064-A2-R4_MC04-2g06308	-2.29484910891021	3.67962774438844e-11
516	MvSl-1064-A2-R4_MC04-2g06330	-1.2834977739173	1.33803009361811e-06
517	MvSl-1064-A2-R4_MC04-2g06331	-4.6563239813027	4.01674670959116e-12
518	MvSl-1064-A2-R4_MC04-2g06342	-0.933306724996504	0.000430795618671747
519	MvSl-1064-A2-R4_MC04-2g06358	-3.73076715734546	4.03410267679751e-10
520	MvSl-1064-A2-R4_MC04-2g06374	-2.01705751818353	6.92183138493552e-06
521	MvSl-1064-A2-R4_MC04-2g06375	-1.46326868068354	0.0387845184237278
522	MvSl-1064-A2-R4_MC05g06406	-0.460043426175665	0.0450285299133814
523	MvSl-1064-A2-R4_MC05g06420	-0.809822934434971	0.000366057088269237
524	MvSl-1064-A2-R4_MC05g06443	-0.593482100242623	0.00531309051605207
525	MvSl-1064-A2-R4_MC05g06456	-1.19842393046073	0.000381380449919857
526	MvSl-1064-A2-R4_MC05g06461	-2.53588559605982	8.96335807060764e-29
527	MvSl-1064-A2-R4_MC05g06484	-1.3951129708274	4.93986822527981e-05
528	MvSl-1064-A2-R4_MC05g06489	-0.823189144845014	0.000147559387470249
529	MvSl-1064-A2-R4_MC05g06495	-2.8330730308116	4.25794733533548e-27
530	MvSl-1064-A2-R4_MC05g06513	-1.69039463618683	2.29927169051861e-11
531	MvSl-1064-A2-R4_MC05g06522	-1.16088472673431	6.41479452717622e-07
532	MvSl-1064-A2-R4_MC05g06538	-2.62242291187013	9.99341297627309e-07
533	MvSl-1064-A2-R4_MC05g06607	-0.797999890904839	0.0424412650096046
534	MvSl-1064-A2-R4_MC05g06610	-1.71137878524534	0.00424968405849613
535	MvSl-1064-A2-R4_MC05g06649	-1.10647394202478	0.00149971757152687
536	MvSl-1064-A2-R4_MC05g06674	-0.601411722694612	0.0109070698590856
537	MvSl-1064-A2-R4_MC05g06694	-2.08880339075515	6.46882655579461e-10
538	MvSl-1064-A2-R4_MC05g06699	-1.03876172213982	0.0108594319782524
539	MvSl-1064-A2-R4_MC05g06703	-0.696656572442873	0.0409406457565246
540	MvSl-1064-A2-R4_MC05g06706	-1.24343633186502	0.0019946474415538
541	MvSl-1064-A2-R4_MC05g06728	-1.80176492383849	1.6004302109467e-13
542	MvSl-1064-A2-R4_MC05g06730	-0.68948743168593	0.0439485700652996
543	MvSl-1064-A2-R4_MC05g06744	-0.581635895792548	0.0332923330439787
544	MvSl-1064-A2-R4_MC05g06760	-0.74650013998522	0.010938350043697
545	MvSl-1064-A2-R4_MC05g06770	-1.239365632874	0.000676622516677585
546	MvSl-1064-A2-R4_MC05g06774	-0.963350334870876	0.00258492726498047
547	MvSl-1064-A2-R4_MC05g06777	-0.730044696643822	0.0019753246380131
548	MvSl-1064-A2-R4_MC05g06778	-0.951605557412161	0.0136756252541593
549	MvSl-1064-A2-R4_MC05g06779	-1.10918609878945	1.02491826829018e-05
550	MvSl-1064-A2-R4_MC05g06781	-0.810222724595797	0.000154605906495121
551	MvSl-1064-A2-R4_MC05g06806	-0.56709498916317	0.0290561450314276
552	MvSl-1064-A2-R4_MC05g06819	-0.824831330228095	0.000138541115729489
553	MvSl-1064-A2-R4_MC05g06834	-0.631699544532833	0.00438780328689518
554	MvSl-1064-A2-R4_MC05g06856	-2.17403022622374	1.11875369787553e-07
555	MvSl-1064-A2-R4_MC05g06857	-2.35693717943622	9.98487239491378e-13
556	MvSl-1064-A2-R4_MC05g06872	-0.68707611327832	0.00144850906613518
557	MvSl-1064-A2-R4_MC05g06874	-1.39138623194583	1.80669205863656e-12
558	MvSl-1064-A2-R4_MC05g06879	-0.707275993971847	0.000641389002891084
559	MvSl-1064-A2-R4_MC05g06880	-2.94116289223383	6.48050209141601e-09
560	MvSl-1064-A2-R4_MC05g06884	-1.55933699085687	1.49597071960985e-06
561	MvSl-1064-A2-R4_MC05g06919	-0.51001518237766	0.0299381216983934
562	MvSl-1064-A2-R4_MC05g06937	-0.572505721056487	0.00643595728137372
563	MvSl-1064-A2-R4_MC05g06945	-1.51356064005833	2.28516446440066e-06
564	MvSl-1064-A2-R4_MC05g06946	-0.623295668069639	0.0276477654684795
565	MvSl-1064-A2-R4_MC05g06951	-2.66415555646939	1.35799611390677e-25
566	MvSl-1064-A2-R4_MC05g06952	-1.41616906958562	1.72050705033226e-11
567	MvSl-1064-A2-R4_MC05g06977	-0.527118763707579	0.0265926797112137
568	MvSl-1064-A2-R4_MC05g07003	-1.22193929484956	5.88508582106829e-06
569	MvSl-1064-A2-R4_MC05g07084	-0.635792849727606	0.00234133809392037
570	MvSl-1064-A2-R4_MC05g07101	-0.743549916938609	0.0288896389148052
571	MvSl-1064-A2-R4_MC06-1g07113	-0.796619348058917	0.00248707806907704
572	MvSl-1064-A2-R4_MC06-1g07118	-2.27338066101996	0.000115685074674762
573	MvSl-1064-A2-R4_MC06-1g07129	-1.1076354768824	0.000670353358577342
574	MvSl-1064-A2-R4_MC06-1g07133	-0.706502762904113	0.00199056316629525
575	MvSl-1064-A2-R4_MC06-1g07135	-0.91806860726043	0.022046829932354
576	MvSl-1064-A2-R4_MC06-1g07138	-1.52784199985494	1.1081021747779e-09
577	MvSl-1064-A2-R4_MC06-1g07141	-0.796619364500926	0.0024912546934534
578	MvSl-1064-A2-R4_MC06-1g07167	-0.553005440109971	0.0152331290734654
579	MvSl-1064-A2-R4_MC06-1g07177	-1.08935174172732	1.61498236723073e-06
580	MvSl-1064-A2-R4_MC06-1g07186	-0.79796451218826	0.000132354383762743
581	MvSl-1064-A2-R4_MC06-1g07201	-0.903285788618506	2.24085105443312e-05
582	MvSl-1064-A2-R4_MC06-1g07202	-0.873590642463286	0.00769822985459829
583	MvSl-1064-A2-R4_MC06-1g07207	-5.84488384436945	5.99174384736032e-69
584	MvSl-1064-A2-R4_MC06-1g07211	-0.585886514455322	0.0301418786217353
585	MvSl-1064-A2-R4_MC06-1g07218	-1.84742856587425	0.000263103018356822
586	MvSl-1064-A2-R4_MC06-1g07225	-0.826120823256125	0.000259089496953049
587	MvSl-1064-A2-R4_MC06-1g07247	-0.51783603293726	0.0257330202651064
588	MvSl-1064-A2-R4_MC06-1g07273	-0.568654994279075	0.0213202029806144
589	MvSl-1064-A2-R4_MC06-2g07337	-3.34529612809889	1.71753175388439e-08
590	MvSl-1064-A2-R4_MC06-2g07341	-0.675437376584683	0.0231837610343792
591	MvSl-1064-A2-R4_MC06-2g07342	-1.11395153011621	0.0128526812160495
592	MvSl-1064-A2-R4_MC06-2g07364	-4.03861516635693	8.78761826503914e-20
593	MvSl-1064-A2-R4_MC06-2g07384	-0.525057195138393	0.020926192948768
594	MvSl-1064-A2-R4_MC06-2g07402	-1.27585632883857	1.66986079290449e-05
595	MvSl-1064-A2-R4_MC06-2g07405	-1.10174607129432	1.46138172104184e-07
596	MvSl-1064-A2-R4_MC06-2g07410	-0.586819665845564	0.0114181225109434
597	MvSl-1064-A2-R4_MC06-2g07426	-0.934879283174231	0.0262812105578564
598	MvSl-1064-A2-R4_MC06-2g07431	-1.21033493312292	0.00190563065689446
599	MvSl-1064-A2-R4_MC06-2g07452	-0.560772211276766	0.0363571376158699
600	MvSl-1064-A2-R4_MC06-2g07453	-0.811574423874172	0.00804911507842974
601	MvSl-1064-A2-R4_MC06-2g07491	-0.622876941682447	0.0191786045025517
602	MvSl-1064-A2-R4_MC06-2g07498	-0.673381420656369	0.0169355434045624
603	MvSl-1064-A2-R4_MC06-2g07499	-0.688427860440808	0.0048844405074661
604	MvSl-1064-A2-R4_MC06-2g07500	-3.66479192947526	1.21149411260375e-37
605	MvSl-1064-A2-R4_MC06-2g07501	-2.96020559107804	5.4310870705447e-08
606	MvSl-1064-A2-R4_MC06-2g07520	-2.15451691228907	2.0254893217815e-15
607	MvSl-1064-A2-R4_MC06-2g07525	-1.55914658198095	1.23676218786434e-10
608	MvSl-1064-A2-R4_MC06-2g07534	-1.17176534730291	0.000372027763841307
609	MvSl-1064-A2-R4_MC06-2g07553	-1.4510387418163	3.48522881757428e-06
610	MvSl-1064-A2-R4_MC06-2g07555	-0.50625970608713	0.0463428225974783
611	MvSl-1064-A2-R4_MC06-2g07563	-0.55305952492287	0.0155892643240139
612	MvSl-1064-A2-R4_MC06-2g07572	-0.602794088685349	0.00652066386959467
613	MvSl-1064-A2-R4_MC06-2g07575	-0.682392434948292	0.0111892899465404
614	MvSl-1064-A2-R4_MC06-2g07580	-1.23164541154857	5.03565109277994e-09
615	MvSl-1064-A2-R4_MC06-2g07594	-3.35803830721524	1.94211477327493e-07
616	MvSl-1064-A2-R4_MC06-2g07607	-4.62322455496411	1.79712101404058e-53
617	MvSl-1064-A2-R4_MC06-2g07621	-0.777836388585876	0.00843800926379296
618	MvSl-1064-A2-R4_MC06-2g07625	-0.83805733372245	0.000896046517968929
619	MvSl-1064-A2-R4_MC06-2g07627	-0.828208551766683	0.00454070704102599
620	MvSl-1064-A2-R4_MC06-2g07662	-1.70015508562263	0.000564583275151578
621	MvSl-1064-A2-R4_MC06-2g07665	-0.720618381368234	0.0101813121438153
622	MvSl-1064-A2-R4_MC06-2g07693	-0.642214350740351	0.00333090567511906
623	MvSl-1064-A2-R4_MC06-2g07709	-0.78579038020595	0.00194564715331354
624	MvSl-1064-A2-R4_MC06-2g07710	-5.75196108582454	2.8278594131688e-30
625	MvSl-1064-A2-R4_MC06-2g07711	-6.32725609790599	8.72310086592781e-17
626	MvSl-1064-A2-R4_MC06-2g07712	-0.89735643885245	6.35283268426809e-05
627	MvSl-1064-A2-R4_MC06-2g07713	-6.32725629218206	8.68594698551608e-17
628	MvSl-1064-A2-R4_MC06-2g07714	-5.75196107403825	2.8278594131688e-30
629	MvSl-1064-A2-R4_MC06-2g07719	-2.62510369188017	7.62892434875589e-19
630	MvSl-1064-A2-R4_MC06-2g07725	-0.630395597281562	0.0140645192526124
631	MvSl-1064-A2-R4_MC06-2g07733	-0.758048785858754	0.00148333412480263
632	MvSl-1064-A2-R4_MC06-2g07743	-2.87817182822698	6.67484304868568e-08
633	MvSl-1064-A2-R4_MC06-2g07744	-0.571197291165864	0.0102279864809177
634	MvSl-1064-A2-R4_MC06-2g07786	-0.5511788436753	0.0306463950180661
635	MvSl-1064-A2-R4_MC06-2g07798	-0.850760897314039	0.00540749731157482
636	MvSl-1064-A2-R4_MC07g07813	-3.4661120699733	6.14208360308562e-13
637	MvSl-1064-A2-R4_MC07g07827	-0.568726999950763	0.0119989151299004
638	MvSl-1064-A2-R4_MC07g07830	-1.14015134801106	1.68731015587848e-05
639	MvSl-1064-A2-R4_MC07g07841	-0.540243811667946	0.0190415769751656
640	MvSl-1064-A2-R4_MC07g07850	-0.609475802455336	0.00397373383859684
641	MvSl-1064-A2-R4_MC07g07852	-0.775939780312482	0.00140428223928412
642	MvSl-1064-A2-R4_MC07g07854	-1.15467034807456	0.00144518940458648
643	MvSl-1064-A2-R4_MC07g07858	-0.527358539080894	0.0287633008854075
644	MvSl-1064-A2-R4_MC07g07861	-0.553468588847151	0.0174695270465222
645	MvSl-1064-A2-R4_MC07g07874	-1.67476944526478	0.00144518940458648
646	MvSl-1064-A2-R4_MC07g07913	-10.2885145043881	3.22818542821247e-25
647	MvSl-1064-A2-R4_MC07g07917	-0.495233528701856	0.0334107299808138
648	MvSl-1064-A2-R4_MC07g07944	-1.41219771416874	0.000822622089287154
649	MvSl-1064-A2-R4_MC07g07958	-1.16379960305808	0.0358618829050268
650	MvSl-1064-A2-R4_MC07g07961	-1.01301562203762	7.5498620994364e-05
651	MvSl-1064-A2-R4_MC07g07971	-1.54938379087689	5.84107384785141e-12
652	MvSl-1064-A2-R4_MC07g07980	-1.19320122864953	2.80240275862667e-06
653	MvSl-1064-A2-R4_MC07g07985	-0.70801564476797	0.000997937188221838
654	MvSl-1064-A2-R4_MC07g07989	-0.8001872385691	0.00108878843214121
655	MvSl-1064-A2-R4_MC07g07999	-1.68738841967905	2.14031443862711e-13
656	MvSl-1064-A2-R4_MC07g08009	-1.08787504560985	5.44137908333413e-05
657	MvSl-1064-A2-R4_MC07g08102	-2.05202408279551	1.65185273208521e-11
658	MvSl-1064-A2-R4_MC07g08106	-1.4217563723018	2.17603679044129e-09
659	MvSl-1064-A2-R4_MC07g08117	-0.587079651149746	0.0222611654775406
660	MvSl-1064-A2-R4_MC07g08129	-0.942318090457423	1.03829813258586e-05
661	MvSl-1064-A2-R4_MC07g08147	-1.08014931818769	0.000129712580129451
662	MvSl-1064-A2-R4_MC07g08152	-2.73397667191331	6.61413398889987e-10
663	MvSl-1064-A2-R4_MC07g08168	-0.622821298312446	0.0102841945379979
664	MvSl-1064-A2-R4_MC07g08178	-1.00107053672714	0.000350488780784165
665	MvSl-1064-A2-R4_MC07g08188	-0.804422602247851	0.010138479372354
666	MvSl-1064-A2-R4_MC07g08206	-0.720856988891498	0.00647421553850648
667	MvSl-1064-A2-R4_MC07g08210	-1.43225725478115	2.14838517448701e-05
668	MvSl-1064-A2-R4_MC07g08211	-1.79554419970594	3.52161096576955e-15
669	MvSl-1064-A2-R4_MC07g08218	-1.61702057299009	2.92135052959722e-09
670	MvSl-1064-A2-R4_MC07g08263	-0.794297774601634	0.0102142437118468
671	MvSl-1064-A2-R4_MC07g08264	-1.8646623465016	0.00280836360209999
672	MvSl-1064-A2-R4_MC07g08268	-1.38130109855556	5.78632935602698e-05
673	MvSl-1064-A2-R4_MC07g08270	-0.751997333865388	0.00128480878326796
674	MvSl-1064-A2-R4_MC07g08277	-0.793408303567416	0.00126903302543708
675	MvSl-1064-A2-R4_MC07g08281	-1.91152028310363	4.76621432751032e-20
676	MvSl-1064-A2-R4_MC07g08283	-1.11112221024524	4.84447777766916e-08
677	MvSl-1064-A2-R4_MC07g08290	-1.60322659105496	2.5442924689289e-10
678	MvSl-1064-A2-R4_MC07g08296	-0.591200392429777	0.0267657395008099
679	MvSl-1064-A2-R4_MC07g08302	-1.91647780314117	6.13281869298275e-12
680	MvSl-1064-A2-R4_MC07g08303	-1.72669463246191	0.000111234470065118
681	MvSl-1064-A2-R4_MC07g08327	-1.03071134360422	2.1463163910033e-05
682	MvSl-1064-A2-R4_MC07g08332	-1.1133804565256	0.00157805412480577
683	MvSl-1064-A2-R4_MC07g08345	-2.01810193244542	4.8980092623063e-16
684	MvSl-1064-A2-R4_MC07g08366	-0.797385912741338	0.0140596396223728
685	MvSl-1064-A2-R4_MC07g08367	-0.654260599109664	0.0309695654134197
686	MvSl-1064-A2-R4_MC07g08368	-1.39315063279501	1.0382117625416e-09
687	MvSl-1064-A2-R4_MC07g08371	-2.23313175986391	6.74363924455008e-05
688	MvSl-1064-A2-R4_MC07g08411	-0.792463074551259	0.00270319901334392
689	MvSl-1064-A2-R4_MC07g08412	-0.68352319974685	0.0190305942864148
690	MvSl-1064-A2-R4_MC07g08425	-0.559627386269753	0.0351242317689478
691	MvSl-1064-A2-R4_MC07g08426	-1.10433535819738	1.39833954757318e-07
692	MvSl-1064-A2-R4_MC07g08428	-0.695038151996111	0.0135496420558777
693	MvSl-1064-A2-R4_MC07g08462	-0.678832716037786	0.00584379085426265
694	MvSl-1064-A2-R4_MC07g08463	-1.21253089714649	0.0307907184527295
695	MvSl-1064-A2-R4_MC07g08464	-0.535713029823589	0.0456804108873379
696	MvSl-1064-A2-R4_MC07g08466	-1.05880372093799	0.00606371073340717
697	MvSl-1064-A2-R4_MC07g08471	-0.974358095982794	6.01647421373937e-05
698	MvSl-1064-A2-R4_MC07g08473	-3.00554590495827	2.12183847882392e-32
699	MvSl-1064-A2-R4_MC07g08474	-3.7608292377292	1.04147257915392e-43
700	MvSl-1064-A2-R4_MC07g08498	-1.30933055400529	5.96884864517619e-05
701	MvSl-1064-A2-R4_MC07g08504	-0.633260905821127	0.00639382640090059
702	MvSl-1064-A2-R4_MC08-1g08542	-6.24455563613857	1.41216922936766e-40
703	MvSl-1064-A2-R4_MC08-1g08552	-0.759112712461033	0.0013157070520022
704	MvSl-1064-A2-R4_MC08-1g08563	-1.5025987530977	0.00114147181150529
705	MvSl-1064-A2-R4_MC08-1g08566	-0.807995555256401	0.0008934861455356
706	MvSl-1064-A2-R4_MC08-1g08594	-0.955998228642308	3.09547565108045e-05
707	MvSl-1064-A2-R4_MC08-1g08602	-2.02716601325102	5.48395560497712e-06
708	MvSl-1064-A2-R4_MC08-1g08603	-1.23030377309399	6.30402045194768e-06
709	MvSl-1064-A2-R4_MC08-1g08608	-0.604025178971217	0.0337289310938089
710	MvSl-1064-A2-R4_MC08-1g08625	-0.835119264196084	0.000489472726777945
711	MvSl-1064-A2-R4_MC08-1g08626	-1.47510712134965	1.11604143890253e-11
712	MvSl-1064-A2-R4_MC08-1g08647	-0.548492073118536	0.0304886434549988
713	MvSl-1064-A2-R4_MC08-1g08679	-0.497955963249163	0.0293600124110664
714	MvSl-1064-A2-R4_MC08-1g08693	-0.696387294428836	0.000604622042306036
715	MvSl-1064-A2-R4_MC08-1g08696	-0.51337537685059	0.0265926797112137
716	MvSl-1064-A2-R4_MC08-1g08697	-0.546412214374114	0.0136147743891155
717	MvSl-1064-A2-R4_MC08-1g08710	-0.889584968503893	1.27300533569614e-05
718	MvSl-1064-A2-R4_MC08-1g08717	-0.516524219881785	0.0214022446146497
719	MvSl-1064-A2-R4_MC08-1g08734	-0.868786444543117	0.0407690689480229
720	MvSl-1064-A2-R4_MC08-1g08742	-1.51476959053606	3.97476479710943e-05
721	MvSl-1064-A2-R4_MC08-1g08744	-5.80377390683152	1.69839978737138e-30
722	MvSl-1064-A2-R4_MC08-1g08745	-10.3793503707503	5.61943052367804e-26
723	MvSl-1064-A2-R4_MC08-1g08746	-12.6666081262575	1.73156573061907e-106
724	MvSl-1064-A2-R4_MC08-1g08747	-12.9413126556689	2.06285279806636e-134
725	MvSl-1064-A2-R4_MC08-1g08769	-1.71291465925423	6.6591117659749e-14
726	MvSl-1064-A2-R4_MC08-1g08775	-0.683567697309407	0.00414094709869758
727	MvSl-1064-A2-R4_MC08-1g08788	-0.689167127552803	0.016313856335973
728	MvSl-1064-A2-R4_MC08-1g08803	-0.634156539363859	0.0118558335122039
729	MvSl-1064-A2-R4_MC08-1g08807	-0.675362905501128	0.0201871014940659
730	MvSl-1064-A2-R4_MC08-1g08812	-0.571618866834499	0.0332657119184595
731	MvSl-1064-A2-R4_MC08-1g08820	-0.525936362321549	0.0336441349744902
732	MvSl-1064-A2-R4_MC08-1g08829	-0.663415500171822	0.0185304442200072
733	MvSl-1064-A2-R4_MC08-1g08893	-4.38869044745645	2.59345533480184e-18
734	MvSl-1064-A2-R4_MC08-1g08927	-0.792649469650175	0.00341805596097903
735	MvSl-1064-A2-R4_MC08-1g08934	-0.552035784926839	0.0263851294375258
736	MvSl-1064-A2-R4_MC08-1g08935	-0.605598797154665	0.0285236485295952
737	MvSl-1064-A2-R4_MC08-1g08936	-0.813471652736265	0.0193114946416381
738	MvSl-1064-A2-R4_MC08-1g08937	-0.541809614271833	0.027854132700888
739	MvSl-1064-A2-R4_MC08-1g08944	-0.756455125317943	0.00111577686015754
740	MvSl-1064-A2-R4_MC08-1g08986	-0.553464842737694	0.0241655248937888
741	MvSl-1064-A2-R4_MC08-2g09057	-2.17465489000868	1.84097907216936e-11
742	MvSl-1064-A2-R4_MC08-2g09058	-2.25515130237343	1.41685664574697e-25
743	MvSl-1064-A2-R4_MC08-2g09071	-0.708480963617869	0.00719721496822521
744	MvSl-1064-A2-R4_MC08-2g09088	-1.00537802821639	0.00440435778714125
745	MvSl-1064-A2-R4_MC08-2g09092	-1.60214632187548	2.5303442924396e-08
746	MvSl-1064-A2-R4_MC08-2g09098	-2.71115439944815	3.35305885431859e-26
747	MvSl-1064-A2-R4_MC08-2g09099	-1.59304242951493	0.0111485557962673
748	MvSl-1064-A2-R4_MC08-2g09105	-0.80149821213858	0.0101975473408705
749	MvSl-1064-A2-R4_MC08-2g09107	-0.641928992905775	0.00561720421427411
750	MvSl-1064-A2-R4_MC08-2g09109	-0.739950601051454	0.00495840966557189
751	MvSl-1064-A2-R4_MC08-2g09134	-0.857996740055661	0.00891715586610846
752	MvSl-1064-A2-R4_MC08-2g09136	-2.99146618853165	1.48683127954712e-25
753	MvSl-1064-A2-R4_MC08-2g09141	-2.65102320735493	5.10202651944628e-26
754	MvSl-1064-A2-R4_MC08-2g09142	-2.65094050271865	1.54073060763397e-32
755	MvSl-1064-A2-R4_MC09g09191	-1.19024318264945	0.00549287326997502
756	MvSl-1064-A2-R4_MC09g09214	-3.89413072575682	2.62901233845638e-12
757	MvSl-1064-A2-R4_MC09g09215	-0.757928911932649	0.00052014796183209
758	MvSl-1064-A2-R4_MC09g09236	-0.950317128375386	0.000223096876894741
759	MvSl-1064-A2-R4_MC09g09240	-0.761771978956323	0.00970919622721132
760	MvSl-1064-A2-R4_MC09g09261	-0.743696645842505	0.000483643302128724
761	MvSl-1064-A2-R4_MC09g09265	-0.510108026222665	0.0250249136121982
762	MvSl-1064-A2-R4_MC09g09276	-0.539922785969959	0.0485877399809899
763	MvSl-1064-A2-R4_MC09g09283	-1.20695554590464	0.00498800269422047
764	MvSl-1064-A2-R4_MC09g09286	-0.708376623688471	0.00227257004952522
765	MvSl-1064-A2-R4_MC09g09303	-0.486212299683048	0.0389029374700979
766	MvSl-1064-A2-R4_MC09g09325	-1.53627748352356	3.68786138268065e-08
767	MvSl-1064-A2-R4_MC09g09326	-1.08465541865533	0.000116927138090375
768	MvSl-1064-A2-R4_MC09g09328	-1.4622032776857	1.69863124920891e-10
769	MvSl-1064-A2-R4_MC09g09344	-0.815475612325233	0.00012509386611758
770	MvSl-1064-A2-R4_MC09g09347	-0.652019887768645	0.01054691387365
771	MvSl-1064-A2-R4_MC09g09353	-1.21937942351428	0.00332958315152223
772	MvSl-1064-A2-R4_MC09g09359	-0.584185495060145	0.0247895774226403
773	MvSl-1064-A2-R4_MC09g09398	-1.70233127367801	4.760145896373e-11
774	MvSl-1064-A2-R4_MC09g09404	-1.6332121564145	3.93089154538281e-07
775	MvSl-1064-A2-R4_MC09g09406	-3.34477307595086	7.35987705336119e-14
776	MvSl-1064-A2-R4_MC09g09407	-2.90708196037621	1.06801085594945e-18
777	MvSl-1064-A2-R4_MC09g09416	-1.35952686539102	2.01553445760295e-08
778	MvSl-1064-A2-R4_MC09g09435	-1.20776960267852	1.34006605603126e-06
779	MvSl-1064-A2-R4_MC09g09438	-0.587741687009561	0.0071624359737441
780	MvSl-1064-A2-R4_MC09g09440	-0.732462601588657	0.00379465664332176
781	MvSl-1064-A2-R4_MC09g09454	-1.13160746379844	3.45498854260302e-05
782	MvSl-1064-A2-R4_MC09g09466	-1.22847869464169	1.63656117948759e-09
783	MvSl-1064-A2-R4_MC09g09469	-0.707539459958325	0.0129747024209517
784	MvSl-1064-A2-R4_MC09g09470	-0.973565965126282	0.00264148841471532
785	MvSl-1064-A2-R4_MC09g09489	-0.628424318004785	0.00395349736742875
786	MvSl-1064-A2-R4_MC09g09499	-0.633793102466432	0.00461704100494663
787	MvSl-1064-A2-R4_MC09g09500	-0.804013654596361	0.000902630124085304
788	MvSl-1064-A2-R4_MC09g09501	-0.825420235238408	0.000848951552875119
789	MvSl-1064-A2-R4_MC09g09512	-0.495503655480295	0.0338683387364469
790	MvSl-1064-A2-R4_MC09g09521	-0.895707015105816	0.00372021974110558
791	MvSl-1064-A2-R4_MC09g09529	-0.967675245884202	2.42519713584224e-06
792	MvSl-1064-A2-R4_MC09g09530	-0.852870715922023	0.00467488342583603
793	MvSl-1064-A2-R4_MC09g09543	-1.74879808857564	3.42755501368496e-05
794	MvSl-1064-A2-R4_MC09g09551	-0.535303083958558	0.0437131762874303
795	MvSl-1064-A2-R4_MC09g09554	-0.682770668856824	0.00502403965648624
796	MvSl-1064-A2-R4_MC09g09557	-1.01038564316412	0.000188504261081958
797	MvSl-1064-A2-R4_MC09g09563	-0.965586295924572	1.27300533569614e-05
798	MvSl-1064-A2-R4_MC09g09566	-0.72460330181445	0.0189408389179617
799	MvSl-1064-A2-R4_MC09g09567	-0.542870629834558	0.0325821416189481
800	MvSl-1064-A2-R4_MC09g09579	-1.93603596563766	1.33803009361811e-06
801	MvSl-1064-A2-R4_MC09g09587	-0.545775996182629	0.00992615965794729
802	MvSl-1064-A2-R4_MC09g09598	-0.595443906614613	0.0125562822839069
803	MvSl-1064-A2-R4_MC09g09638	-0.652194880912998	0.00366347621960101
804	MvSl-1064-A2-R4_MC09g09647	-2.34814307824958	5.22378259303693e-07
805	MvSl-1064-A2-R4_MC09g09648	-0.818641304978551	0.000751417383504086
806	MvSl-1064-A2-R4_MC09g09670	-0.89088790246067	9.71764236394556e-05
807	MvSl-1064-A2-R4_MC09g09672	-0.695219635604694	0.000879835851320208
808	MvSl-1064-A2-R4_MC09g09686	-0.615826256739856	0.0124896349587291
809	MvSl-1064-A2-R4_MC09g09689	-1.03422166220504	4.64253054504593e-05
810	MvSl-1064-A2-R4_MC09g09693	-1.37205716469554	2.42130804329323e-09
811	MvSl-1064-A2-R4_MC09g09705	-0.749964995948107	0.00233809136221492
812	MvSl-1064-A2-R4_MC09g09714	-0.935919060563467	1.58810550058397e-06
813	MvSl-1064-A2-R4_MC09g09731	-0.835918914421711	0.000788511854722226
814	MvSl-1064-A2-R4_MC09g09743	-1.60487613514971	3.11917048768647e-14
815	MvSl-1064-A2-R4_MC09g09744	-0.647802565864859	0.0286448358121821
816	MvSl-1064-A2-R4_MC09g09750	-1.32480829420895	0.0274151445348553
817	MvSl-1064-A2-R4_MC09g09751	-1.15512089324642	0.0191401290620293
818	MvSl-1064-A2-R4_MC09g09759	-2.20476255370563	1.20896163069412e-15
819	MvSl-1064-A2-R4_MC09g09760	-2.58886596029868	9.74347673754565e-15
820	MvSl-1064-A2-R4_MC09g09761	-2.5936268451846	1.9417982807754e-19
821	MvSl-1064-A2-R4_MC09g09762	-2.7145949157361	8.25152479774556e-18
822	MvSl-1064-A2-R4_MC09g09763	-2.446640562332	9.5442469305093e-17
823	MvSl-1064-A2-R4_MC09g09764	-1.999737445165	5.96164229479034e-10
824	MvSl-1064-A2-R4_MC09g09782	-0.59841348268949	0.0345811140475174
825	MvSl-1064-A2-R4_MC09g09783	-1.42519623462956	1.02132671081328e-10
826	MvSl-1064-A2-R4_MC09g09785	-1.03599325547713	2.01321157131807e-05
827	MvSl-1064-A2-R4_MC09g09806	-1.01009834901311	0.000146642428123714
828	MvSl-1064-A2-R4_MC09g09826	-0.893118605189663	0.000492077286092412
829	MvSl-1064-A2-R4_MC09g09835	-0.622425583517893	0.0188121667416111
830	MvSl-1064-A2-R4_MC09g09836	-0.552776200077099	0.0199025168135149
831	MvSl-1064-A2-R4_MC10g09863	-0.722825867391389	0.0326195976642968
832	MvSl-1064-A2-R4_MC10g09882	-0.847175495605955	0.00159785604759079
833	MvSl-1064-A2-R4_MC10g09889	-4.0386771497354	4.29119084125797e-09
834	MvSl-1064-A2-R4_MC10g09895	-1.3751625694482	1.11934502496672e-07
835	MvSl-1064-A2-R4_MC10g09902	-1.24054232409681	2.32839503845854e-08
836	MvSl-1064-A2-R4_MC10g09906	-0.556589061092308	0.031736670018932
837	MvSl-1064-A2-R4_MC10g09909	-1.47210941734045	7.34622519942051e-11
838	MvSl-1064-A2-R4_MC10g09923	-1.22739883883566	3.81837767244304e-08
839	MvSl-1064-A2-R4_MC10g09956	-0.753424401370109	0.000282269167382803
840	MvSl-1064-A2-R4_MC10g09958	-0.859471914894136	0.0015049798211307
841	MvSl-1064-A2-R4_MC10g09964	-0.964932348705626	0.000101203645104267
842	MvSl-1064-A2-R4_MC10g09971	-1.54445144373256	1.65185273208521e-11
843	MvSl-1064-A2-R4_MC10g09986	-0.750699621336117	0.00191229747872438
844	MvSl-1064-A2-R4_MC10g09988	-0.534938322545192	0.0114880764017407
845	MvSl-1064-A2-R4_MC10g09991	-2.52432457971086	6.62696105299463e-11
846	MvSl-1064-A2-R4_MC10g09992	-0.831035804418381	0.000154751321506314
847	MvSl-1064-A2-R4_MC10g10019	-2.65607682423909	5.91444360349017e-05
848	MvSl-1064-A2-R4_MC10g10031	-1.5175658390347	2.1272074481874e-11
849	MvSl-1064-A2-R4_MC10g10043	-1.07863873739954	4.53885800485487e-07
850	MvSl-1064-A2-R4_MC10g10057	-0.627587481457387	0.0144577017434591
851	MvSl-1064-A2-R4_MC10g10067	-0.466447364030526	0.0418557416542109
852	MvSl-1064-A2-R4_MC10g10075	-0.762077599505778	0.000577891413774409
853	MvSl-1064-A2-R4_MC10g10081	-1.08251462773159	0.00148485633657871
854	MvSl-1064-A2-R4_MC10g10086	-2.67314411510626	1.01807629726981e-11
855	MvSl-1064-A2-R4_MC10g10141	-1.2429529572251	3.36743902837708e-06
856	MvSl-1064-A2-R4_MC10g10143	-0.581159851024878	0.0242082158141197
857	MvSl-1064-A2-R4_MC10g10149	-1.61110425491884	0.00054996343011035
858	MvSl-1064-A2-R4_MC10g10151	-0.452992169749705	0.0463102941362328
859	MvSl-1064-A2-R4_MC10g10162	-0.738433072699884	0.029089842274142
860	MvSl-1064-A2-R4_MC10g10194	-1.12329861619982	4.15561904817971e-08
861	MvSl-1064-A2-R4_MC10g10200	-0.61526699520156	0.0204604710454369
862	MvSl-1064-A2-R4_MC10g10225	-1.59901781171464	3.40937368668399e-09
863	MvSl-1064-A2-R4_MC10g10228	-5.73962834299482	3.00415402564308e-74
864	MvSl-1064-A2-R4_MC10g10232	-0.92298582045737	0.00171223317063225
865	MvSl-1064-A2-R4_MC10g10241	-0.728799548287114	0.000306006644362675
866	MvSl-1064-A2-R4_MC10g10247	-0.60464494702162	0.0102279864809177
867	MvSl-1064-A2-R4_MC10g10252	-1.37773008760634	1.92132245519793e-10
868	MvSl-1064-A2-R4_MC10g10253	-1.06371487076712	1.21233551917903e-05
869	MvSl-1064-A2-R4_MC10g10278	-2.78491266117267	7.2628071531804e-19
870	MvSl-1064-A2-R4_MC10g10280	-0.938049242250581	0.000480330713730077
871	MvSl-1064-A2-R4_MC10g10283	-0.740820780467618	0.000346693432325198
872	MvSl-1064-A2-R4_MC10g10300	-3.28879595883937	1.64404948288709e-42
873	MvSl-1064-A2-R4_MC10g10302	-2.42210028671189	9.46894000359186e-24
874	MvSl-1064-A2-R4_MC10g10303	-0.656454626928085	0.00223134010761112
875	MvSl-1064-A2-R4_MC10g10332	-2.86453538699857	6.88682423126717e-24
876	MvSl-1064-A2-R4_MC10g10338	-1.14527199899798	3.61224813265331e-06
877	MvSl-1064-A2-R4_MC10g10342	-1.36579955093207	3.66709629671401e-05
878	MvSl-1064-A2-R4_MC10g10349	-0.610190816629339	0.00873927579999977
879	MvSl-1064-A2-R4_MC10g10364	-1.89156601635325	1.04492391735733e-08
880	MvSl-1064-A2-R4_MC10g10365	-9.21680627498117	2.98982358251624e-108
881	MvSl-1064-A2-R4_MC10g10369	-0.602162532885641	0.0433652916603318
882	MvSl-1064-A2-R4_MC10g10379	-4.64219310555849	6.46850889097839e-49
883	MvSl-1064-A2-R4_MC10g10382	-1.25100676225789	0.000212895786885903
884	MvSl-1064-A2-R4_MC10g10383	-1.53120421092265	7.52267693921484e-06
885	MvSl-1064-A2-R4_MC11g10419	-0.593598645790623	0.0287633008854075
886	MvSl-1064-A2-R4_MC11g10433	-1.80618472131213	8.97225410807806e-09
887	MvSl-1064-A2-R4_MC11g10469	-0.770697478651551	0.000967232440870217
888	MvSl-1064-A2-R4_MC11g10474	-0.658423189942378	0.00545799052133463
889	MvSl-1064-A2-R4_MC11g10497	-2.11309011483649	4.62575849449481e-12
890	MvSl-1064-A2-R4_MC11g10499	-1.72416987054574	1.10915974522927e-05
891	MvSl-1064-A2-R4_MC11g10546	-1.05720496228554	0.0437361068523813
892	MvSl-1064-A2-R4_MC11g10560	-0.975524791775817	0.000822622089287154
893	MvSl-1064-A2-R4_MC11g10566	-1.77600665252089	5.47262223730948e-14
894	MvSl-1064-A2-R4_MC11g10567	-4.07873444843379	1.54205468875516e-46
895	MvSl-1064-A2-R4_MC11g10614	-1.52378007535912	3.71146050888523e-08
896	MvSl-1064-A2-R4_MC11g10615	-1.41930870043697	6.19088765258767e-10
897	MvSl-1064-A2-R4_MC11g10632	-5.59050059131597	5.34055252755041e-111
898	MvSl-1064-A2-R4_MC11g10640	-1.1054957430922	2.12197487396372e-06
899	MvSl-1064-A2-R4_MC11g10641	-0.66580349345282	0.00254840534764015
900	MvSl-1064-A2-R4_MC11g10661	-4.79369369920674	8.33538819970345e-22
901	MvSl-1064-A2-R4_MC11g10683	-0.787845157464257	0.000244241172144245
902	MvSl-1064-A2-R4_MC11g10694	-0.930490057492463	0.00362780922881285
903	MvSl-1064-A2-R4_MC11g10706	-5.59867477327996	1.75733274829343e-09
904	MvSl-1064-A2-R4_MC11g10739	-2.10238192504437	1.4097018064789e-06
905	MvSl-1064-A2-R4_MC11g10751	-0.971209762407109	0.000538972716043995
906	MvSl-1064-A2-R4_MC11g10799	-0.894443700201782	9.53646014400428e-06
907	MvSl-1064-A2-R4_MC11g10804	-1.09317170876577	2.66461458897956e-06
908	MvSl-1064-A2-R4_MC11g10812	-1.46648467696424	2.28351166930183e-10
909	MvSl-1064-A2-R4_MC11g10858	-1.058007368848	0.00610628301730724
910	MvSl-1064-A2-R4_MC11g10884	-0.90934845903681	0.00309997343188371
911	MvSl-1064-A2-R4_MC11g10917	-2.03771999139075	2.14736468114962e-05
912	MvSl-1064-A2-R4_MC11g10943	-0.765863099712516	0.00566005110710937
913	MvSl-1064-A2-R4_MC11g10952	-2.02898164579638	8.53448781270514e-05
914	MvSl-1064-A2-R4_MC11g10978	-0.520183257271401	0.0174716486961314
915	MvSl-1064-A2-R4_MC11g10987	-0.998918585645086	6.95035279336339e-05
916	MvSl-1064-A2-R4_MC11g11004	-2.10115798071514	0.000402808023545478
917	MvSl-1064-A2-R4_MC12g11024	-2.72666199029821	3.83967751582095e-14
918	MvSl-1064-A2-R4_MC12g11026	-1.43131940914957	4.80842454632898e-13
919	MvSl-1064-A2-R4_MC12g11027	-3.02265590151448	6.58866625575129e-08
920	MvSl-1064-A2-R4_MC12g11034	-0.714338693991818	0.00436829905622629
921	MvSl-1064-A2-R4_MC12g11058	-1.43124058033789	1.2651655233363e-13
922	MvSl-1064-A2-R4_MC12g11087	-9.62406279456419	8.63830217869623e-164
923	MvSl-1064-A2-R4_MC12g11089	-0.87782448878678	0.00171388863274414
924	MvSl-1064-A2-R4_MC12g11090	-3.78914352552406	3.94900433546504e-41
925	MvSl-1064-A2-R4_MC12g11096	-1.12101036540078	0.0019509013590283
926	MvSl-1064-A2-R4_MC12g11100	-0.677303420212083	0.0222924540798113
927	MvSl-1064-A2-R4_MC12g11101	-0.646484156034332	0.00194155158953757
928	MvSl-1064-A2-R4_MC12g11103	-2.42128592938662	8.41457745295235e-15
929	MvSl-1064-A2-R4_MC12g11112	-2.52625481818633	1.23676218786434e-10
930	MvSl-1064-A2-R4_MC12g11113	-9.95074396735522	1.92312021688848e-179
931	MvSl-1064-A2-R4_MC12g11114	-1.72979746185125	1.79673140339041e-17
932	MvSl-1064-A2-R4_MC12g11119	-0.496340328579747	0.0420382210739956
933	MvSl-1064-A2-R4_MC12g11122	-0.719964581380702	0.0247209956047419
934	MvSl-1064-A2-R4_MC12g11123	-2.27293266162294	1.38333913223158e-20
935	MvSl-1064-A2-R4_MC12g11128	-2.85086320466092	6.59798638709388e-08
936	MvSl-1064-A2-R4_MC12g11132	-1.1224820868816	0.0049959760256283
937	MvSl-1064-A2-R4_MC12g11144	-0.744888336993138	0.00031904824084826
938	MvSl-1064-A2-R4_MC12g11155	-0.935266805741498	0.00480255361612093
939	MvSl-1064-A2-R4_MC12g11164	-0.805365493202396	0.00846730366933848
940	MvSl-1064-A2-R4_MC12g11166	-0.8518842839259	0.00414094709869758
941	MvSl-1064-A2-R4_MC12g11169	-0.631136135102299	0.00494436273736884
942	MvSl-1064-A2-R4_MC12g11186	-3.52371053052651	1.04147257915392e-43
943	MvSl-1064-A2-R4_MC12g11209	-0.98415305549082	0.00737287504939104
944	MvSl-1064-A2-R4_MC12g11219	-0.5789505534389	0.0121255946068224
945	MvSl-1064-A2-R4_MC12g11221	-2.30576326473725	4.64554194541927e-14
946	MvSl-1064-A2-R4_MC12g11231	-0.908721371222136	0.00132902300259035
947	MvSl-1064-A2-R4_MC12g11232	-0.567719255477996	0.0205607022868243
948	MvSl-1064-A2-R4_MC12g11239	-0.524738759683636	0.0188799530826719
949	MvSl-1064-A2-R4_MC12g11248	-1.00735373535624	0.0185003698081252
950	MvSl-1064-A2-R4_MC12g11249	-2.30220876478643	2.83732032689007e-11
951	MvSl-1064-A2-R4_MC12g11269	-1.016429406554	0.00580946212336452
952	MvSl-1064-A2-R4_MC12g11279	-0.812141337440831	0.0241655248937888
953	MvSl-1064-A2-R4_MC12g11288	-0.941726318093754	7.67216181793728e-05
954	MvSl-1064-A2-R4_MC12g11292	-0.72256757701814	0.0390172823191673
955	MvSl-1064-A2-R4_MC12g11301	-2.03017712010956	6.92154714091663e-17
956	MvSl-1064-A2-R4_MC12g11305	-4.97934728320381	6.92233910211044e-43
957	MvSl-1064-A2-R4_MC12g11306	-0.504992483984076	0.0360196855879992
958	MvSl-1064-A2-R4_MC12g11318	-0.531511122204242	0.0342679896448081
959	MvSl-1064-A2-R4_MC12g11322	-0.64730806614536	0.00697927332016102
960	MvSl-1064-A2-R4_MC12g11336	-1.44041424442544	0.00849339686077628
961	MvSl-1064-A2-R4_MC12g11337	-0.559606931211279	0.0241127783523031
962	MvSl-1064-A2-R4_MC12g11357	-0.804623451685334	0.00593964210751947
963	MvSl-1064-A2-R4_MC12g11358	-1.98340096898773	0.000217289932365353
964	MvSl-1064-A2-R4_MC12g11374	-0.567541358599045	0.0148238636937568
965	MvSl-1064-A2-R4_MC12g11387	-1.05974490588955	1.86957354521213e-05
966	MvSl-1064-A2-R4_MC12g11391	-0.886854747682886	0.0190996849146699
967	MvSl-1064-A2-R4_MC12g11393	-0.709662989763962	0.012647352410181
968	MvSl-1064-A2-R4_MC12g11397	-0.733256341102502	0.00599864142993942
969	MvSl-1064-A2-R4_MC12g11425	-1.06687927497813	5.9985266168612e-07
970	MvSl-1064-A2-R4_MC12g11446	-2.53663022366527	5.80670354914765e-26
971	MvSl-1064-A2-R4_MC12g11465	-0.649929720562746	0.0110336384129693
972	MvSl-1064-A2-R4_MC12g11466	-0.913871175395822	0.000495121524795641
973	MvSl-1064-A2-R4_MC12g11491	-1.40198893055573	5.12426816529969e-09
974	MvSl-1064-A2-R4_MC12g11495	-1.27183710730585	1.03784967992564e-08
975	MvSl-1064-A2-R4_MC12g11536	-0.905760913668981	1.64401660431398e-05
976	MvSl-1064-A2-R4_MC12g11537	-0.928132430715785	0.00291257743096266
977	MvSl-1064-A2-R4_MC13g11561	-1.47324114490826	0.0024048408475733
978	MvSl-1064-A2-R4_MC13g11589	-0.963145844822745	0.00265123592346746
979	MvSl-1064-A2-R4_MC13g11599	-1.65349120162854	3.01199250033809e-12
980	MvSl-1064-A2-R4_MC13g11607	-1.65349127776541	2.95029054618613e-12
981	MvSl-1064-A2-R4_MC13g11622	-1.96492204628483	9.5700314636581e-06
982	MvSl-1064-A2-R4_MC13g11640	-0.68487731108444	0.00867285773810256
983	MvSl-1064-A2-R4_MC13g11657	-2.11276291796369	1.41982605078841e-12
984	MvSl-1064-A2-R4_MC13g11661	-0.875347722768129	0.00469047185620249
985	MvSl-1064-A2-R4_MC13g11682	-8.59337694457011	4.82827874894033e-182
986	MvSl-1064-A2-R4_MC13g11683	-1.64880389770485	3.96609596401462e-12
987	MvSl-1064-A2-R4_MC13g11704	-1.45816989041637	1.2112195756771e-09
988	MvSl-1064-A2-R4_MC13g11707	-0.504235913105249	0.0241127783523031
989	MvSl-1064-A2-R4_MC13g11710	-1.57086551229637	4.49869900844365e-12
990	MvSl-1064-A2-R4_MC13g11712	-0.738730237084489	0.00553169901165796
991	MvSl-1064-A2-R4_MC13g11720	-1.42324411088719	0.00174598916513107
992	MvSl-1064-A2-R4_MC13g11722	-0.45757921599199	0.044804331729555
993	MvSl-1064-A2-R4_MC13g11726	-4.58421794703251	3.79634469450237e-35
994	MvSl-1064-A2-R4_MC13g11727	-2.00753113185899	0.000228868713402274
995	MvSl-1064-A2-R4_MC13g11736	-3.38181935692434	1.92661377187542e-18
996	MvSl-1064-A2-R4_MC13g11749	-2.11710741653351	0.00960803251174465
997	MvSl-1064-A2-R4_MC13g11783	-0.6794744105098	0.0170678325426495
998	MvSl-1064-A2-R4_MC13g11786	-0.534402722380044	0.0138722866771386
999	MvSl-1064-A2-R4_MC13g11792	-0.601297770904433	0.00947050759455571
1000	MvSl-1064-A2-R4_MC13g11793	-0.614797453533347	0.0328295445988966
1001	MvSl-1064-A2-R4_MC13g11810	-0.627617971991398	0.0237065915891808
1002	MvSl-1064-A2-R4_MC13g11844	-1.1006975416474	5.28901551834828e-08
1003	MvSl-1064-A2-R4_MC13g11845	-1.21035180833904	4.45445244114514e-06
1004	MvSl-1064-A2-R4_MC13g11874	-2.30468796342277	1.14249854662842e-07
1005	MvSl-1064-A2-R4_MC13g11890	-1.34453702425455	0.00573117023240905
1006	MvSl-1064-A2-R4_MC13g11901	-1.41619977944627	5.51153667070312e-11
1007	MvSl-1064-A2-R4_MC13g11915	-0.704289962652478	0.00282188314257922
1008	MvSl-1064-A2-R4_MC13g11932	-1.06372333122468	3.19103907227083e-06
1009	MvSl-1064-A2-R4_MC14g11992	-0.826263713711584	0.0184741384535879
1010	MvSl-1064-A2-R4_MC14g11996	-0.708769004223518	0.000837628200060444
1011	MvSl-1064-A2-R4_MC14g12001	-7.68296105828677	5.5714380765619e-60
1012	MvSl-1064-A2-R4_MC14g12010	-1.2405920581941	0.000727299291852671
1013	MvSl-1064-A2-R4_MC14g12018	-1.27424554250399	1.65432569931026e-05
1014	MvSl-1064-A2-R4_MC14g12021	-1.95927376153533	2.50023580577926e-24
1015	MvSl-1064-A2-R4_MC14g12022	-1.54093222512695	4.11181126682006e-05
1016	MvSl-1064-A2-R4_MC14g12028	-0.971387805217095	0.00294191080414552
1017	MvSl-1064-A2-R4_MC14g12029	-0.523912327289341	0.0351341520936438
1018	MvSl-1064-A2-R4_MC14g12034	-1.27599075379903	6.53342570234602e-11
1019	MvSl-1064-A2-R4_MC14g12050	-1.19716326342705	0.00485887363919536
1020	MvSl-1064-A2-R4_MC14g12060	-1.27637292202028	0.00381541313122183
1021	MvSl-1064-A2-R4_MC14g12072	-0.571648401985309	0.0243620691868023
1022	MvSl-1064-A2-R4_MC14g12112	-0.735316696534563	0.0198195300996813
1023	MvSl-1064-A2-R4_MC14g12127	-0.563614178845659	0.0285236485295952
1024	MvSl-1064-A2-R4_MC14g12130	-1.90116111330943	2.77070300867785e-15
1025	MvSl-1064-A2-R4_MC14g12132	-1.38167091236223	6.74088334360067e-05
1026	MvSl-1064-A2-R4_MC14g12135	-0.953264785156848	7.18258300063133e-06
1027	MvSl-1064-A2-R4_MC14g12160	-1.1265677671187	0.0112672865582384
1028	MvSl-1064-A2-R4_MC14g12173	-0.851055633535461	0.000161351689183629
1029	MvSl-1064-A2-R4_MC14g12177	-2.35321910143719	0.000404952237468399
1030	MvSl-1064-A2-R4_MC14g12191	-1.66028762693089	0.00707236131293467
1031	MvSl-1064-A2-R4_MC14g12195	-0.530249507360965	0.0221123299503398
1032	MvSl-1064-A2-R4_MC14g12198	-1.24284828165469	2.37513751450166e-10
1033	MvSl-1064-A2-R4_MC14g12212	-0.844601496818392	0.00463219115280542
1034	MvSl-1064-A2-R4_MC14g12218	-0.520416390201826	0.0413971450323399
1035	MvSl-1064-A2-R4_MC15g12273	-0.898826869337258	0.00151982563461915
1036	MvSl-1064-A2-R4_MC15g12278	-0.801247617221555	0.000819777962274802
1037	MvSl-1064-A2-R4_MC15g12283	-1.00368626219218	3.93738771088899e-07
1038	MvSl-1064-A2-R4_MC15g12315	-0.617777675077155	0.0146979795006855
1039	MvSl-1064-A2-R4_MC15g12362	-0.856978308978608	0.00144258095948332
1040	MvSl-1064-A2-R4_MC15g12375	-1.78201755073861	1.36320368553483e-07
1041	MvSl-1064-A2-R4_MC15g12388	-1.18751614391606	0.00400931720078874
1042	MvSl-1064-A2-R4_MC16g12422	-0.590288082167635	0.00978708882697821
1043	MvSl-1064-A2-R4_MC16g12447	-0.586893797757973	0.0153211052733999
1044	MvSl-1064-A2-R4_MC17g12466	-0.728145702936939	0.00354020972295472
1045	MvSl-1064-A2-R4_MC17g12491	-1.4229996559434	1.03829813258586e-05
1046	MvSl-1064-A2-R4_MC17g12492	-0.941718040465441	0.00367078121703793
1047	MvSl-1064-A2-R4_MC17g12493	-2.2733808893546	0.000115685074674762
1048	MvSl-1064-A2-R4_MC17g12496	-4.430771828071	1.17628186338425e-12
