gene	logFC	FDR
1	MvSl-1064-A2-R4_A2g00040	1.74604464550829	0.00152582334516249
2	MvSl-1064-A2-R4_A2g00050	0.769141477377285	0.0250249136121982
3	MvSl-1064-A2-R4_A2g00087	1.37188957444897	0.00849339686077628
4	MvSl-1064-A2-R4_A2g00106	1.37188966832222	0.00849339686077628
5	MvSl-1064-A2-R4_A2g00116	2.29321445668589	2.33498822996696e-05
6	MvSl-1064-A2-R4_A2g00120	0.505282597977936	0.0414390527615489
7	MvSl-1064-A2-R4_A2g00122	2.3544506754468	8.06370083204088e-10
8	MvSl-1064-A2-R4_A2g00132	1.46190555548651	0.00052014796183209
9	MvSl-1064-A2-R4_A2g00133	1.0808176491341	0.00161787832988622
10	MvSl-1064-A2-R4_A2g00135	1.18517303778425	0.00149661364125304
11	MvSl-1064-A2-R4_A2g00136	0.844392036394611	0.0259729193644196
12	MvSl-1064-A2-R4_A2g00139	2.0849842437438	0.000199945787308525
13	MvSl-1064-A2-R4_A2g00140	1.28020045251866	9.46665339785322e-06
14	MvSl-1064-A2-R4_A2g00141	0.805800411855638	0.0431548233897833
15	MvSl-1064-A2-R4_A2g00142	2.48775131869495	3.16091425981192e-09
16	MvSl-1064-A2-R4_A2g00150	1.69647428875459	2.52656963780671e-08
17	MvSl-1064-A2-R4_A2g00152	1.19688644207856	0.00772524053019696
18	MvSl-1064-A2-R4_A2g00155	2.68801739550966	8.28392897739901e-30
19	MvSl-1064-A2-R4_A2g00156	2.76649204764914	3.59648137554198e-06
20	MvSl-1064-A2-R4_A2g00157	3.00332133496773	2.55291440789984e-06
21	MvSl-1064-A2-R4_A2g00158	2.13075952782739	2.79937091500639e-13
22	MvSl-1064-A2-R4_A2g00159	2.06862579435121	0.00157119190402322
23	MvSl-1064-A2-R4_A2g00164	0.875372542499981	0.000320235479175693
24	MvSl-1064-A2-R4_A2g00167	2.31578756434436	8.34688934236753e-06
25	MvSl-1064-A2-R4_A2g00168	1.08759038631159	0.0106443210910366
26	MvSl-1064-A2-R4_A2g00170	1.05585620380908	0.000436604063765426
27	MvSl-1064-A2-R4_A2g00171	1.10861081998438	6.72737771466663e-05
28	MvSl-1064-A2-R4_A2g00173	1.77717185036769	1.49963352485599e-09
29	MvSl-1064-A2-R4_A2g00174	2.31202857295353	5.87118367347435e-26
30	MvSl-1064-A2-R4_A2g00176	2.81123386175909	2.23623562917675e-30
31	MvSl-1064-A2-R4_A2g00178	1.02452087124051	7.53741090773012e-05
32	MvSl-1064-A2-R4_A2g00184	1.23958710064903	1.88416602075431e-05
33	MvSl-1064-A2-R4_A2g00187	1.4514359675501	1.31986945438625e-06
34	MvSl-1064-A2-R4_A2g00189	1.51450939225169	3.94001623036338e-07
35	MvSl-1064-A2-R4_A2g00190	1.80335030279496	7.82289828960734e-05
36	MvSl-1064-A2-R4_A2g00192	1.2632238754048	0.0315101070718299
37	MvSl-1064-A2-R4_A2g00193	2.12657098020242	1.77804049835278e-10
38	MvSl-1064-A2-R4_A2g00194	1.87452285513215	3.86631544477386e-05
39	MvSl-1064-A2-R4_A2g00199	1.98553266537314	6.63843954490347e-13
40	MvSl-1064-A2-R4_A2g00200	0.884969732992302	0.00146245121688367
41	MvSl-1064-A2-R4_A2g00201	1.12622972719892	1.48684414802251e-07
42	MvSl-1064-A2-R4_A2g00202	1.28770401808084	0.00230209035960298
43	MvSl-1064-A2-R4_A2g00215	2.21698277284129	2.56934038218153e-23
44	MvSl-1064-A2-R4_A2g00219	1.32600375474836	0.0187916822140324
45	MvSl-1064-A2-R4_A2g00222	1.56414721640586	0.00250040327025121
46	MvSl-1064-A2-R4_A2g00226	1.11593057351806	3.01938003106742e-05
47	MvSl-1064-A2-R4_A2g00227	1.86841359321622	0.000279090025387382
48	MvSl-1064-A2-R4_A2g00235	0.778230243872549	0.000627138731641707
49	MvSl-1064-A2-R4_A2g00236	1.21402879928449	2.95993980372816e-07
50	MvSl-1064-A2-R4_A2g00237	0.835924300837919	0.0208073917322666
51	MvSl-1064-A2-R4_A2g00240	1.19312349598092	2.69427319254479e-06
52	MvSl-1064-A2-R4_A2g00242	1.23250533090976	0.00107547520088154
53	MvSl-1064-A2-R4_A2g00246	1.14905435247805	4.36220367367852e-06
54	MvSl-1064-A2-R4_A2g00269	2.18908826371604	0.000701822876363783
55	MvSl-1064-A2-R4_A2g00273	0.973729505180933	0.00712329021822515
56	MvSl-1064-A2-R4_A2g00278	2.33774884826558	1.06698696518931e-05
57	MvSl-1064-A2-R4_A2g00282	1.6317502097066	0.000124270237813163
58	MvSl-1064-A2-R4_A2g00283	1.60712684853667	1.43735058459215e-06
59	MvSl-1064-A2-R4_A2g00286	1.8149542381094	0.000953804135059706
60	MvSl-1064-A2-R4_A2g00288	1.79989875757545	0.00238378249191234
61	MvSl-1064-A2-R4_A2g00297	1.40758242668556	6.01987857676376e-11
62	MvSl-1064-A2-R4_A2g00299	0.673098816022043	0.00786268990309262
63	MvSl-1064-A2-R4_A2g00306	0.80648696824217	0.00229280189108258
64	MvSl-1064-A2-R4_A2g00308	0.905406609987225	0.000436392922819611
65	MvSl-1064-A2-R4_A2g00311	0.804923502286882	0.00625411903768371
66	MvSl-1064-A2-R4_A2g00312	1.04957409428213	0.000436392922819611
67	MvSl-1064-A2-R4_A2g00314	0.703707083574164	0.000869333290535074
68	MvSl-1064-A2-R4_A2g00316	1.07664968143077	6.75063117945466e-06
69	MvSl-1064-A2-R4_A2g00319	1.9017577453686	1.34304651958901e-05
70	MvSl-1064-A2-R4_A2g00324	0.87049864774999	0.000124270237813163
71	MvSl-1064-A2-R4_A2g00325	1.50673111934188	9.93167238922622e-14
72	MvSl-1064-A2-R4_A2g00326	1.38146002237258	4.8229632284094e-05
73	MvSl-1064-A2-R4_A2g00327	0.626823992074423	0.0337289310938089
74	MvSl-1064-A2-R4_A2g00330	1.24852015031012	0.000141962192683981
75	MvSl-1064-A2-R4_A2g00331	0.960884714285491	0.0235133043336327
76	MvSl-1064-A2-R4_A2g00339	1.76011247379702	8.45447477333048e-17
77	MvSl-1064-A2-R4_A2g00340	1.20585114253601	2.11041412716265e-07
78	MvSl-1064-A2-R4_A2g00344	1.16435284494058	0.00452031677268032
79	MvSl-1064-A2-R4_A2g00345	1.46069121645649	2.36965499077345e-05
80	MvSl-1064-A2-R4_A2g00353	1.33779776875847	5.61991748617008e-06
81	MvSl-1064-A2-R4_A2g00355	1.92198719008799	2.957306844217e-12
82	MvSl-1064-A2-R4_A2g00357	1.44304481332704	0.000712217647036839
83	MvSl-1064-A2-R4_A2g00358	0.810641011554883	0.0012218478017142
84	MvSl-1064-A2-R4_A2g00359	2.11873924864731	5.3551893778554e-12
85	MvSl-1064-A2-R4_A2g00381	0.866104312789896	0.000399437342231253
86	MvSl-1064-A2-R4_A2g00382	0.732932609632315	0.0157434188277293
87	MvSl-1064-A2-R4_A2g00388	0.762288243759852	0.000429990708289925
88	MvSl-1064-A2-R4_A2g00397	0.97223517154853	9.18721772682259e-05
89	MvSl-1064-A2-R4_A2g00398	1.00416352700771	0.00100800462923425
90	MvSl-1064-A2-R4_A2g00406	1.49114674984066	0.00012509386611758
91	MvSl-1064-A2-R4_A2g00409	0.72610898322887	0.0017223750278202
92	MvSl-1064-A2-R4_A2g00413	2.47103112657481	1.71071702457171e-06
93	MvSl-1064-A2-R4_A2g00416	1.09636306606731	5.5535356356014e-07
94	MvSl-1064-A2-R4_A2g00418	0.507749385105918	0.0430870495111128
95	MvSl-1064-A2-R4_A2g00422	0.742348226962422	0.0202192086861932
96	MvSl-1064-A2-R4_A2g00423	1.21510206453113	0.0129489209205079
97	MvSl-1064-A2-R4_A2g00424	0.791601470645182	0.0260242148378229
98	MvSl-1064-A2-R4_A2g00432	1.21621283470634	5.88150167944937e-06
99	MvSl-1064-A2-R4_A2g00433	1.13263031400384	6.42512512201853e-07
100	MvSl-1064-A2-R4_A2g00434	2.31397227285667	3.94581498635266e-09
101	MvSl-1064-A2-R4_A2g00438	1.03771670647551	0.0140596396223728
102	MvSl-1064-A2-R4_A2g00439	0.881007907035268	0.00273407324739653
103	MvSl-1064-A2-R4_A2g00440	1.40322277243297	0.0103490558834899
104	MvSl-1064-A2-R4_A2g00445	0.945753750056788	0.00344016682996441
105	MvSl-1064-A2-R4_A2g00449	1.5064561347289	0.00375969403643033
106	MvSl-1064-A2-R4_A2g00451	1.14328970486696	0.00708509324550906
107	MvSl-1064-A2-R4_A2g00453	1.26077727854729	6.72977421476226e-07
108	MvSl-1064-A2-R4_A2g00456	0.888534034808668	0.00121744163044765
109	MvSl-1064-A2-R4_A2g00457	2.05363945373807	2.01321157131807e-05
110	MvSl-1064-A2-R4_A2g00458	1.6278710039041	0.00604418944732471
111	MvSl-1064-A2-R4_A2g00460	0.603385978279792	0.0094732141551034
112	MvSl-1064-A2-R4_A2g00461	1.66793140607575	0.00925368978204913
113	MvSl-1064-A2-R4_A2g00463	1.89433487225871	4.24757681736019e-12
114	MvSl-1064-A2-R4_A2g00464	1.66100120483931	0.00123809210273359
115	MvSl-1064-A2-R4_A2g00466	0.676267514560707	0.00625411903768371
116	MvSl-1064-A2-R4_A2g00468	1.34206785171661	0.000169126092791553
117	MvSl-1064-A2-R4_A2g00469	1.79202225298239	8.34738790321432e-14
118	MvSl-1064-A2-R4_A2g00474	1.66100122576395	0.00123809210273359
119	MvSl-1064-A2-R4_A2g00476	0.700976697217804	0.0425627818338893
120	MvSl-1064-A2-R4_A2g00478	1.34206846011881	0.000167684074867283
121	MvSl-1064-A2-R4_A2g00479	1.7920222548541	8.34738790321432e-14
122	MvSl-1064-A2-R4_A2g00483	1.18871455605722	0.000579380185744808
123	MvSl-1064-A2-R4_A2g00485	0.676267580409855	0.00626841811984762
124	MvSl-1064-A2-R4_A2g00487	1.3420688739597	0.000166494029185803
125	MvSl-1064-A2-R4_A2g00488	1.7920223903558	8.17978664576122e-14
126	MvSl-1064-A2-R4_A2g00493	1.66100131903793	0.00123809210273359
127	MvSl-1064-A2-R4_A2g00494	1.57195679218983	4.94026507222826e-06
128	MvSl-1064-A2-R4_A2g00501	2.13108412218073	8.18715816686299e-12
129	MvSl-1064-A2-R4_A2g00502	2.03264330677861	1.42075820153295e-07
130	MvSl-1064-A2-R4_A2g00503	1.74741715539848	2.01321157131807e-05
131	MvSl-1064-A2-R4_A2g00504	1.80765058285907	4.16919835027839e-05
132	MvSl-1064-A2-R4_A2g00505	1.97589823183465	1.69571197812477e-14
133	MvSl-1064-A2-R4_A2g00513	1.64099926785881	6.28086119607326e-09
134	MvSl-1064-A2-R4_A2g00514	1.56160822736027	1.19103371930863e-05
135	MvSl-1064-A2-R4_A2g00521	0.923223576112399	2.63364507574695e-05
136	MvSl-1064-A2-R4_A2g00522	1.94279948533594	1.68987252837188e-08
137	MvSl-1064-A2-R4_A2g00526	1.39208132176233	0.0119451393856074
138	MvSl-1064-A2-R4_A2g00527	2.38917895555566	6.20251150847824e-22
139	MvSl-1064-A2-R4_A2g00528	3.56420283198677	3.56825338684078e-16
140	MvSl-1064-A2-R4_A2g00529	2.53981383475742	1.04095378432161e-31
141	MvSl-1064-A2-R4_A2g00534	1.07942018502552	0.0239518662665755
142	MvSl-1064-A2-R4_A2g00535	1.09952829094019	0.0491155965148363
143	MvSl-1064-A2-R4_A2g00537	1.51776603834513	0.00133747864633291
144	MvSl-1064-A2-R4_A2g00548	0.719364937256803	0.0445766822205504
145	MvSl-1064-A2-R4_A2g00553	2.20136698104134	2.81580262630913e-08
146	MvSl-1064-A2-R4_A2g00554	2.69515723815213	2.49258028637446e-07
147	MvSl-1064-A2-R4_A2g00555	1.65698599996125	0.000359405985891455
148	MvSl-1064-A2-R4_A2g00564	0.976888966459589	5.81787310215737e-05
149	MvSl-1064-A2-R4_A2g00565	1.41307680505066	0.00668113259674933
150	MvSl-1064-A2-R4_A2g00567	0.774358504926784	0.0070026908168573
151	MvSl-1064-A2-R4_A2g00571	1.56903600607715	3.64868748823101e-07
152	MvSl-1064-A2-R4_A2g00572	1.65725299539434	0.000742919518883154
153	MvSl-1064-A2-R4_A2g00573	0.813537097530991	0.0129489209205079
154	MvSl-1064-A2-R4_A2g00580	0.657464991972003	0.0335604070246044
155	MvSl-1064-A2-R4_A2g00587	1.23828406363551	0.00621607479907347
156	MvSl-1064-A2-R4_A2g00589	1.33947299639447	0.0013216826246568
157	MvSl-1064-A2-R4_A2g00593	1.33440526898709	1.30617778126664e-07
158	MvSl-1064-A2-R4_A2g00594	1.15059859231318	0.0102275141473093
159	MvSl-1064-A2-R4_A2g00595	1.07319076267924	0.0221922288139615
160	MvSl-1064-A2-R4_A2g00597	1.37647038569467	5.39081470858654e-08
161	MvSl-1064-A2-R4_A2g00599	0.847833213325217	4.69334976328466e-05
162	MvSl-1064-A2-R4_A2g00603	1.06420534632398	1.22543202356391e-06
163	MvSl-1064-A2-R4_A2g00604	0.870276929178369	0.0309731983119948
164	MvSl-1064-A2-R4_A2g00605	1.19573719724357	4.81515732885617e-06
165	MvSl-1064-A2-R4_A2g00607	1.06192841624124	0.000561948422661181
166	MvSl-1064-A2-R4_A2g00608	0.810018512052023	0.037790592507531
167	MvSl-1064-A2-R4_A2g00609	1.09272411030782	2.74574686416816e-06
168	MvSl-1064-A2-R4_A2g00610	2.20459882097172	8.93586722116225e-10
169	MvSl-1064-A2-R4_A2g00613	1.21215304593702	0.00849339686077628
170	MvSl-1064-A2-R4_A2g00614	1.39616751691394	1.62546138136942e-05
171	MvSl-1064-A2-R4_A2g00616	2.0767024827082	1.72425463939233e-06
172	MvSl-1064-A2-R4_A2g00624	2.697668013461	1.65582172439551e-05
173	MvSl-1064-A2-R4_A2g00625	2.51967333493148	7.10732103085808e-07
174	MvSl-1064-A2-R4_A2g00637	2.00460132366167	3.92340081873631e-10
175	MvSl-1064-A2-R4_A2g00642	1.92392549011443	2.35077932517564e-19
176	MvSl-1064-A2-R4_A2g00646	1.16378874286286	2.15270148046472e-06
177	MvSl-1064-A2-R4_A2g00659	1.80941982828158	0.00216331013049479
178	MvSl-1064-A2-R4_A2g00665	1.15131046804534	0.00013155244737473
179	MvSl-1064-A2-R4_A2g00667	1.02981549456646	0.000115685074674762
180	MvSl-1064-A2-R4_A2g00668	2.08985097434473	7.70322248952498e-06
181	MvSl-1064-A2-R4_A2g00669	1.55457791760883	1.34003757002927e-09
182	MvSl-1064-A2-R4_A2g00671	1.13206968916481	0.00606371073340717
183	MvSl-1064-A2-R4_A2g00673	1.80314546827328	1.24139055957886e-05
184	MvSl-1064-A2-R4_A2g00674	1.4480467842817	0.000846945627627829
185	MvSl-1064-A2-R4_A2g00675	0.823655858397005	0.00416458524130667
186	MvSl-1064-A2-R4_A2g00677	0.940876201471922	0.000122422848737535
187	MvSl-1064-A2-R4_A2g00678	0.949796628414647	0.000108334798538585
188	MvSl-1064-A2-R4_A2g00679	1.24399995291743	3.1504373861005e-07
189	MvSl-1064-A2-R4_A2g00685	2.33179274685538	3.55186958421515e-15
190	MvSl-1064-A2-R4_A2g00686	1.61362537474699	1.33753020358061e-06
191	MvSl-1064-A2-R4_A2g00688	1.88663011676113	7.63955197764928e-11
192	MvSl-1064-A2-R4_A2g00693	1.83467908596193	0.000347726388480954
193	MvSl-1064-A2-R4_A2g00695	0.721978756434635	0.00992615965794729
194	MvSl-1064-A2-R4_A2g00696	3.52598242703613	9.0264164503571e-25
195	MvSl-1064-A2-R4_A2g00697	3.80473088388331	3.58554931119827e-14
196	MvSl-1064-A2-R4_A2g00704	1.54700305480478	0.00167822103596602
197	MvSl-1064-A2-R4_A2g00705	0.920966727105872	0.00375080983244106
198	MvSl-1064-A2-R4_A2g00713	0.713835282660297	0.00432474105650691
199	MvSl-1064-A2-R4_A2g00714	0.874526503249236	0.00157851471031264
200	MvSl-1064-A2-R4_A2g00718	2.12924774633307	3.18946203660525e-07
201	MvSl-1064-A2-R4_A2g00719	2.18342139056294	5.93386893935312e-07
202	MvSl-1064-A2-R4_A2g00720	1.83334996602426	0.000800117180959461
203	MvSl-1064-A2-R4_A2g00722	1.74309279680393	0.00440171456336383
204	MvSl-1064-A2-R4_A2g00723	0.831075858090363	0.033249429325248
205	MvSl-1064-A2-R4_A2g00725	0.835521925989728	0.000155381294384749
206	MvSl-1064-A2-R4_A2g00726	1.94735913567005	3.15105682106763e-05
207	MvSl-1064-A2-R4_A2g00728	1.20582504859028	0.00108694552936479
208	MvSl-1064-A2-R4_A2g00729	1.17642550711278	2.33354869481049e-08
209	MvSl-1064-A2-R4_A2g00731	0.943606561728484	3.23590398258082e-06
210	MvSl-1064-A2-R4_A2g00733	0.633569947916322	0.00719586365976459
211	MvSl-1064-A2-R4_A2g00735	2.37990723294791	1.21558206865242e-12
212	MvSl-1064-A2-R4_A2g00739	4.12478026482435	2.91623958148015e-38
213	MvSl-1064-A2-R4_A2g00740	4.51828826551714	1.53752456593579e-54
214	MvSl-1064-A2-R4_A2g00741	3.69022798147193	4.60056810638491e-15
215	MvSl-1064-A2-R4_A2g00746	1.08587391784342	2.09951182733371e-05
216	MvSl-1064-A2-R4_A2g00749	2.37990723112118	1.21558206865242e-12
217	MvSl-1064-A2-R4_A2g00753	1.14387792648148	0.00112057625602288
218	MvSl-1064-A2-R4_A2g00757	0.964884254813353	1.73870536199265e-06
219	MvSl-1064-A2-R4_A2g00761	0.772498967193659	0.0112678163716296
220	MvSl-1064-A2-R4_A2g00770	0.615917705494049	0.0161889111953348
221	MvSl-1064-A2-R4_A2g00771	1.21494066634373	6.22752136850922e-08
222	MvSl-1064-A2-R4_A2g00772	0.925950718939081	0.0105595759449243
223	MvSl-1064-A2-R4_A2g00779	1.6307527376917	0.00759729219293717
224	MvSl-1064-A2-R4_A2g00781	1.44309014102133	0.0014785043125574
225	MvSl-1064-A2-R4_A2g00784	1.54032955296313	4.05083651299236e-09
226	MvSl-1064-A2-R4_A2g00787	0.814422009055818	0.00884820590470825
227	MvSl-1064-A2-R4_A2g00795	0.721623355003538	0.0306463950180661
228	MvSl-1064-A2-R4_A2g00802	1.13206959951832	0.00606371073340717
229	MvSl-1064-A2-R4_A2g00804	1.40354461222949	2.04674749190835e-09
230	MvSl-1064-A2-R4_A2g00805	1.06987666383613	1.22219682343549e-05
231	MvSl-1064-A2-R4_A2g00806	0.742423846927243	0.00277092834305085
232	MvSl-1064-A2-R4_A2g00808	0.898404823613863	0.000535062951097248
233	MvSl-1064-A2-R4_A2g00810	0.609239195506331	0.0447807519604205
234	MvSl-1064-A2-R4_A2g00813	0.672391321441231	0.0101415442790904
235	MvSl-1064-A2-R4_A2g00814	1.59910764660651	9.51716509659546e-11
236	MvSl-1064-A2-R4_A2g00815	0.974728507821439	0.000142868377038383
237	MvSl-1064-A2-R4_A2g00816	1.08290524333886	1.06698696518931e-05
238	MvSl-1064-A2-R4_A2g00817	2.14267745439375	6.89938798383847e-08
239	MvSl-1064-A2-R4_A2g00819	1.14243988029507	6.45790031453855e-05
240	MvSl-1064-A2-R4_A2g00823	0.629977969222745	0.0161356135513766
241	MvSl-1064-A2-R4_A2g00831	0.763210974900016	0.00748861249805466
242	MvSl-1064-A2-R4_A2g00837	0.751290278709965	0.00709763207064555
243	MvSl-1064-A2-R4_A2g00838	0.795156443234015	0.000175680809724994
244	MvSl-1064-A2-R4_A2g00839	0.82002747091875	0.0135367795392676
245	MvSl-1064-A2-R4_A2g00842	1.39512120823334	0.000147860261042262
246	MvSl-1064-A2-R4_A2g00844	1.22532016205129	0.0214878603770753
247	MvSl-1064-A2-R4_A2g00845	1.234877986186	0.00031257856145553
248	MvSl-1064-A2-R4_A2g00846	0.956707555370981	0.0214878603770753
249	MvSl-1064-A2-R4_A2g00847	1.22306704742551	0.00193162375046693
250	MvSl-1064-A2-R4_A2g00850	1.50742951508075	1.44797327666823e-06
251	MvSl-1064-A2-R4_A2g00851	1.1428226603201	0.00215861458999049
252	MvSl-1064-A2-R4_A2g00853	1.58571546322454	0.0116800218907188
253	MvSl-1064-A2-R4_A2g00854	0.634144653030595	0.0488660404761222
254	MvSl-1064-A2-R4_A2g00857	0.8371905963455	0.0288832084746074
255	MvSl-1064-A2-R4_A2g00858	0.71443282186367	0.00112417948758341
256	MvSl-1064-A2-R4_A2g00859	0.695440001343052	0.000811977218086477
257	MvSl-1064-A2-R4_A2g00860	0.742091771669212	0.0110581314254382
258	MvSl-1064-A2-R4_A2g00873	1.3060224715672	1.2179561842247e-05
259	MvSl-1064-A2-R4_A2g00874	0.695440019505158	0.000816975693771033
260	MvSl-1064-A2-R4_A2g00875	1.12423806729268	0.00327092685315127
261	MvSl-1064-A2-R4_A2g00880	1.24896230888273	6.72737771466663e-05
262	MvSl-1064-A2-R4_A2g00882	2.10636179768886	0.00715449886090078
263	MvSl-1064-A2-R4_A2g00893	1.32483958918365	0.00996371053982876
264	MvSl-1064-A2-R4_A2g00896	1.34465749617864	0.00569268742439271
265	MvSl-1064-A2-R4_A2g00897	0.908705196049127	0.00168544310093358
266	MvSl-1064-A2-R4_A2g00899	0.553710521351237	0.0476322681544338
267	MvSl-1064-A2-R4_A2g00901	1.15267761054371	9.40011022032981e-06
268	MvSl-1064-A2-R4_A2g00905	0.847832340313538	0.00454087158256852
269	MvSl-1064-A2-R4_A2g00906	1.34400465354688	1.05825638997739e-06
270	MvSl-1064-A2-R4_A2g00909	1.25280974858033	0.00112088326119681
271	MvSl-1064-A2-R4_A2g00910	1.18183212089684	0.00174459243249515
272	MvSl-1064-A2-R4_A2g00916	1.00566836854576	0.00965090092951396
273	MvSl-1064-A2-R4_A2g00917	0.902641343469922	0.0432115808679503
274	MvSl-1064-A2-R4_A2g00919	0.827653067922104	0.00670470666039541
275	MvSl-1064-A2-R4_A2g00922	1.05627005029441	0.000393846565822245
276	MvSl-1064-A2-R4_A2g00931	1.47279738578428	2.27846114054973e-11
277	MvSl-1064-A2-R4_A2g00932	1.53889824495421	0.00397373383859684
278	MvSl-1064-A2-R4_A2g00941	1.39271241023565	0.0042330791275706
279	MvSl-1064-A2-R4_A2g00945	1.92373530496658	5.48895709025818e-10
280	MvSl-1064-A2-R4_A2g00950	1.28653390763354	0.0127897001165873
281	MvSl-1064-A2-R4_A2g00954	1.40724000397208	0.00238378249191234
282	MvSl-1064-A2-R4_A2g00956	1.08842042720678	3.28834915807376e-05
283	MvSl-1064-A2-R4_A2g00958	2.84171287452456	2.64794993827727e-22
284	MvSl-1064-A2-R4_A2g00959	1.21574211984269	2.99595179297211e-06
285	MvSl-1064-A2-R4_A2g00960	1.97914081439134	0.00440435778714125
286	MvSl-1064-A2-R4_A2g00962	0.861611743670792	9.69638201039622e-05
287	MvSl-1064-A2-R4_A2g00963	0.847751102934649	0.000189223730599966
288	MvSl-1064-A2-R4_A2g00964	0.992675464626568	0.000769540902850397
289	MvSl-1064-A2-R4_A2g00966	0.875030108297719	0.0151657507339495
290	MvSl-1064-A2-R4_A2g00967	1.12507495108886	8.84495149427689e-07
291	MvSl-1064-A2-R4_A2g00970	0.756602944227016	0.00873927579999977
292	MvSl-1064-A2-R4_A2g00973	1.05325163498842	1.86507296305741e-05
293	MvSl-1064-A2-R4_A2g00977	1.09620623369704	0.000215346555815911
294	MvSl-1064-A2-R4_A2g00979	0.862293857356436	0.00485622798255289
295	MvSl-1064-A2-R4_A2g00980	1.24847822474103	0.00766832846390767
296	MvSl-1064-A2-R4_A2g00981	2.98990368341043	5.93615180164097e-16
297	MvSl-1064-A2-R4_A2g00986	1.07744330981551	7.70348411969015e-05
298	MvSl-1064-A2-R4_A2g00987	1.08794849089685	4.04908334427625e-05
299	MvSl-1064-A2-R4_A2g00988	1.05150573974191	0.000165412116674407
300	MvSl-1064-A2-R4_A2g00990	0.805311468529663	0.0148238636937568
301	MvSl-1064-A2-R4_A2g00992	0.834093879229705	0.00207542340452292
302	MvSl-1064-A2-R4_A2g00996	2.04630143672373	2.15702726306037e-06
303	MvSl-1064-A2-R4_A2g00997	2.7783884017642	1.46892272147266e-35
304	MvSl-1064-A2-R4_A2g00999	0.812898378916909	0.0431548233897833
305	MvSl-1064-A2-R4_A2g01000	0.780929191583014	0.00427307032839238
306	MvSl-1064-A2-R4_A2g01004	0.688699398180367	0.00880562743914574
307	MvSl-1064-A2-R4_A2g01005	0.908733734504856	0.00306367452347263
308	MvSl-1064-A2-R4_A2g01009	0.74084572852668	0.0147269251942008
309	MvSl-1064-A2-R4_A2g01017	1.21226138627539	0.00210615465307254
310	MvSl-1064-A2-R4_A2g01024	1.17817204264303	5.44340014990412e-07
311	MvSl-1064-A2-R4_A2g01026	1.3602347264852	0.0105044964652717
312	MvSl-1064-A2-R4_A2g01027	0.65942173445821	0.0108435172625527
313	MvSl-1064-A2-R4_A2g01031	0.86848623063717	0.00136926171789464
314	MvSl-1064-A2-R4_A2g01032	0.777807764955201	0.00639077518025388
315	MvSl-1064-A2-R4_A2g01034	1.50773145761953	3.05056289582874e-05
316	MvSl-1064-A2-R4_A2g01035	1.33750562109813	0.000882355888397199
317	MvSl-1064-A2-R4_A2g01036	1.69321943847483	1.38174909758477e-16
318	MvSl-1064-A2-R4_A2g01040	1.25224523872973	0.0480932928514868
319	MvSl-1064-A2-R4_A2g01043	1.05398502972577	0.000748858171134568
320	MvSl-1064-A2-R4_A2g01045	2.13535082312752	1.81311823161383e-09
321	MvSl-1064-A2-R4_A2g01046	2.23751283913461	2.95993980372816e-07
322	MvSl-1064-A2-R4_A2g01049	3.6132103688254	8.69041538867453e-10
323	MvSl-1064-A2-R4_A2g01052	1.52133904486871	8.93206350904281e-11
324	MvSl-1064-A2-R4_A2g01054	3.0678614059388	3.38081020259776e-26
325	MvSl-1064-A2-R4_A2g01055	2.98975740450096	4.19551995631877e-26
326	MvSl-1064-A2-R4_A2g01056	2.41484714851852	1.83497179409337e-30
327	MvSl-1064-A2-R4_A2g01057	3.43283422304946	1.10781415299527e-20
328	MvSl-1064-A2-R4_A2g01058	4.02400675718756	2.133240255422e-30
329	MvSl-1064-A2-R4_A2g01063	1.83078088456125	0.00610628301730724
330	MvSl-1064-A2-R4_A2g01065	0.80159566451286	0.0175821857457433
331	MvSl-1064-A2-R4_A2g01067	3.75947435360376	3.48419968843248e-16
332	MvSl-1064-A2-R4_A2g01072	1.55513998675326	5.75881391350578e-08
333	MvSl-1064-A2-R4_A2g01073	3.82188667714458	4.4846857200509e-10
334	MvSl-1064-A2-R4_A2g01076	1.55921241352157	0.00148823873690049
335	MvSl-1064-A2-R4_A2g01080	1.77348019649689	2.25892526130953e-09
336	MvSl-1064-A2-R4_A2g01085	1.64857350031112	0.000149257016732892
337	MvSl-1064-A2-R4_A2g01087	0.930729337443917	2.36459907683228e-05
338	MvSl-1064-A2-R4_A2g01091	1.10590646448749	0.0494094366567031
339	MvSl-1064-A2-R4_A2g01094	2.10636179367904	0.00715449886090078
340	MvSl-1064-A2-R4_A2g01096	1.33563400913622	0.00449270305192825
341	MvSl-1064-A2-R4_A2g01097	1.00510738870135	0.0184702549690355
342	MvSl-1064-A2-R4_A2g01104	1.07513606775992	3.11352050988966e-05
343	MvSl-1064-A2-R4_A2g01109	1.12702005875694	0.00574447214601134
344	MvSl-1064-A2-R4_A2g01113	1.22592416440369	0.0219070416593287
345	MvSl-1064-A2-R4_A2g01114	1.0651000185764	3.79173678555015e-05
346	MvSl-1064-A2-R4_A2g01115	1.57104635868753	3.22506505525567e-05
347	MvSl-1064-A2-R4_A2g01121	1.44926476245889	0.00237421906689632
348	MvSl-1064-A2-R4_A2g01122	1.25981261886604	0.000600812262503847
349	MvSl-1064-A2-R4_A2g01123	0.67386923882065	0.0264988348764233
350	MvSl-1064-A2-R4_A2g01137	0.800436129708781	0.00337915814169527
351	MvSl-1064-A2-R4_A2g01143	2.39255230663636	7.06017399167849e-07
352	MvSl-1064-A2-R4_A2g01144	1.19406199284313	0.00600624815553191
353	MvSl-1064-A2-R4_A2g01145	0.832819983516412	0.00168283691681044
354	MvSl-1064-A2-R4_A2g01148	1.60959462778987	0.0112901583779152
355	MvSl-1064-A2-R4_A2g01150	1.36255650288387	1.85614076479876e-05
356	MvSl-1064-A2-R4_A2g01155	0.866900043541659	0.00216938437413784
357	MvSl-1064-A2-R4_A2g01156	1.10015787032512	0.0115923832012973
358	MvSl-1064-A2-R4_A2g01163	0.851730617303282	0.00492317329695302
359	MvSl-1064-A2-R4_A2g01166	2.30431762542272	9.06542656676227e-05
360	MvSl-1064-A2-R4_A2g01169	1.73853377233189	1.23859083537898e-11
361	MvSl-1064-A2-R4_A2g01170	0.798057149472183	0.000910606080080871
362	MvSl-1064-A2-R4_A2g01171	1.47750899892322	0.00498800269422047
363	MvSl-1064-A2-R4_A2g01176	0.989029334229521	3.28671955626756e-06
364	MvSl-1064-A2-R4_A2g01178	0.945670437539611	0.000168283241004535
365	MvSl-1064-A2-R4_A2g01181	0.909291577451393	0.00953130778172383
366	MvSl-1064-A2-R4_A2g01182	1.08951669422577	3.21684422458149e-06
367	MvSl-1064-A2-R4_A2g01185	0.774632241556211	0.0487464893962447
368	MvSl-1064-A2-R4_A2g01188	1.79766975783792	2.16560869353307e-12
369	MvSl-1064-A2-R4_A2g01189	1.51330529004195	4.20354463222526e-12
370	MvSl-1064-A2-R4_A2g01191	1.74124117882841	6.45955994286995e-06
371	MvSl-1064-A2-R4_A2g01193	1.59055843616556	0.0141453902736692
372	MvSl-1064-A2-R4_A2g01194	1.20989194032469	0.000587159875251565
373	MvSl-1064-A2-R4_A2g01196	1.64498549686607	0.00392336508711172
374	MvSl-1064-A2-R4_A2g01199	1.09993557822376	1.72834047558889e-05
375	MvSl-1064-A2-R4_A2g01201	1.03538073731552	0.00064923029187792
376	MvSl-1064-A2-R4_A2g01212	1.33076435783646	0.0390172823191673
377	MvSl-1064-A2-R4_A2g01221	2.58749951445192	2.64095607248153e-05
378	MvSl-1064-A2-R4_A2g01222	0.804950987617616	0.00809379176935184
379	MvSl-1064-A2-R4_A2g01223	0.711638744870875	0.0474937833982607
380	MvSl-1064-A2-R4_A2g01224	1.00346122573415	0.011946338024649
381	MvSl-1064-A2-R4_A2g01226	1.01944084776449	4.6720052912112e-07
382	MvSl-1064-A2-R4_A2g01232	4.13531269352643	4.72773123454044e-36
383	MvSl-1064-A2-R4_A2g01233	1.29100041684858	2.94793956009157e-05
384	MvSl-1064-A2-R4_A2g01237	1.23864044085503	5.10433779622819e-05
385	MvSl-1064-A2-R4_A2g01241	1.8646026672099	7.09321155256845e-12
386	MvSl-1064-A2-R4_A2g01242	0.683380916102076	0.0022354990578341
387	MvSl-1064-A2-R4_A2g01243	2.0314993677973	1.5642863161998e-17
388	MvSl-1064-A2-R4_A2g01244	1.66508309655359	4.21830739133512e-11
389	MvSl-1064-A2-R4_A2g01245	2.28660511389604	1.24139055957886e-05
390	MvSl-1064-A2-R4_A2g01253	0.940861380724352	0.00199056316629525
391	MvSl-1064-A2-R4_A2g01260	0.57122582901816	0.0300113982520571
392	MvSl-1064-A2-R4_A2g01262	0.494413321097658	0.0416564186891697
393	MvSl-1064-A2-R4_A2g01270	0.747282889697727	0.00174598916513107
394	MvSl-1064-A2-R4_A2g01271	1.07871121700116	0.00472170006468026
395	MvSl-1064-A2-R4_A2g01278	1.10252209179136	6.88850528838387e-06
396	MvSl-1064-A2-R4_A2g01284	0.791396785077731	0.00615079831468166
397	MvSl-1064-A2-R4_A2g01291	1.23764949699095	2.64290096419868e-08
398	MvSl-1064-A2-R4_A2g01292	1.1782184596661	4.52284258803787e-06
399	MvSl-1064-A2-R4_A2g01293	2.44416350155047	1.89812796971277e-05
400	MvSl-1064-A2-R4_A2g01294	1.30433635522777	0.000564518408886031
401	MvSl-1064-A2-R4_A2g01296	1.49563541584291	1.26631902263842e-07
402	MvSl-1064-A2-R4_A2g01297	2.99181293202242	1.21830127174895e-16
403	MvSl-1064-A2-R4_A2g01299	1.72825644881032	0.0255436709611821
404	MvSl-1064-A2-R4_A2g01301	2.30970897965207	1.18070477998095e-07
405	MvSl-1064-A2-R4_A2g01304	1.28175159836847	0.00514497368405371
406	MvSl-1064-A2-R4_A2g01305	0.578439116926651	0.0136070306148005
407	MvSl-1064-A2-R4_A2g01306	1.36204859237208	7.44706548560678e-06
408	MvSl-1064-A2-R4_A2g01319	2.52795149227109	3.16273432364666e-05
409	MvSl-1064-A2-R4_A2g01331	1.1880230949775	0.0249345144249714
410	MvSl-1064-A2-R4_A2g01352	1.88979145209478	0.00440435778714125
411	MvSl-1064-A2-R4_A2g01376	1.11557421222069	0.00894971736329974
412	MvSl-1064-A2-R4_A2g01378	1.4278421472319	0.0222079938261086
413	MvSl-1064-A2-R4_A2g01383	1.29265911101331	2.22630612395751e-07
414	MvSl-1064-A2-R4_A2g01384	1.16752268017523	0.00206092184298609
415	MvSl-1064-A2-R4_A2g01388	1.0613213410121	1.05022517655554e-06
416	MvSl-1064-A2-R4_A2g01390	0.512427763303898	0.0269549284704958
417	MvSl-1064-A2-R4_A2g01395	0.834351770002156	0.0208436637084293
418	MvSl-1064-A2-R4_A2g01396	1.04584784046252	0.00298463521192583
419	MvSl-1064-A2-R4_A2g01397	1.85668117279996	7.83250698725327e-10
420	MvSl-1064-A2-R4_A2g01400	0.933263113909748	0.00159635168532327
421	MvSl-1064-A2-R4_A2g01402	1.08146013124723	0.0398269693005197
422	MvSl-1064-A2-R4_A2g01404	0.713442192980288	0.0380437931420827
423	MvSl-1064-A2-R4_A2g01405	0.957036213257723	0.00637314152687903
424	MvSl-1064-A2-R4_A2g01406	1.13878676146802	0.00484247926295754
425	MvSl-1064-A2-R4_A2g01408	1.72181639499436	0.00112417948758341
426	MvSl-1064-A2-R4_A2g01409	1.17020116341378	4.33607050532876e-07
427	MvSl-1064-A2-R4_A2g01411	1.51507965728661	1.08679183759767e-06
428	MvSl-1064-A2-R4_A2g01412	0.959899739512512	0.000769540902850397
429	MvSl-1064-A2-R4_A2g01414	0.864226303786056	0.0253310852110636
430	MvSl-1064-A2-R4_A2g01420	0.840131934650643	0.00128665898139616
431	MvSl-1064-A2-R4_A2g01421	0.869612989530642	0.0190415769751656
432	MvSl-1064-A2-R4_A2g01424	0.639083854785207	0.0196649068296112
433	MvSl-1064-A2-R4_A2g01430	0.847921801974901	0.000681646710263496
434	MvSl-1064-A2-R4_A2g01433	0.81027132236922	0.0015049798211307
435	MvSl-1064-A2-R4_A2g01434	0.514030859925183	0.0413397127930477
436	MvSl-1064-A2-R4_A2g01439	1.26271610288389	0.0335087697747245
437	MvSl-1064-A2-R4_A2g01440	2.17811588207782	5.60305757740015e-06
438	MvSl-1064-A2-R4_A2g01441	1.09289312926207	5.65319680968246e-07
439	MvSl-1064-A2-R4_A2g01444	1.6790137199034	0.000674542330496643
440	MvSl-1064-A2-R4_A2g01445	0.998618952318161	2.85861081011247e-05
441	MvSl-1064-A2-R4_A2g01446	1.04745080320261	0.000225003299167971
442	MvSl-1064-A2-R4_A2g01448	1.19439539858943	0.0258775783110769
443	MvSl-1064-A2-R4_A2g01451	0.75637930928598	0.0258290434515531
444	MvSl-1064-A2-R4_A2g01453	0.987270019093226	0.0387845184237278
445	MvSl-1064-A2-R4_A2g01455	1.29202009599629	7.29577692533258e-07
446	MvSl-1064-A2-R4_A2g01456	2.26590674181048	9.49944437312109e-07
447	MvSl-1064-A2-R4_A2g01461	1.88547749694929	2.2953209789481e-10
448	MvSl-1064-A2-R4_A2g01462	2.12564987607617	0.000149903226193474
449	MvSl-1064-A2-R4_A2g01463	1.05080279200445	0.0310771293714169
450	MvSl-1064-A2-R4_A2g01464	1.61828046499065	0.00298463521192583
451	MvSl-1064-A2-R4_A2g01470	1.7462355402995	5.1235507844849e-05
452	MvSl-1064-A2-R4_A2g01472	2.04676659396869	0.000231214880613234
453	MvSl-1064-A2-R4_A2g01473	1.24820528908412	0.00199966973992843
454	MvSl-1064-A2-R4_A2g01480	0.743047904087054	0.0174647531108719
455	MvSl-1064-A2-R4_A2g01481	1.11534483024609	0.0255372165905036
456	MvSl-1064-A2-R4_A2g01482	1.02082241475127	0.00553114625888767
457	MvSl-1064-A2-R4_A2g01485	1.12695005693824	0.0256567002453814
458	MvSl-1064-A2-R4_A2g01489	1.32887091374196	4.94026507222826e-06
459	MvSl-1064-A2-R4_A2g01491	1.57229447936395	0.00525314657381075
460	MvSl-1064-A2-R4_A2g01497	2.49847022776064	5.07626442588739e-08
461	MvSl-1064-A2-R4_A2g01498	2.03942582104473	2.29066233057695e-08
462	MvSl-1064-A2-R4_A2g01503	1.01377738276328	0.0107821152879921
463	MvSl-1064-A2-R4_A2g01510	1.85720628060166	0.00140273310171612
464	MvSl-1064-A2-R4_A2g01515	1.08102067297037	0.0071624359737441
465	MvSl-1064-A2-R4_A2g01516	0.647198259992707	0.0108076414813118
466	MvSl-1064-A2-R4_A2g01517	1.65367579307074	1.93666422713931e-05
467	MvSl-1064-A2-R4_A2g01518	0.950489011630352	0.0263292423984662
468	MvSl-1064-A2-R4_A2g01522	0.670745130957803	0.0143937355129032
469	MvSl-1064-A2-R4_A2g01526	0.96633809831369	5.98776422161013e-05
470	MvSl-1064-A2-R4_A2g01527	0.707196941455098	0.0271932095602464
471	MvSl-1064-A2-R4_A2g01531	1.3042728553213	0.000926329477641814
472	MvSl-1064-A2-R4_A2g01537	1.11105963982152	9.5700314636581e-06
473	MvSl-1064-A2-R4_A2g01545	2.36778786321599	3.7827267637978e-12
474	MvSl-1064-A2-R4_A2g01560	0.734481240276939	0.01608548556611
475	MvSl-1064-A2-R4_A2g01569	0.713782306597729	0.000942950379046898
476	MvSl-1064-A2-R4_A2g01574	2.17422734069679	0.000462460294883914
477	MvSl-1064-A2-R4_A2g01581	1.31102229624224	0.0106653731251657
478	MvSl-1064-A2-R4_A2g01582	3.49282095971971	9.28760008107906e-35
479	MvSl-1064-A2-R4_A2g01584	1.01916705311225	0.0130693473738646
480	MvSl-1064-A2-R4_A2g01585	1.12202806869662	2.24032150303838e-05
481	MvSl-1064-A2-R4_A2g01599	2.52251919744217	1.46373663658269e-09
482	MvSl-1064-A2-R4_A2g01603	1.51906625031479	2.4115418541944e-07
483	MvSl-1064-A2-R4_A2g01604	3.09043084388415	1.69364832947773e-06
484	MvSl-1064-A2-R4_A2g01606	1.19625598458443	0.0225555256790172
485	MvSl-1064-A2-R4_A2g01607	0.718848527493193	0.0203694286668892
486	MvSl-1064-A2-R4_A2g01611	2.47100105747562	1.03203678518927e-24
487	MvSl-1064-A2-R4_A2g01612	1.25847976627985	5.80397531146474e-06
488	MvSl-1064-A2-R4_A2g01613	1.11163040839717	1.36035236599721e-05
489	MvSl-1064-A2-R4_A2g01614	0.828739314538759	0.00320662288087493
490	MvSl-1064-A2-R4_A2g01615	1.15657300000823	0.0214895407310584
491	MvSl-1064-A2-R4_A2g01625	1.46548723768005	0.00101098986366797
492	MvSl-1064-A2-R4_A2g01626	0.871718213956533	1.85614076479876e-05
493	MvSl-1064-A2-R4_A2g01627	0.641465051378303	0.00968503280866067
494	MvSl-1064-A2-R4_A2g01628	1.1384115550599	7.40561881923544e-05
495	MvSl-1064-A2-R4_A2g01634	1.63732709259732	2.49314956554304e-07
496	MvSl-1064-A2-R4_A2g01636	1.98291935268939	9.03189920038761e-05
497	MvSl-1064-A2-R4_A2g01643	1.1648620020649	5.07600252723893e-05
498	MvSl-1064-A2-R4_A2g01644	1.98291431296665	9.19528263601943e-05
499	MvSl-1064-A2-R4_A2g01645	2.45375025138479	1.80416306138087e-05
500	MvSl-1064-A2-R4_A2g01648	1.31300604868937	1.37095675542212e-09
501	MvSl-1064-A2-R4_A2g01649	1.42710672703186	0.0129102066918625
502	MvSl-1064-A2-R4_A2g01650	0.969124179172716	0.00732678539381382
503	MvSl-1064-A2-R4_A2g01655	1.08058418917662	0.000902630124085304
504	MvSl-1064-A2-R4_A2g01658	1.19798688279707	3.05056289582874e-05
505	MvSl-1064-A2-R4_A2g01662	1.03700586449408	0.0228651279038743
506	MvSl-1064-A2-R4_A2g01663	1.65242220935637	3.24084776299638e-05
507	MvSl-1064-A2-R4_A2g01665	0.79729453010208	0.000368004026200012
508	MvSl-1064-A2-R4_A2g01666	1.51621562337453	0.0010305085495906
509	MvSl-1064-A2-R4_A2g01667	1.98291449800955	9.19528263601943e-05
510	MvSl-1064-A2-R4_A2g01668	1.07062275545381	0.0193256836557629
511	MvSl-1064-A2-R4_A2g01670	1.26269613400464	7.9598790227585e-06
512	MvSl-1064-A2-R4_A2g01674	0.968250622385663	0.00516126349572173
513	MvSl-1064-A2-R4_A2g01678	0.765271075310708	0.0064458511774976
514	MvSl-1064-A2-R4_A2g01681	1.13841157460089	7.39040781171118e-05
515	MvSl-1064-A2-R4_A2g01683	0.69007669822555	0.0158215206736422
516	MvSl-1064-A2-R4_A2g01686	1.34671344593868	6.25184475403108e-06
517	MvSl-1064-A2-R4_A2g01688	1.12192714651802	0.0452054252155478
518	MvSl-1064-A2-R4_A2g01692	0.797216936582324	0.0101631878768449
519	MvSl-1064-A2-R4_A2g01696	0.835639190065798	0.00113168543007736
520	MvSl-1064-A2-R4_A2g01697	0.946321870535465	0.00508493799540786
521	MvSl-1064-A2-R4_A2g01705	2.74774079063775	3.46190263943802e-21
522	MvSl-1064-A2-R4_A2g01709	3.18349399809572	3.25004309728657e-05
523	MvSl-1064-A2-R4_A2g01711	1.64413244770363	0.000695766190879371
524	MvSl-1064-A2-R4_A2g01713	2.49800488300233	0.00869283258722649
525	MvSl-1064-A2-R4_A2g01714	0.887702392670836	0.0305207120812454
526	MvSl-1064-A2-R4_A2g01719	1.30542421599734	1.62294001877022e-07
527	MvSl-1064-A2-R4_A2g01720	1.57895374098893	0.00346866184565098
528	MvSl-1064-A2-R4_A2g01721	1.36230300562348	0.000148512983164404
529	MvSl-1064-A2-R4_A2g01725	1.89908185824025	4.68304706667144e-09
530	MvSl-1064-A2-R4_A2g01729	3.16163597104896	3.94953476442763e-34
531	MvSl-1064-A2-R4_A2g01730	3.86184006935959	6.94156459653337e-12
532	MvSl-1064-A2-R4_A2g01732	2.08457818990739	1.47708648359616e-11
533	MvSl-1064-A2-R4_A2g01733	1.31669701538925	0.000328301687481215
534	MvSl-1064-A2-R4_A2g01739	1.55207243114478	0.000800916935228878
535	MvSl-1064-A2-R4_A2g01740	0.570494201871433	0.0331738026275487
536	MvSl-1064-A2-R4_A2g01746	1.03420865131172	0.00849339686077628
537	MvSl-1064-A2-R4_A2g01801	0.649024745183264	0.0440245824318654
538	MvSl-1064-A2-R4_A2g01826	1.6441354325792	0.0060148959838248
539	MvSl-1064-A2-R4_A2g01827	1.38890649836006	0.00213461446445286
540	MvSl-1064-A2-R4_C23g01870	0.683702355313573	0.039958142139351
541	MvSl-1064-A2-R4_C25g01885	2.48671018706235	5.85804299196224e-07
542	MvSl-1064-A2-R4_C37g01976	3.99238588071144	3.94861750998038e-18
543	MvSl-1064-A2-R4_MC01g01988	1.60035236154832	7.67140492947727e-06
544	MvSl-1064-A2-R4_MC01g02016	1.42708470842537	0.0292460771138534
545	MvSl-1064-A2-R4_MC01g02020	0.95449541690755	0.0152543751490192
546	MvSl-1064-A2-R4_MC01g02021	2.62994416218792	2.20629790966726e-11
547	MvSl-1064-A2-R4_MC01g02066	1.30030244618571	0.0116350727145118
548	MvSl-1064-A2-R4_MC01g02071	0.689080205896577	0.0031241002041811
549	MvSl-1064-A2-R4_MC01g02073	0.960673740220166	0.0243300659375194
550	MvSl-1064-A2-R4_MC01g02078	0.807680293090047	0.00918631983112661
551	MvSl-1064-A2-R4_MC01g02101	0.915836607856642	0.0139910468154072
552	MvSl-1064-A2-R4_MC01g02102	2.97720144067428	2.34929496580911e-07
553	MvSl-1064-A2-R4_MC01g02104	0.881774174295279	0.000391104946895674
554	MvSl-1064-A2-R4_MC01g02107	1.29622721106335	0.00931055393415134
555	MvSl-1064-A2-R4_MC01g02108	1.20257425889713	0.0039744345390074
556	MvSl-1064-A2-R4_MC01g02135	0.966681519552277	0.0338683387364469
557	MvSl-1064-A2-R4_MC01g02148	0.60907298216027	0.0115506786885365
558	MvSl-1064-A2-R4_MC01g02149	1.02323102005703	4.58678847889689e-05
559	MvSl-1064-A2-R4_MC01g02163	0.860046679179892	0.000103698517431702
560	MvSl-1064-A2-R4_MC01g02165	0.895464734813748	0.00235409287156291
561	MvSl-1064-A2-R4_MC01g02167	0.684057830992992	0.0214878603770753
562	MvSl-1064-A2-R4_MC01g02168	2.97837881907322	1.23986819751666e-20
563	MvSl-1064-A2-R4_MC01g02169	1.50425331779117	1.44789352773533e-05
564	MvSl-1064-A2-R4_MC01g02187	0.553676109715294	0.0255966959305596
565	MvSl-1064-A2-R4_MC01g02201	1.57563626302478	5.3303702268419e-12
566	MvSl-1064-A2-R4_MC01g02202	0.657043381859934	0.00332958315152223
567	MvSl-1064-A2-R4_MC01g02203	0.807671661950855	0.0124862829795447
568	MvSl-1064-A2-R4_MC01g02243	0.934917845498749	0.0247044037163067
569	MvSl-1064-A2-R4_MC01g02251	1.4452726352573	6.22706438614113e-09
570	MvSl-1064-A2-R4_MC01g02269	0.997664359035958	0.000428387825231358
571	MvSl-1064-A2-R4_MC01g02300	1.92221360152649	2.20110223453226e-05
572	MvSl-1064-A2-R4_MC01g02317	0.61191684242743	0.0286550925538818
573	MvSl-1064-A2-R4_MC01g02392	0.849526590920852	0.00237530843919589
574	MvSl-1064-A2-R4_MC01g02398	1.12512115820013	0.0221347696540261
575	MvSl-1064-A2-R4_MC01g02404	0.668095707306335	0.0473601881442887
576	MvSl-1064-A2-R4_MC01g02416	0.977785234757285	3.41952431756253e-05
577	MvSl-1064-A2-R4_MC01g02426	0.641193639652519	0.026311960265683
578	MvSl-1064-A2-R4_MC01g02428	0.958056894208279	7.47928605110034e-05
579	MvSl-1064-A2-R4_MC01g02496	1.08320406792416	0.0453463612783712
580	MvSl-1064-A2-R4_MC01g02549	1.03718606696908	0.00998723131465509
581	MvSl-1064-A2-R4_MC01g02556	0.759764472426354	0.00973931388288956
582	MvSl-1064-A2-R4_MC01g02564	1.15809206885175	0.00715449886090078
583	MvSl-1064-A2-R4_MC01g02584	0.539075792943283	0.0331678811402523
584	MvSl-1064-A2-R4_MC01g02599	2.18471670972395	1.28341141452913e-22
585	MvSl-1064-A2-R4_MC01g02600	2.48906111273452	5.97221485645945e-05
586	MvSl-1064-A2-R4_MC01g02604	0.883726380010033	0.000103959882778128
587	MvSl-1064-A2-R4_MC01g02617	3.24088787701341	1.28236630593029e-26
588	MvSl-1064-A2-R4_MC01g02628	0.731902387853467	0.00508493799540786
589	MvSl-1064-A2-R4_MC01g02632	1.52297535623985	0.000556032846747303
590	MvSl-1064-A2-R4_MC01g02682	4.07186437968698	3.75204778936913e-21
591	MvSl-1064-A2-R4_MC01g02683	3.00754627942103	1.41547063629591e-36
592	MvSl-1064-A2-R4_MC01g02699	0.536141279903522	0.0347388347105995
593	MvSl-1064-A2-R4_MC01g02720	0.820783071489053	0.0102242952057646
594	MvSl-1064-A2-R4_MC01g02721	0.650016636813507	0.00215837854185041
595	MvSl-1064-A2-R4_MC01g02771	0.782235728279966	0.00168283691681044
596	MvSl-1064-A2-R4_MC01g02776	1.47272653093374	1.08672719984735e-05
597	MvSl-1064-A2-R4_MC01g02782	0.816521493726076	0.000735687267932878
598	MvSl-1064-A2-R4_MC01g02785	0.579919069626113	0.0318661591566064
599	MvSl-1064-A2-R4_MC01g02786	3.07183151703015	2.24771189801611e-30
600	MvSl-1064-A2-R4_MC01g02790	0.844759628451077	0.001874637124176
601	MvSl-1064-A2-R4_MC01g02791	1.79368478618821	1.17288223323803e-10
602	MvSl-1064-A2-R4_MC01g02792	0.749130172996491	0.00446342588908368
603	MvSl-1064-A2-R4_MC01g02798	0.770730601340339	0.00987100738553651
604	MvSl-1064-A2-R4_MC01g02864	0.872432204624956	0.00399347870611632
605	MvSl-1064-A2-R4_MC01g02869	2.18178794919623	2.89264983824711e-05
606	MvSl-1064-A2-R4_MC01g02875	0.86355882435985	0.00141204514893875
607	MvSl-1064-A2-R4_MC01g02894	1.74202975162505	1.2758675688676e-07
608	MvSl-1064-A2-R4_MC01g02920	1.12959237547655	0.000112308412830539
609	MvSl-1064-A2-R4_MC01g02928	2.31135163300463	2.03330635102657e-15
610	MvSl-1064-A2-R4_MC01g02929	3.44873862277031	4.21690266109134e-33
611	MvSl-1064-A2-R4_MC01g02930	3.55918758798776	6.34155020889135e-27
612	MvSl-1064-A2-R4_MC01g02945	0.826457727607321	0.0288832084746074
613	MvSl-1064-A2-R4_MC01g03034	0.678550706514996	0.00886153435811023
614	MvSl-1064-A2-R4_MC01g03035	1.26246140420326	0.00400625242249544
615	MvSl-1064-A2-R4_MC01g03036	1.14484891844067	9.18193485083879e-05
616	MvSl-1064-A2-R4_MC01g03045	2.48194282387002	4.12808730515118e-17
617	MvSl-1064-A2-R4_MC01g03046	0.966157500402774	3.00955712260876e-05
618	MvSl-1064-A2-R4_MC01g03049	0.497762773314461	0.044804331729555
619	MvSl-1064-A2-R4_MC01g03091	0.743646222052705	0.0243300659375194
620	MvSl-1064-A2-R4_MC01g03092	0.451381345726407	0.0491534311497454
621	MvSl-1064-A2-R4_MC01g03105	0.561344171985776	0.0231837610343792
622	MvSl-1064-A2-R4_MC01g03106	2.15701032459287	2.13260418077703e-12
623	MvSl-1064-A2-R4_MC01g03114	0.706857047425691	0.0309695654134197
624	MvSl-1064-A2-R4_MC01g03205	1.67896283320545	0.00183698569066803
625	MvSl-1064-A2-R4_MC01g03239	2.08157401417687	0.000363614467212518
626	MvSl-1064-A2-R4_MC01g03244	1.78313420637771	0.000168657734223137
627	MvSl-1064-A2-R4_MC01g03252	2.89742849955207	1.5280684804856e-13
628	MvSl-1064-A2-R4_MC01g03253	0.709061453515897	0.0310053199768874
629	MvSl-1064-A2-R4_MC01g03269	1.07043301962247	0.000601988305015033
630	MvSl-1064-A2-R4_MC01g03287	1.02565107408954	3.09274691671741e-05
631	MvSl-1064-A2-R4_MC01g03288	2.8171569567648	5.40777810735956e-14
632	MvSl-1064-A2-R4_MC01g03290	0.631424080471299	0.0182669884077846
633	MvSl-1064-A2-R4_MC01g03321	0.682627951675947	0.00288940498658734
634	MvSl-1064-A2-R4_MC01g03339	0.762781801804317	0.0130438458592059
635	MvSl-1064-A2-R4_MC01g03346	1.35886348256883	0.00204196470497133
636	MvSl-1064-A2-R4_MC01g03352	0.776176550593142	0.0189223800734163
637	MvSl-1064-A2-R4_MC01g03359	0.75211790436623	0.00159663121035437
638	MvSl-1064-A2-R4_MC01g03392	1.31186691313691	0.000217905458409675
639	MvSl-1064-A2-R4_MC01g03397	2.91884380751871	1.79855948299145e-29
640	MvSl-1064-A2-R4_MC01g03401	0.739161956716761	0.00194155158953757
641	MvSl-1064-A2-R4_MC01g03424	0.808772780622652	0.0031686318883913
642	MvSl-1064-A2-R4_MC01g03426	0.673663044231928	0.0174647531108719
643	MvSl-1064-A2-R4_MC02g03458	1.28503670429276	0.000883536582954123
644	MvSl-1064-A2-R4_MC02g03484	1.88488814945654	1.98355867650103e-05
645	MvSl-1064-A2-R4_MC02g03485	1.84301567867305	5.06808529718773e-14
646	MvSl-1064-A2-R4_MC02g03509	1.46869266862575	3.19164421966663e-05
647	MvSl-1064-A2-R4_MC02g03526	0.992600484971255	0.00031904824084826
648	MvSl-1064-A2-R4_MC02g03554	1.44798611103487	0.000256358851333357
649	MvSl-1064-A2-R4_MC02g03574	2.52184380615977	2.17749156725742e-12
650	MvSl-1064-A2-R4_MC02g03575	2.04115670678901	5.18997031519049e-14
651	MvSl-1064-A2-R4_MC02g03576	0.829603888804279	0.000132115068824833
652	MvSl-1064-A2-R4_MC02g03577	0.663556013626654	0.00492317329695302
653	MvSl-1064-A2-R4_MC02g03597	0.727431757350276	0.0301418786217353
654	MvSl-1064-A2-R4_MC02g03607	1.85203248116098	2.9026359000877e-06
655	MvSl-1064-A2-R4_MC02g03629	1.20090848247649	0.00697927332016102
656	MvSl-1064-A2-R4_MC02g03632	0.91799455244275	7.19531035845054e-05
657	MvSl-1064-A2-R4_MC02g03701	1.99309297828291	0.00243076108177417
658	MvSl-1064-A2-R4_MC02g03760	0.852052739052573	0.00519830202996557
659	MvSl-1064-A2-R4_MC02g03783	1.05591191691465	3.00329531007781e-07
660	MvSl-1064-A2-R4_MC02g03804	0.731685767182581	0.00344092131554445
661	MvSl-1064-A2-R4_MC02g03826	1.13588934535325	0.000783517132031939
662	MvSl-1064-A2-R4_MC02g03827	0.836587818114015	0.0434585271340628
663	MvSl-1064-A2-R4_MC02g03845	0.657975575552646	0.0250249136121982
664	MvSl-1064-A2-R4_MC02g03884	0.874637360420508	5.98772939267968e-05
665	MvSl-1064-A2-R4_MC02g03891	1.06542409383147	0.0141889582594857
666	MvSl-1064-A2-R4_MC02g03922	2.20079027351229	4.50883712349501e-09
667	MvSl-1064-A2-R4_MC02g03927	0.812233966872274	0.0449662795308847
668	MvSl-1064-A2-R4_MC02g03932	1.67035559278709	9.48920174337938e-05
669	MvSl-1064-A2-R4_MC02g03938	1.41930082222158	0.00209629371757305
670	MvSl-1064-A2-R4_MC02g03943	1.35970307835626	0.00543951961899801
671	MvSl-1064-A2-R4_MC02g03990	0.751728335990287	0.0132746490222551
672	MvSl-1064-A2-R4_MC02g04034	0.558107146922404	0.0164918481344398
673	MvSl-1064-A2-R4_MC02g04048	0.589672458270622	0.0172539384734493
674	MvSl-1064-A2-R4_MC02g04054	0.678089091716028	0.00792242846651107
675	MvSl-1064-A2-R4_MC02g04157	1.04930948122585	0.000556032846747303
676	MvSl-1064-A2-R4_MC02g04169	1.62704168612589	1.61135083184741e-10
677	MvSl-1064-A2-R4_MC02g04197	0.491642110062738	0.045166912443691
678	MvSl-1064-A2-R4_MC02g04208	0.616874842463625	0.0341928287670401
679	MvSl-1064-A2-R4_MC02g04227	2.25788306329301	0.000496233665403817
680	MvSl-1064-A2-R4_MC02g04228	2.46486773230591	6.61177294504657e-17
681	MvSl-1064-A2-R4_MC02g04251	1.06708210579685	0.0488660404761222
682	MvSl-1064-A2-R4_MC02g04256	1.16591118339111	0.000747864098733131
683	MvSl-1064-A2-R4_MC02g04319	1.68930385272036	1.30969802798821e-05
684	MvSl-1064-A2-R4_MC02g04320	0.698374388822939	0.0241655248937888
685	MvSl-1064-A2-R4_MC02g04387	1.56998563548358	1.93666422713931e-05
686	MvSl-1064-A2-R4_MC02g04388	0.615327262195118	0.0451094903847848
687	MvSl-1064-A2-R4_MC02g04395	0.932219638866675	0.00939927858870965
688	MvSl-1064-A2-R4_MC02g04412	0.524625335385852	0.0284700356283473
689	MvSl-1064-A2-R4_MC02g04450	0.899830721679031	0.00877243115968297
690	MvSl-1064-A2-R4_MC02g04454	1.17501054994522	4.71707518254185e-06
691	MvSl-1064-A2-R4_MC02g04486	0.873959802778504	0.00921580206715979
692	MvSl-1064-A2-R4_MC02g04487	2.3017295158214	3.66354221386771e-18
693	MvSl-1064-A2-R4_MC02g04491	1.14251647060755	0.00236277937986074
694	MvSl-1064-A2-R4_MC02g04519	1.68160653081165	6.22242614502377e-07
695	MvSl-1064-A2-R4_MC02g04523	1.90325104907048	1.75042906146748e-05
696	MvSl-1064-A2-R4_MC02g04543	1.68160652651422	6.21458552438206e-07
697	MvSl-1064-A2-R4_MC03g04559	1.56781582173289	1.62294001877022e-07
698	MvSl-1064-A2-R4_MC03g04560	1.36161263611995	5.72827397185443e-09
699	MvSl-1064-A2-R4_MC03g04616	1.52534174566167	0.00613564421766884
700	MvSl-1064-A2-R4_MC03g04634	1.03872169829971	9.98586425668253e-06
701	MvSl-1064-A2-R4_MC03g04694	0.894999036874556	0.0147816380332741
702	MvSl-1064-A2-R4_MC03g04701	0.966324743339044	7.57495685245391e-07
703	MvSl-1064-A2-R4_MC03g04702	1.25184603402366	0.00201280302975603
704	MvSl-1064-A2-R4_MC03g04709	0.767807759872189	0.0367649549800608
705	MvSl-1064-A2-R4_MC03g04718	1.23530326633121	0.0153870422395509
706	MvSl-1064-A2-R4_MC03g04720	0.985844145149091	0.00130465046470099
707	MvSl-1064-A2-R4_MC03g04734	1.69881207677604	0.0410002789034256
708	MvSl-1064-A2-R4_MC03g04800	0.621780320371914	0.0308367148287161
709	MvSl-1064-A2-R4_MC03g04807	1.76916424774446	0.0228490534498883
710	MvSl-1064-A2-R4_MC03g04815	0.834405885629095	0.00288921241535986
711	MvSl-1064-A2-R4_MC03g04860	1.01730693648072	0.0385686028549217
712	MvSl-1064-A2-R4_MC03g04885	1.935534212068	2.17492286218181e-07
713	MvSl-1064-A2-R4_MC03g04892	0.544812917228368	0.0343853214520119
714	MvSl-1064-A2-R4_MC03g04905	0.626673393996997	0.0287201856426538
715	MvSl-1064-A2-R4_MC03g04919	2.1049801897891	3.35099420827223e-21
716	MvSl-1064-A2-R4_MC03g04920	0.9412615534953	0.0129747024209517
717	MvSl-1064-A2-R4_MC03g04921	0.670986886901014	0.00401857538585327
718	MvSl-1064-A2-R4_MC03g04934	1.38603778758412	0.00338322820771335
719	MvSl-1064-A2-R4_MC03g04935	1.54252143808509	0.0104897131406799
720	MvSl-1064-A2-R4_MC03g04939	0.617999359276855	0.00925279063000126
721	MvSl-1064-A2-R4_MC03g04990	0.910970472578707	0.00247053980329789
722	MvSl-1064-A2-R4_MC03g04991	0.960671780906233	0.000214688570271198
723	MvSl-1064-A2-R4_MC03g05002	0.842764258787257	0.000113715802718142
724	MvSl-1064-A2-R4_MC03g05010	2.25897969480116	8.9812813237088e-06
725	MvSl-1064-A2-R4_MC03g05011	2.24082078374231	4.67299984801172e-06
726	MvSl-1064-A2-R4_MC03g05018	0.54105994406168	0.0403014626245371
727	MvSl-1064-A2-R4_MC03g05020	0.577956320510287	0.040764803024516
728	MvSl-1064-A2-R4_MC03g05030	0.572732890364155	0.032723900988425
729	MvSl-1064-A2-R4_MC03g05033	0.757477679986738	0.0071624359737441
730	MvSl-1064-A2-R4_MC03g05066	0.648389072390419	0.00525134423519737
731	MvSl-1064-A2-R4_MC03g05078	0.688716172477419	0.00392336508711172
732	MvSl-1064-A2-R4_MC03g05079	1.22751276720214	0.000108970316386017
733	MvSl-1064-A2-R4_MC03g05093	1.23311400630626	0.0173377152670495
734	MvSl-1064-A2-R4_MC03g05100	1.36001190469779	0.0138722866771386
735	MvSl-1064-A2-R4_MC03g05135	1.10510378541977	0.00108951543723536
736	MvSl-1064-A2-R4_MC03g05161	1.11492591132239	0.0338473852569605
737	MvSl-1064-A2-R4_MC03g05168	0.584160792260533	0.0344048365708295
738	MvSl-1064-A2-R4_MC03g05187	0.852364377379159	0.00943271788653914
739	MvSl-1064-A2-R4_MC03g05217	1.23907621906457	4.30507171583804e-05
740	MvSl-1064-A2-R4_MC03g05236	2.55567781251801	0.00150511452588758
741	MvSl-1064-A2-R4_MC03g05237	10.2270032335197	4.02321077496821e-15
742	MvSl-1064-A2-R4_MC03g05239	0.70503906653918	0.00699844514373047
743	MvSl-1064-A2-R4_MC03g05256	1.18264063045039	4.8310207747867e-08
744	MvSl-1064-A2-R4_MC03g05263	0.880763762403615	0.00953130778172383
745	MvSl-1064-A2-R4_MC03g05270	1.07316322492467	9.18193485083879e-05
746	MvSl-1064-A2-R4_MC03g05294	1.04435277357499	0.00086566602662316
747	MvSl-1064-A2-R4_MC03g05311	0.657093168659042	0.00926806081231328
748	MvSl-1064-A2-R4_MC03g05352	1.61579484089846	1.24766233524753e-08
749	MvSl-1064-A2-R4_MC03g05353	1.94993840506179	6.87625521000352e-06
750	MvSl-1064-A2-R4_MC03g05354	2.2556525934136	2.60164214164648e-17
751	MvSl-1064-A2-R4_MC03g05369	1.06080625686244	3.61474106357758e-05
752	MvSl-1064-A2-R4_MC03g05397	0.707213575809738	0.0321147126667336
753	MvSl-1064-A2-R4_MC03g05405	1.13717524396561	0.004333803730736
754	MvSl-1064-A2-R4_MC03g05408	0.635830489317662	0.029206744341602
755	MvSl-1064-A2-R4_MC03g05410	1.13717522006733	0.00435034598366703
756	MvSl-1064-A2-R4_MC03g05420	1.88589256763994	6.99206414488936e-12
757	MvSl-1064-A2-R4_MC03g05451	0.857882415562542	0.0276798367883991
758	MvSl-1064-A2-R4_MC03g05452	1.25603082466788	0.0203694286668892
759	MvSl-1064-A2-R4_MC03g05464	2.07664611277024	1.28910906829455e-12
760	MvSl-1064-A2-R4_MC03g05476	1.36045403550088	6.55270576292304e-06
761	MvSl-1064-A2-R4_MC03g05480	1.44659380219536	0.000117656298118168
762	MvSl-1064-A2-R4_MC03g05484	1.44659364332869	0.000117933871457448
763	MvSl-1064-A2-R4_MC03g05504	0.971138494778478	0.00201699087146624
764	MvSl-1064-A2-R4_MC03g05515	0.773434351813488	0.00707803310737255
765	MvSl-1064-A2-R4_MC04-1g05559	1.40497466133524	0.026966144308435
766	MvSl-1064-A2-R4_MC04-1g05569	3.00607469310304	5.77281074387928e-30
767	MvSl-1064-A2-R4_MC04-1g05585	0.611295332022116	0.0357997478618373
768	MvSl-1064-A2-R4_MC04-1g05588	0.471893819098413	0.0476322681544338
769	MvSl-1064-A2-R4_MC04-1g05589	1.07461026999713	0.0258769512739947
770	MvSl-1064-A2-R4_MC04-1g05599	2.90362360828636	1.40110988301225e-09
771	MvSl-1064-A2-R4_MC04-1g05613	1.60564883020972	2.3491577764975e-08
772	MvSl-1064-A2-R4_MC04-1g05634	0.90265974747664	0.0072521201705674
773	MvSl-1064-A2-R4_MC04-1g05646	0.665483449368908	0.00939927858870965
774	MvSl-1064-A2-R4_MC04-1g05657	1.08225125137645	0.029206744341602
775	MvSl-1064-A2-R4_MC04-1g05661	1.3076271224034	7.684457602407e-06
776	MvSl-1064-A2-R4_MC04-1g05699	0.856831582067195	0.0410002789034256
777	MvSl-1064-A2-R4_MC04-1g05729	0.600638881265538	0.0364704000509499
778	MvSl-1064-A2-R4_MC04-1g05732	1.07898054093532	0.000909741988505252
779	MvSl-1064-A2-R4_MC04-1g05733	1.07746299207692	0.0191637803313581
780	MvSl-1064-A2-R4_MC04-1g05743	1.26828895279063	0.0441418706898137
781	MvSl-1064-A2-R4_MC04-1g05754	0.745986626764635	0.0269549284704958
782	MvSl-1064-A2-R4_MC04-1g05763	1.36392903767751	3.18218011071769e-06
783	MvSl-1064-A2-R4_MC04-1g05787	0.744585650094124	0.0163359026412473
784	MvSl-1064-A2-R4_MC04-1g05795	0.849287113169046	0.0271932095602464
785	MvSl-1064-A2-R4_MC04-1g05800	2.74935892125357	4.61933627752269e-11
786	MvSl-1064-A2-R4_MC04-1g05827	1.11092673957752	0.0141162808206865
787	MvSl-1064-A2-R4_MC04-1g05851	0.716638340826093	0.0288710432175966
788	MvSl-1064-A2-R4_MC04-1g05879	1.15863533530111	0.000180018140573459
789	MvSl-1064-A2-R4_MC04-1g05880	2.20368611294993	0.000236886268628483
790	MvSl-1064-A2-R4_MC04-1g05881	1.65569658278188	1.30776313848552e-10
791	MvSl-1064-A2-R4_MC04-1g05894	1.13097304398876	3.74880494281915e-05
792	MvSl-1064-A2-R4_MC04-1g05902	0.933583214862863	0.00278640261347264
793	MvSl-1064-A2-R4_MC04-1g05911	0.773670517767025	0.0243300659375194
794	MvSl-1064-A2-R4_MC04-1g05953	1.10398529012994	0.0487489204982383
795	MvSl-1064-A2-R4_MC04-1g05954	1.81995673154024	0.000110387577283444
796	MvSl-1064-A2-R4_MC04-1g05962	0.822237402507286	0.0477362920719418
797	MvSl-1064-A2-R4_MC04-1g05963	1.32378053390433	2.09225722801905e-06
798	MvSl-1064-A2-R4_MC04-1g05964	1.4945296650194	2.21568401981807e-06
799	MvSl-1064-A2-R4_MC04-1g05965	1.36897239173536	2.91774616551578e-07
800	MvSl-1064-A2-R4_MC04-1g05966	1.41430525201781	1.47737834363884e-10
801	MvSl-1064-A2-R4_MC04-1g05973	1.03878455393447	0.000671572738423902
802	MvSl-1064-A2-R4_MC04-1g05976	0.717631462325295	0.0241127783523031
803	MvSl-1064-A2-R4_MC04-1g05985	1.50270076276483	1.43735096280275e-09
804	MvSl-1064-A2-R4_MC04-1g05992	0.529592953277091	0.0406282969331585
805	MvSl-1064-A2-R4_MC04-1g06004	0.55528508425667	0.0117293709241419
806	MvSl-1064-A2-R4_MC04-1g06021	0.784771713178321	0.00976065743632745
807	MvSl-1064-A2-R4_MC04-1g06108	6.99685368498763	8.25152479774556e-18
808	MvSl-1064-A2-R4_MC04-1g06134	1.00995728331668	2.97203179593861e-05
809	MvSl-1064-A2-R4_MC04-1g06162	0.74101961211064	0.00762400226930633
810	MvSl-1064-A2-R4_MC04-1g06221	0.708482823942175	0.0475314074117887
811	MvSl-1064-A2-R4_MC04-1g06231	1.19701920173275	1.45348190919218e-06
812	MvSl-1064-A2-R4_MC04-2g06263	1.4423682665916	0.0071624359737441
813	MvSl-1064-A2-R4_MC04-2g06264	2.35381460825448	8.42277941095189e-05
814	MvSl-1064-A2-R4_MC04-2g06286	1.2159558651111	0.00538154548011447
815	MvSl-1064-A2-R4_MC04-2g06322	1.30991943448317	0.000702180344257176
816	MvSl-1064-A2-R4_MC04-2g06323	0.766313253168196	0.00288940498658734
817	MvSl-1064-A2-R4_MC04-2g06347	1.1120910198203	0.0119154560008482
818	MvSl-1064-A2-R4_MC04-2g06357	0.988589235834786	0.000285988718747136
819	MvSl-1064-A2-R4_MC04-2g06359	1.81941448774042	0.0315329336833516
820	MvSl-1064-A2-R4_MC04-2g06369	2.04549537565112	6.0940497832555e-09
821	MvSl-1064-A2-R4_MC04-2g06370	0.683490150709185	0.0103490558834899
822	MvSl-1064-A2-R4_MC04-2g06377	0.865383543113602	0.0028582248968291
823	MvSl-1064-A2-R4_MC05g06432	2.06475714204798	2.98481752289398e-12
824	MvSl-1064-A2-R4_MC05g06463	0.715566406059175	0.00520797431395965
825	MvSl-1064-A2-R4_MC05g06475	0.624252237523802	0.0271976525923787
826	MvSl-1064-A2-R4_MC05g06479	1.23331835992262	0.00630542238424474
827	MvSl-1064-A2-R4_MC05g06481	1.24798184916644	0.0056808961808182
828	MvSl-1064-A2-R4_MC05g06485	0.898432021112097	0.0266729492983239
829	MvSl-1064-A2-R4_MC05g06492	2.03914963661391	5.46804731666947e-24
830	MvSl-1064-A2-R4_MC05g06510	0.982546715405194	0.0148238636937568
831	MvSl-1064-A2-R4_MC05g06585	1.31067370585799	0.00360013726512693
832	MvSl-1064-A2-R4_MC05g06608	1.10993980576814	0.0035898260979986
833	MvSl-1064-A2-R4_MC05g06616	1.32124048828183	0.000159622427547261
834	MvSl-1064-A2-R4_MC05g06644	1.40039704774635	6.11630200899195e-06
835	MvSl-1064-A2-R4_MC05g06645	1.36147908545946	0.000213158638154399
836	MvSl-1064-A2-R4_MC05g06647	0.985836217927312	0.000106702741997671
837	MvSl-1064-A2-R4_MC05g06657	0.882073195062285	0.000817535338069384
838	MvSl-1064-A2-R4_MC05g06662	1.90269805800705	3.62052936148392e-08
839	MvSl-1064-A2-R4_MC05g06663	1.3336057353646	2.11657101697237e-05
840	MvSl-1064-A2-R4_MC05g06664	1.08332316027045	0.00606371073340717
841	MvSl-1064-A2-R4_MC05g06686	0.923312785744076	0.00253450170363793
842	MvSl-1064-A2-R4_MC05g06693	1.34411876872074	0.0102279864809177
843	MvSl-1064-A2-R4_MC05g06715	1.68205628927062	0.000205252519573042
844	MvSl-1064-A2-R4_MC05g06758	1.40297495022208	0.00242934029329104
845	MvSl-1064-A2-R4_MC05g06782	1.46732785383692	1.12476657981757e-07
846	MvSl-1064-A2-R4_MC05g06799	1.34923790397621	0.00452402207235672
847	MvSl-1064-A2-R4_MC05g06804	0.766476189599701	0.00965090092951396
848	MvSl-1064-A2-R4_MC05g06807	1.22532283515176	0.000657280917091486
849	MvSl-1064-A2-R4_MC05g06830	0.637694496400773	0.0144291044687548
850	MvSl-1064-A2-R4_MC05g06831	0.732424803193004	0.0198896895151247
851	MvSl-1064-A2-R4_MC05g06836	2.13573733323719	3.84553921547129e-23
852	MvSl-1064-A2-R4_MC05g06837	2.78641047940419	2.18989050884041e-24
853	MvSl-1064-A2-R4_MC05g06838	2.43872252813085	1.20590901132945e-23
854	MvSl-1064-A2-R4_MC05g06854	1.30117672426705	1.03484245320374e-07
855	MvSl-1064-A2-R4_MC05g06897	3.44534970957861	5.46600182803982e-26
856	MvSl-1064-A2-R4_MC05g06914	1.03261477251542	0.00328263698018619
857	MvSl-1064-A2-R4_MC05g06916	1.20643296554733	0.00336399512143014
858	MvSl-1064-A2-R4_MC05g06970	1.14500678996534	0.000336670923095947
859	MvSl-1064-A2-R4_MC05g06979	1.34539718010608	0.013129917212502
860	MvSl-1064-A2-R4_MC05g07021	1.66588585136337	3.42329905834273e-11
861	MvSl-1064-A2-R4_MC05g07030	2.3021186465804	4.41069712716545e-15
862	MvSl-1064-A2-R4_MC05g07050	1.01033232554525	0.0161903540326709
863	MvSl-1064-A2-R4_MC05g07061	0.859094634105307	0.000570218011815569
864	MvSl-1064-A2-R4_MC05g07064	0.94760079485684	0.0235857338051752
865	MvSl-1064-A2-R4_MC05g07065	1.32250186223287	0.00081453888805128
866	MvSl-1064-A2-R4_MC05g07069	2.70613238972433	1.57729100715225e-06
867	MvSl-1064-A2-R4_MC05g07091	1.40621570218822	0.0071624359737441
868	MvSl-1064-A2-R4_MC05g07100	1.26607998508043	0.0306535842856382
869	MvSl-1064-A2-R4_MC06-1g07112	1.39431736365047	0.0121255946068224
870	MvSl-1064-A2-R4_MC06-1g07121	0.956771768219283	0.00122218314367315
871	MvSl-1064-A2-R4_MC06-1g07122	1.75452459861563	0.000116927138090375
872	MvSl-1064-A2-R4_MC06-1g07140	1.39431727961463	0.012132301008479
873	MvSl-1064-A2-R4_MC06-1g07164	0.674441066375573	0.00948120787452262
874	MvSl-1064-A2-R4_MC06-1g07170	1.45105849619741	1.62355417268417e-07
875	MvSl-1064-A2-R4_MC06-1g07176	1.42283456152837	0.0401955629284795
876	MvSl-1064-A2-R4_MC06-1g07196	0.945840525470327	0.0113650013880637
877	MvSl-1064-A2-R4_MC06-1g07208	0.66211815355351	0.0161575433386882
878	MvSl-1064-A2-R4_MC06-1g07221	0.781491628535681	0.0243215024285803
879	MvSl-1064-A2-R4_MC06-1g07233	0.544243321363255	0.0332923330439787
880	MvSl-1064-A2-R4_MC06-1g07253	1.11919450572445	0.0338382278374913
881	MvSl-1064-A2-R4_MC06-1g07268	1.105888888538	0.0171200535858935
882	MvSl-1064-A2-R4_MC06-1g07283	0.899297308277682	0.00485622798255289
883	MvSl-1064-A2-R4_MC06-1g07284	1.01858017681544	3.26143885494942e-05
884	MvSl-1064-A2-R4_MC06-1g07286	1.0890192575175	0.00543951961899801
885	MvSl-1064-A2-R4_MC06-1g07296	4.10818386387191	1.65435890573387e-13
886	MvSl-1064-A2-R4_MC06-2g07343	0.780528030606289	0.047289406787759
887	MvSl-1064-A2-R4_MC06-2g07361	1.47791411474835	0.0128917405433585
888	MvSl-1064-A2-R4_MC06-2g07367	1.26990598104942	0.00435260276010219
889	MvSl-1064-A2-R4_MC06-2g07379	1.17760427216237	0.0198195300996813
890	MvSl-1064-A2-R4_MC06-2g07397	0.623317697048137	0.00389255346797278
891	MvSl-1064-A2-R4_MC06-2g07401	0.727777753306122	0.00201699087146624
892	MvSl-1064-A2-R4_MC06-2g07403	2.9834024929396	8.6895946978173e-12
893	MvSl-1064-A2-R4_MC06-2g07404	0.927687968079727	0.00395349736742875
894	MvSl-1064-A2-R4_MC06-2g07417	1.15626779949251	4.72904780966057e-06
895	MvSl-1064-A2-R4_MC06-2g07456	1.87748831520274	7.35169388484554e-08
896	MvSl-1064-A2-R4_MC06-2g07492	0.503735206345684	0.0362804540314499
897	MvSl-1064-A2-R4_MC06-2g07521	0.567749047021433	0.0100282256022578
898	MvSl-1064-A2-R4_MC06-2g07526	0.759098469090008	0.00031904824084826
899	MvSl-1064-A2-R4_MC06-2g07532	1.34065076078627	3.60675606741726e-10
900	MvSl-1064-A2-R4_MC06-2g07541	0.649683162154983	0.00976065743632745
901	MvSl-1064-A2-R4_MC06-2g07548	1.55685510211799	4.72904780966057e-06
902	MvSl-1064-A2-R4_MC06-2g07568	1.00883507437212	0.000999735982251966
903	MvSl-1064-A2-R4_MC06-2g07576	0.66966880657537	0.00324520891165862
904	MvSl-1064-A2-R4_MC06-2g07642	1.34703211164	4.84436375798657e-05
905	MvSl-1064-A2-R4_MC06-2g07706	2.00893778486202	1.70561762313735e-17
906	MvSl-1064-A2-R4_MC06-2g07707	1.91000039715424	6.53780823183461e-21
907	MvSl-1064-A2-R4_MC06-2g07708	0.879581965660325	0.0181158476494792
908	MvSl-1064-A2-R4_MC06-2g07731	0.661941513586727	0.00632787702058551
909	MvSl-1064-A2-R4_MC06-2g07754	2.91760843793275	2.64794993827727e-22
910	MvSl-1064-A2-R4_MC06-2g07787	0.730870233537553	0.0192196723764921
911	MvSl-1064-A2-R4_MC06-2g07792	1.5757829399695	2.6000586977067e-10
912	MvSl-1064-A2-R4_MC06-2g07793	0.782402901443226	0.00111466236886566
913	MvSl-1064-A2-R4_MC06-2g07800	1.12881008715525	0.00965090092951396
914	MvSl-1064-A2-R4_MC06-2g07805	1.26937610299235	0.0355991784557597
915	MvSl-1064-A2-R4_MC07g07815	1.25170979613211	6.37441896826398e-06
916	MvSl-1064-A2-R4_MC07g07826	2.32973802406736	8.96335807060764e-29
917	MvSl-1064-A2-R4_MC07g07851	0.848939725131107	0.00688105364071661
918	MvSl-1064-A2-R4_MC07g07907	1.05379414272675	0.00287160409607043
919	MvSl-1064-A2-R4_MC07g07922	0.595394286063533	0.0326449275023258
920	MvSl-1064-A2-R4_MC07g07941	2.76049178656721	7.8349909593518e-13
921	MvSl-1064-A2-R4_MC07g07942	2.21005547598422	6.55119918348195e-23
922	MvSl-1064-A2-R4_MC07g07943	2.25135702271468	8.55967965956598e-24
923	MvSl-1064-A2-R4_MC07g07954	0.890819635146091	1.50730311967679e-05
924	MvSl-1064-A2-R4_MC07g07955	0.713433537768717	0.000577891413774409
925	MvSl-1064-A2-R4_MC07g07963	0.727275629977837	0.0154667702475399
926	MvSl-1064-A2-R4_MC07g08071	1.38991923644325	2.55941024292770e-09
927	MvSl-1064-A2-R4_MC07g08072	1.10964077879123	0.00043171139017006
928	MvSl-1064-A2-R4_MC07g08090	1.05373280768718	0.0468749987816371
929	MvSl-1064-A2-R4_MC07g08093	0.873235298397137	0.00145136510336587
930	MvSl-1064-A2-R4_MC07g08095	0.654920195749013	0.0314457840838202
931	MvSl-1064-A2-R4_MC07g08100	1.40606487955796	0.0026475536034115
932	MvSl-1064-A2-R4_MC07g08104	0.817395145716771	0.000928998946929066
933	MvSl-1064-A2-R4_MC07g08116	1.50359700621525	0.00330566360566916
934	MvSl-1064-A2-R4_MC07g08121	0.699676047028794	0.0453116554553775
935	MvSl-1064-A2-R4_MC07g08125	0.509157668309211	0.0360196855879992
936	MvSl-1064-A2-R4_MC07g08156	0.713270150286352	0.010183253195525
937	MvSl-1064-A2-R4_MC07g08176	0.751923733671889	0.00334341836705141
938	MvSl-1064-A2-R4_MC07g08179	1.11530110792987	3.39816375179106e-06
939	MvSl-1064-A2-R4_MC07g08193	0.761455025198139	0.0110701445068862
940	MvSl-1064-A2-R4_MC07g08226	1.56446771423752	2.04271689922008e-08
941	MvSl-1064-A2-R4_MC07g08289	0.673600383585405	0.0344704171325739
942	MvSl-1064-A2-R4_MC07g08301	0.67900043278957	0.0398660281319704
943	MvSl-1064-A2-R4_MC07g08322	1.01226804913852	0.000275482460489714
944	MvSl-1064-A2-R4_MC07g08328	1.74706884412925	3.85103021208072e-12
945	MvSl-1064-A2-R4_MC07g08329	0.615217941236118	0.0185391170752423
946	MvSl-1064-A2-R4_MC07g08343	1.17771471447188	0.00264581428146519
947	MvSl-1064-A2-R4_MC07g08344	0.71082375675413	0.00826914903071223
948	MvSl-1064-A2-R4_MC07g08348	0.654366097302715	0.0302817707205853
949	MvSl-1064-A2-R4_MC07g08359	0.869744456745859	8.0988713595969e-05
950	MvSl-1064-A2-R4_MC07g08362	0.910790349620754	0.0071752438667762
951	MvSl-1064-A2-R4_MC07g08404	2.03771698702253	0.0013778032065643
952	MvSl-1064-A2-R4_MC07g08405	1.81228485927323	0.00320307626502928
953	MvSl-1064-A2-R4_MC07g08432	0.859832460277375	0.0017202198832366
954	MvSl-1064-A2-R4_MC07g08454	2.49328485127175	1.11895964602854e-17
955	MvSl-1064-A2-R4_MC07g08476	1.20267126677793	0.000284231337270112
956	MvSl-1064-A2-R4_MC07g08489	0.656297464097973	0.0129489209205079
957	MvSl-1064-A2-R4_MC07g08505	0.582061477111115	0.0325549974997386
958	MvSl-1064-A2-R4_MC08-1g08540	1.74605820580986	2.17443802876481e-06
959	MvSl-1064-A2-R4_MC08-1g08567	1.49575146391567	1.893941826894e-05
960	MvSl-1064-A2-R4_MC08-1g08590	0.853160529548399	0.0231837610343792
961	MvSl-1064-A2-R4_MC08-1g08597	1.32933460551355	0.000590165369906649
962	MvSl-1064-A2-R4_MC08-1g08598	0.50264219914011	0.0345811140475174
963	MvSl-1064-A2-R4_MC08-1g08615	2.20713324668058	3.14183785653069e-26
964	MvSl-1064-A2-R4_MC08-1g08616	0.951887004650428	1.6873189060122e-05
965	MvSl-1064-A2-R4_MC08-1g08634	3.03697052869049	3.69474889430046e-15
966	MvSl-1064-A2-R4_MC08-1g08651	0.500694875701186	0.0431548233897833
967	MvSl-1064-A2-R4_MC08-1g08681	0.553537740406613	0.0363218285085545
968	MvSl-1064-A2-R4_MC08-1g08690	0.857648258861147	0.000577891413774409
969	MvSl-1064-A2-R4_MC08-1g08736	1.76997269094714	0.000732784662484325
970	MvSl-1064-A2-R4_MC08-1g08749	0.729084941424721	0.0228490534498883
971	MvSl-1064-A2-R4_MC08-1g08761	0.88214132184248	0.0227228123424416
972	MvSl-1064-A2-R4_MC08-1g08763	2.76052834521292	1.53624620500894e-16
973	MvSl-1064-A2-R4_MC08-1g08764	2.51928658998124	3.19868408722532e-08
974	MvSl-1064-A2-R4_MC08-1g08782	1.03939185265343	0.000879298292005197
975	MvSl-1064-A2-R4_MC08-1g08832	0.564313692300307	0.0338683387364469
976	MvSl-1064-A2-R4_MC08-1g08855	0.94474766146564	0.0207170133638119
977	MvSl-1064-A2-R4_MC08-1g08856	0.837648806762248	0.000794601897777606
978	MvSl-1064-A2-R4_MC08-1g08896	0.699156997376328	0.0434435083565744
979	MvSl-1064-A2-R4_MC08-1g08897	0.757061292266389	0.0370110344718256
980	MvSl-1064-A2-R4_MC08-1g08901	0.99527585329978	0.00719721496822521
981	MvSl-1064-A2-R4_MC08-1g08909	1.04118050011521	0.0174695270465222
982	MvSl-1064-A2-R4_MC08-1g08914	1.96971176891023	8.33490795909128e-11
983	MvSl-1064-A2-R4_MC08-1g08950	0.871254072744848	0.000206194317282088
984	MvSl-1064-A2-R4_MC08-1g08957	0.667909894137249	0.032762295023688
985	MvSl-1064-A2-R4_MC08-1g08958	0.793601021102011	0.00155496807703971
986	MvSl-1064-A2-R4_MC08-1g08974	0.837270189302383	0.00969313146627673
987	MvSl-1064-A2-R4_MC08-1g08984	1.00847487708243	0.032349384794683
988	MvSl-1064-A2-R4_MC08-1g09005	0.600765377956182	0.00867285773810256
989	MvSl-1064-A2-R4_MC08-1g09006	0.58402613715272	0.0304296262806831
990	MvSl-1064-A2-R4_MC08-1g09013	0.891089031571364	0.00768892040093989
991	MvSl-1064-A2-R4_MC08-1g09014	1.30671910433856	7.12912298736916e-08
992	MvSl-1064-A2-R4_MC08-2g09029	0.891089071279593	0.00768054826859882
993	MvSl-1064-A2-R4_MC08-2g09030	1.3067191348078	7.1234362325119e-08
994	MvSl-1064-A2-R4_MC08-2g09041	3.62277158995982	1.65357197135348e-43
995	MvSl-1064-A2-R4_MC08-2g09042	2.01004403716834	2.38234100668139e-21
996	MvSl-1064-A2-R4_MC08-2g09043	2.35640502293221	4.05139125150656e-21
997	MvSl-1064-A2-R4_MC08-2g09055	0.81505084669398	0.0105423701857616
998	MvSl-1064-A2-R4_MC08-2g09062	2.42201576513373	5.36410115838408e-07
999	MvSl-1064-A2-R4_MC08-2g09064	1.07879754830721	2.49206972112865e-07
1000	MvSl-1064-A2-R4_MC08-2g09118	1.69417405807188	0.000231235488990191
1001	MvSl-1064-A2-R4_MC08-2g09119	1.78516673845759	0.000336670923095947
1002	MvSl-1064-A2-R4_MC08-2g09124	0.569365683309375	0.0166970089573598
1003	MvSl-1064-A2-R4_MC08-2g09129	0.686742418272374	0.00752045168892695
1004	MvSl-1064-A2-R4_MC08-2g09147	1.11319629903227	0.00876714125579065
1005	MvSl-1064-A2-R4_MC09g09194	1.10850624154134	0.0381300890705857
1006	MvSl-1064-A2-R4_MC09g09216	0.597581372501316	0.0483225787568348
1007	MvSl-1064-A2-R4_MC09g09257	1.02940507816084	0.0158215206736422
1008	MvSl-1064-A2-R4_MC09g09294	1.24154201265524	0.0137605108309821
1009	MvSl-1064-A2-R4_MC09g09306	1.41687309163715	0.00271127674816057
1010	MvSl-1064-A2-R4_MC09g09315	0.694921970530225	0.0221983968842663
1011	MvSl-1064-A2-R4_MC09g09350	0.964305608705092	0.0090391205588373
1012	MvSl-1064-A2-R4_MC09g09373	1.0373709668059	0.0214878603770753
1013	MvSl-1064-A2-R4_MC09g09390	0.758637663664229	0.00906701005449115
1014	MvSl-1064-A2-R4_MC09g09397	0.536345107579232	0.04017348818121
1015	MvSl-1064-A2-R4_MC09g09420	1.75371679743962	3.45932686468487e-05
1016	MvSl-1064-A2-R4_MC09g09518	1.34169690357667	0.00200503179007392
1017	MvSl-1064-A2-R4_MC09g09577	0.744408411028296	0.00181948088835428
1018	MvSl-1064-A2-R4_MC09g09616	0.692668479323903	0.0202395739215108
1019	MvSl-1064-A2-R4_MC09g09617	1.1508404981928	0.00681565860834527
1020	MvSl-1064-A2-R4_MC09g09654	2.84751809896835	4.61812237315283e-15
1021	MvSl-1064-A2-R4_MC09g09680	1.85880714322194	0.0473445997928171
1022	MvSl-1064-A2-R4_MC09g09687	0.56959974525076	0.0412030963221144
1023	MvSl-1064-A2-R4_MC09g09738	1.09939668780433	3.20501135773989e-05
1024	MvSl-1064-A2-R4_MC09g09745	0.505876441487719	0.0416408445473689
1025	MvSl-1064-A2-R4_MC09g09754	1.29709008170624	0.00764540848950587
1026	MvSl-1064-A2-R4_MC09g09797	1.68422319966306	0.000816224724050543
1027	MvSl-1064-A2-R4_MC09g09798	1.00246802704982	2.2865965875855e-05
1028	MvSl-1064-A2-R4_MC09g09801	0.666883654583135	0.00399248489210708
1029	MvSl-1064-A2-R4_MC09g09803	0.575398068002116	0.0414105287579635
1030	MvSl-1064-A2-R4_MC09g09805	1.99697473658775	7.34468176646313e-11
1031	MvSl-1064-A2-R4_MC09g09819	0.69669551782026	0.0119640863814279
1032	MvSl-1064-A2-R4_MC09g09823	0.667851329508896	0.046445423785178
1033	MvSl-1064-A2-R4_MC09g09839	0.859664316075434	0.0247895774226403
1034	MvSl-1064-A2-R4_MC10g09912	0.708732508249797	0.00424223321210558
1035	MvSl-1064-A2-R4_MC10g09962	0.60193948230893	0.017062254790278
1036	MvSl-1064-A2-R4_MC10g09963	0.500773811735789	0.0356007836403312
1037	MvSl-1064-A2-R4_MC10g09994	1.08635805910394	2.18611556209835e-05
1038	MvSl-1064-A2-R4_MC10g09997	1.45133993025595	1.25621012415446e-06
1039	MvSl-1064-A2-R4_MC10g09999	1.5664110605644	0.00138591840731776
1040	MvSl-1064-A2-R4_MC10g10010	0.707247672077726	0.0351865518607074
1041	MvSl-1064-A2-R4_MC10g10013	0.575268631814894	0.0189992017409685
1042	MvSl-1064-A2-R4_MC10g10015	0.498233358073545	0.0363571376158699
1043	MvSl-1064-A2-R4_MC10g10021	1.93068935338393	8.92188661178482e-05
1044	MvSl-1064-A2-R4_MC10g10100	1.64806306377863	5.10782223380159e-12
1045	MvSl-1064-A2-R4_MC10g10137	1.04691780740426	0.00213785953153646
1046	MvSl-1064-A2-R4_MC10g10139	0.603747522298562	0.0422880160611287
1047	MvSl-1064-A2-R4_MC10g10164	1.62972763592859	0.0434435083565744
1048	MvSl-1064-A2-R4_MC10g10185	1.55852882588712	0.00213461446445286
1049	MvSl-1064-A2-R4_MC10g10186	1.04418825962089	0.0440245824318654
1050	MvSl-1064-A2-R4_MC10g10189	0.747809417723045	0.0256944003355898
1051	MvSl-1064-A2-R4_MC10g10222	1.16032387912996	0.0202844597111059
1052	MvSl-1064-A2-R4_MC10g10244	1.79855108344052	2.1217226661031e-07
1053	MvSl-1064-A2-R4_MC10g10250	1.88726738183898	8.89905769289238e-09
1054	MvSl-1064-A2-R4_MC10g10289	1.23031615175988	0.000202073516318945
1055	MvSl-1064-A2-R4_MC10g10309	2.21350864439434	5.35180532971214e-08
1056	MvSl-1064-A2-R4_MC10g10314	1.05514552192478	5.32511167215819e-06
1057	MvSl-1064-A2-R4_MC10g10326	1.39204756437605	0.00248107081337968
1058	MvSl-1064-A2-R4_MC10g10336	0.701559253351789	0.00797093847703516
1059	MvSl-1064-A2-R4_MC10g10354	2.34901167622839	5.51681754616592e-07
1060	MvSl-1064-A2-R4_MC10g10362	2.70088823519774	8.54162764798188e-24
1061	MvSl-1064-A2-R4_MC10g10366	0.635824954367551	0.0413397127930477
1062	MvSl-1064-A2-R4_MC10g10372	2.04045610901883	6.23548155948626e-13
1063	MvSl-1064-A2-R4_MC10g10387	1.36384318657198	0.00118212063412488
1064	MvSl-1064-A2-R4_MC10g10389	1.55612481855445	0.000210776254059682
1065	MvSl-1064-A2-R4_MC10g10398	3.54504176327613	0.000608032579287557
1066	MvSl-1064-A2-R4_MC10g10409	0.683702061390468	0.0397532425404224
1067	MvSl-1064-A2-R4_MC11g10457	0.807960209937424	0.00581624378750929
1068	MvSl-1064-A2-R4_MC11g10460	2.3615078345282	1.37014731704336e-06
1069	MvSl-1064-A2-R4_MC11g10467	0.8675782666111	0.000328397047378959
1070	MvSl-1064-A2-R4_MC11g10473	0.766926253257056	0.00925368978204913
1071	MvSl-1064-A2-R4_MC11g10491	0.870633959507449	0.0357628668736224
1072	MvSl-1064-A2-R4_MC11g10500	1.56589219899199	4.62482454830241e-06
1073	MvSl-1064-A2-R4_MC11g10506	0.642422356414211	0.00708509324550906
1074	MvSl-1064-A2-R4_MC11g10516	0.987599305149963	0.00377555964027158
1075	MvSl-1064-A2-R4_MC11g10522	1.44390630691035	0.000128750361318366
1076	MvSl-1064-A2-R4_MC11g10525	0.614696620134464	0.0295265668070572
1077	MvSl-1064-A2-R4_MC11g10569	0.63804457164363	0.00478169724132994
1078	MvSl-1064-A2-R4_MC11g10576	2.76869283306604	1.16627330777892e-11
1079	MvSl-1064-A2-R4_MC11g10596	1.44249747058081	1.33732293348028e-12
1080	MvSl-1064-A2-R4_MC11g10603	0.775655917977573	0.00238378249191234
1081	MvSl-1064-A2-R4_MC11g10604	0.817122489057983	0.00564512300814806
1082	MvSl-1064-A2-R4_MC11g10607	1.52496584526509	0.0021104596393578
1083	MvSl-1064-A2-R4_MC11g10612	1.89823500283842	4.18423670395318e-06
1084	MvSl-1064-A2-R4_MC11g10628	0.868151540989549	0.00102893136580892
1085	MvSl-1064-A2-R4_MC11g10634	1.43016221317705	0.0347951177468105
1086	MvSl-1064-A2-R4_MC11g10647	1.6479502140744	2.29375545867977e-08
1087	MvSl-1064-A2-R4_MC11g10648	1.83609015171459	3.95421167190063e-11
1088	MvSl-1064-A2-R4_MC11g10649	0.736358970083525	0.0115436564256115
1089	MvSl-1064-A2-R4_MC11g10660	0.613117582873418	0.0401474223960292
1090	MvSl-1064-A2-R4_MC11g10666	0.660265739758075	0.015836063252339
1091	MvSl-1064-A2-R4_MC11g10674	0.62828988639628	0.0100723969770648
1092	MvSl-1064-A2-R4_MC11g10689	2.59613452645231	0.00128519291625725
1093	MvSl-1064-A2-R4_MC11g10690	0.99052411550956	0.00013155244737473
1094	MvSl-1064-A2-R4_MC11g10700	0.608252877232953	0.00719721496822521
1095	MvSl-1064-A2-R4_MC11g10714	1.1596915965014	6.86418040249801e-05
1096	MvSl-1064-A2-R4_MC11g10715	1.19763231830996	2.95463610818238e-06
1097	MvSl-1064-A2-R4_MC11g10722	0.567679367294731	0.0425307823731586
1098	MvSl-1064-A2-R4_MC11g10744	1.0269085923695	0.00010551463266185
1099	MvSl-1064-A2-R4_MC11g10793	1.46914392946508	0.000781447007583458
1100	MvSl-1064-A2-R4_MC11g10798	0.804800296553278	0.000404312841032049
1101	MvSl-1064-A2-R4_MC11g10805	0.711305906180978	0.011946338024649
1102	MvSl-1064-A2-R4_MC11g10835	1.48487357612223	0.000175736481723879
1103	MvSl-1064-A2-R4_MC11g10840	3.46515905829205	1.02966607303548e-10
1104	MvSl-1064-A2-R4_MC11g10848	0.664821616452435	0.0042895523080272
1105	MvSl-1064-A2-R4_MC11g10849	2.29090057265302	5.38871827372788e-10
1106	MvSl-1064-A2-R4_MC11g10864	1.73625838982636	0.00823451897710062
1107	MvSl-1064-A2-R4_MC11g10870	2.52982051142284	7.24334586119107e-18
1108	MvSl-1064-A2-R4_MC11g10872	1.63967108572385	8.41759148202278e-12
1109	MvSl-1064-A2-R4_MC11g10891	1.83709495061948	3.53834105368121e-10
1110	MvSl-1064-A2-R4_MC11g10892	1.20124635032197	0.0347951177468105
1111	MvSl-1064-A2-R4_MC11g10893	1.51044811578155	0.00152697530729195
1112	MvSl-1064-A2-R4_MC11g10894	1.27551674807387	0.00709056296557462
1113	MvSl-1064-A2-R4_MC11g10898	0.725178665549501	0.0193256836557629
1114	MvSl-1064-A2-R4_MC11g10901	0.559454158340536	0.0221347696540261
1115	MvSl-1064-A2-R4_MC11g10912	1.4514137043098	0.000719582773427979
1116	MvSl-1064-A2-R4_MC11g10920	0.630137885089733	0.00548672775164204
1117	MvSl-1064-A2-R4_MC11g10922	1.00491837054612	0.0034434360365323
1118	MvSl-1064-A2-R4_MC11g10923	1.31599255862928	0.00095675808268958
1119	MvSl-1064-A2-R4_MC11g10924	1.12742131871914	0.00193162375046693
1120	MvSl-1064-A2-R4_MC11g10925	0.996172496752636	0.000525010654266734
1121	MvSl-1064-A2-R4_MC11g10934	0.942859990125198	0.0339264701244551
1122	MvSl-1064-A2-R4_MC11g10944	1.06227098985911	0.0016581266122839
1123	MvSl-1064-A2-R4_MC11g10945	1.84484518081626	6.21015291141638e-06
1124	MvSl-1064-A2-R4_MC11g10950	1.03325769897186	0.0395373000862073
1125	MvSl-1064-A2-R4_MC11g10960	0.677125539721483	0.0136277340362531
1126	MvSl-1064-A2-R4_MC11g10971	0.586039853736659	0.0450726788205372
1127	MvSl-1064-A2-R4_MC11g10982	1.48005363111935	0.00866008321365822
1128	MvSl-1064-A2-R4_MC11g10984	0.576794434478709	0.0185003698081252
1129	MvSl-1064-A2-R4_MC11g10992	1.40559761431273	0.00295179955257441
1130	MvSl-1064-A2-R4_MC12g11012	1.63519415829895	4.01305005541451e-06
1131	MvSl-1064-A2-R4_MC12g11014	2.59123106105976	9.46091153168538e-18
1132	MvSl-1064-A2-R4_MC12g11020	3.71580025313031	3.05757717755686e-25
1133	MvSl-1064-A2-R4_MC12g11021	2.0006750683487	9.03598440334819e-10
1134	MvSl-1064-A2-R4_MC12g11040	1.3664140715552	7.83302956057999e-05
1135	MvSl-1064-A2-R4_MC12g11041	3.32057028313938	5.79471007870171e-22
1136	MvSl-1064-A2-R4_MC12g11042	3.12916297139058	5.00920097307672e-15
1137	MvSl-1064-A2-R4_MC12g11057	0.607269613866178	0.0364704000509499
1138	MvSl-1064-A2-R4_MC12g11071	1.45746562220569	4.91541958181749e-06
1139	MvSl-1064-A2-R4_MC12g11148	0.597644831633055	0.0311727488388873
1140	MvSl-1064-A2-R4_MC12g11157	0.963028550351836	0.00499897635951642
1141	MvSl-1064-A2-R4_MC12g11167	0.786956846665212	0.00447711636136303
1142	MvSl-1064-A2-R4_MC12g11173	1.03586506079598	0.00564512300814806
1143	MvSl-1064-A2-R4_MC12g11183	2.19307419963587	2.09282778872797e-09
1144	MvSl-1064-A2-R4_MC12g11193	0.811874283682913	0.00198316239354621
1145	MvSl-1064-A2-R4_MC12g11242	1.33678901819835	1.48865082554371e-07
1146	MvSl-1064-A2-R4_MC12g11251	1.67155316346142	2.29348580290571e-07
1147	MvSl-1064-A2-R4_MC12g11254	0.994000806017351	0.00461704100494663
1148	MvSl-1064-A2-R4_MC12g11265	0.636759471094349	0.0150855509882528
1149	MvSl-1064-A2-R4_MC12g11268	1.33414975359561	0.000931910354557752
1150	MvSl-1064-A2-R4_MC12g11285	0.70588412907429	0.0060148959838248
1151	MvSl-1064-A2-R4_MC12g11293	1.22370625272142	0.000437819838828018
1152	MvSl-1064-A2-R4_MC12g11299	1.92540139660719	0.0101416240872314
1153	MvSl-1064-A2-R4_MC12g11323	0.794674736426743	0.0176727065661689
1154	MvSl-1064-A2-R4_MC12g11329	0.756157235965768	0.0221912997420684
1155	MvSl-1064-A2-R4_MC12g11375	2.9394394216865	1.01222670421695e-05
1156	MvSl-1064-A2-R4_MC12g11389	0.764583907039397	0.00319401506171785
1157	MvSl-1064-A2-R4_MC12g11398	1.07984274770741	0.0227228123424416
1158	MvSl-1064-A2-R4_MC12g11411	1.64723417450479	1.64401660431398e-05
1159	MvSl-1064-A2-R4_MC12g11427	1.37630973414876	0.0114327840823681
1160	MvSl-1064-A2-R4_MC12g11433	0.885116871696373	0.0245090680405699
1161	MvSl-1064-A2-R4_MC12g11449	1.47993112434782	0.000213688368880384
1162	MvSl-1064-A2-R4_MC12g11450	0.724891654525347	0.00320307626502928
1163	MvSl-1064-A2-R4_MC12g11457	1.23187686457207	0.0288832084746074
1164	MvSl-1064-A2-R4_MC12g11461	0.807319079027059	0.00145771348219397
1165	MvSl-1064-A2-R4_MC12g11469	1.68305148228215	3.85103021208072e-12
1166	MvSl-1064-A2-R4_MC12g11478	1.14436956628275	0.00193495464262555
1167	MvSl-1064-A2-R4_MC13g11553	0.763427205220741	0.0106352048752055
1168	MvSl-1064-A2-R4_MC13g11560	0.760650388811076	0.0473609919216237
1169	MvSl-1064-A2-R4_MC13g11568	0.726446175584538	0.0494759421277496
1170	MvSl-1064-A2-R4_MC13g11574	1.1728643953147	0.0116845006650554
1171	MvSl-1064-A2-R4_MC13g11590	2.94077938955788	2.75736124341875e-12
1172	MvSl-1064-A2-R4_MC13g11591	2.10973187498427	0.000106722251403871
1173	MvSl-1064-A2-R4_MC13g11595	0.9868310876097	0.0431686561896318
1174	MvSl-1064-A2-R4_MC13g11596	1.08420930414658	0.000284231337270112
1175	MvSl-1064-A2-R4_MC13g11604	1.08420928978825	0.00028361625799335
1176	MvSl-1064-A2-R4_MC13g11649	0.764013295369063	0.0024482729034252
1177	MvSl-1064-A2-R4_MC13g11655	2.71864765081505	1.53706849125764e-26
1178	MvSl-1064-A2-R4_MC13g11656	0.601403354123589	0.0112672865582384
1179	MvSl-1064-A2-R4_MC13g11677	2.77144443824854	6.97898045851695e-08
1180	MvSl-1064-A2-R4_MC13g11678	2.45176961772046	2.12014726919364e-05
1181	MvSl-1064-A2-R4_MC13g11679	2.42103806905545	1.40452889226226e-10
1182	MvSl-1064-A2-R4_MC13g11694	1.19116216018606	5.32511167215819e-06
1183	MvSl-1064-A2-R4_MC13g11701	0.796929707959899	0.000776321372248636
1184	MvSl-1064-A2-R4_MC13g11723	0.70582479340386	0.027444766351375
1185	MvSl-1064-A2-R4_MC13g11735	0.535941398638274	0.0420276362869537
1186	MvSl-1064-A2-R4_MC13g11780	1.05337449398456	0.00842127797845649
1187	MvSl-1064-A2-R4_MC13g11782	0.923321056071831	0.000111774070121604
1188	MvSl-1064-A2-R4_MC13g11790	0.559750412439084	0.037905196051905
1189	MvSl-1064-A2-R4_MC13g11802	1.94558109358396	0.00913286742379161
1190	MvSl-1064-A2-R4_MC13g11803	2.1676050496281	0.000374044121905415
1191	MvSl-1064-A2-R4_MC13g11837	0.908357941259584	0.00784864513999783
1192	MvSl-1064-A2-R4_MC13g11858	0.887146308164867	0.000242198315738918
1193	MvSl-1064-A2-R4_MC13g11859	2.36583860593434	2.70266836154926e-05
1194	MvSl-1064-A2-R4_MC13g11860	1.64714415220937	0.000122614105976568
1195	MvSl-1064-A2-R4_MC13g11868	1.26890371225533	6.55886607066068e-07
1196	MvSl-1064-A2-R4_MC13g11869	0.868286765414718	0.0226151063003515
1197	MvSl-1064-A2-R4_MC13g11877	1.66902352456213	4.76061053073506e-11
1198	MvSl-1064-A2-R4_MC13g11880	0.792282822528713	0.00522288941507007
1199	MvSl-1064-A2-R4_MC13g11885	1.27309328670163	0.0169180029118394
1200	MvSl-1064-A2-R4_MC13g11904	0.775484595419225	0.046445423785178
1201	MvSl-1064-A2-R4_MC13g11910	1.04145225710868	0.00844333055619743
1202	MvSl-1064-A2-R4_MC13g11914	0.894436334303591	0.00153595324585848
1203	MvSl-1064-A2-R4_MC13g11964	2.15832843128747	5.12115177016367e-10
1204	MvSl-1064-A2-R4_MC13g11975	1.02945582770543	0.00234046275940594
1205	MvSl-1064-A2-R4_MC13g11976	0.768235477879084	0.00126169013810323
1206	MvSl-1064-A2-R4_MC14g12011	1.43250801939405	8.50031758810715e-11
1207	MvSl-1064-A2-R4_MC14g12023	0.788052684409801	0.0143441150291875
1208	MvSl-1064-A2-R4_MC14g12024	1.16645977925579	0.00567068546852626
1209	MvSl-1064-A2-R4_MC14g12033	0.921545456930214	0.029206744341602
1210	MvSl-1064-A2-R4_MC14g12065	1.12247415450613	0.000197401171150942
1211	MvSl-1064-A2-R4_MC14g12081	0.839116225136443	0.020456494116093
1212	MvSl-1064-A2-R4_MC14g12146	1.03584369266149	0.0222844748156897
1213	MvSl-1064-A2-R4_MC14g12223	2.8376961106963	1.50403784159067e-21
1214	MvSl-1064-A2-R4_MC14g12226	1.47438219938023	0.000452660790396508
1215	MvSl-1064-A2-R4_MC14g12233	1.01104415121372	0.00764540848950587
1216	MvSl-1064-A2-R4_MC14g12240	1.05308543014972	0.0335035830764355
1217	MvSl-1064-A2-R4_MC14g12244	1.47441577084529	0.000550929215573062
1218	MvSl-1064-A2-R4_MC15g12264	0.787964783208444	0.00133747864633291
1219	MvSl-1064-A2-R4_MC15g12268	1.53924234486608	1.41846812250908e-12
1220	MvSl-1064-A2-R4_MC15g12289	1.25269149073212	0.00103559028683201
1221	MvSl-1064-A2-R4_MC15g12332	2.06833980404834	0.000774362491579899
1222	MvSl-1064-A2-R4_MC15g12351	0.832736909740208	0.0284337815880148
1223	MvSl-1064-A2-R4_MC15g12370	1.06092963108402	0.0123202876169007
1224	MvSl-1064-A2-R4_MC18g12513	1.6441365101092	0.0060059770175997
