MvSl-1064-A1-R4_A1g00002	MvSl-1064-A2-R4_A2g00002	97	97	100	100	97	100.000	194
MvSl-1064-A1-R4_A1g00003	MvSl-1064-A2-R4_A2g01827	1300	1310	99	98	1289	98.991	2639
MvSl-1064-A1-R4_A1g00004	MvSl-1064-A2-R4_A2g00004	627	627	100	100	627	100.000	1274
MvSl-1064-A1-R4_A1g00005	MvSl-1064-A2-R4_A2g00005	273	273	100	100	273	100.000	544
MvSl-1064-A1-R4_A1g00006	MvSl-1064-A2-R4_A2g00006	138	138	100	100	138	100.000	283
MvSl-1064-A1-R4_A1g00007	MvSl-1064-A2-R4_A2g00007	1001	1001	100	100	1001	100.000	2007
MvSl-1064-A1-R4_A1g00008	MvSl-1064-A2-R4_A2g00008	555	555	100	100	555	100.000	1113
MvSl-1064-A1-R4_A1g00009	MvSl-1064-A2-R4_A2g00009	379	379	100	100	379	100.000	748
MvSl-1064-A1-R4_A1g00010	MvSl-1064-A2-R4_A2g00010	337	337	100	100	337	100.000	702
MvSl-1064-A1-R4_A1g00011	MvSl-1064-A2-R4_A2g00011	180	180	100	100	180	100.000	370
MvSl-1064-A1-R4_A1g00013	MvSl-1064-A2-R4_A2g00013	566	566	100	100	566	100.000	1141
MvSl-1064-A1-R4_A1g00014	MvSl-1064-A2-R4_A2g00014	149	149	100	100	149	100.000	313
MvSl-1064-A1-R4_A1g00015	MvSl-1064-A2-R4_A2g00015	254	254	100	100	254	100.000	525
MvSl-1064-A1-R4_A1g00016	MvSl-1064-A2-R4_A2g00016	55	55	100	100	55	100.000	116
MvSl-1064-A1-R4_A1g00017	MvSl-1064-A2-R4_A2g00017	543	543	100	100	543	100.000	1091
MvSl-1064-A1-R4_A1g00018	MvSl-1064-A2-R4_A2g00018	74	74	100	100	74	100.000	151
MvSl-1064-A1-R4_A1g00019	MvSl-1064-A2-R4_A2g00019	261	261	100	100	261	100.000	551
MvSl-1064-A1-R4_A1g00020	MvSl-1064-A2-R4_A2g00020	91	91	100	100	91	100.000	184
MvSl-1064-A1-R4_A1g00021	MvSl-1064-A2-R4_A2g00021	69	69	100	100	69	100.000	139
MvSl-1064-A1-R4_A1g00022	MvSl-1064-A2-R4_A2g00022	178	178	100	100	178	100.000	371
MvSl-1064-A1-R4_A1g00023	MvSl-1064-A2-R4_A2g00023	437	437	100	100	437	100.000	900
MvSl-1064-A1-R4_A1g00024	MvSl-1064-A2-R4_A2g00024	203	203	100	100	203	100.000	429
MvSl-1064-A1-R4_A1g00025	MvSl-1064-A2-R4_A2g00025	540	540	100	100	540	100.000	1126
MvSl-1064-A1-R4_A1g00026	MvSl-1064-A2-R4_A2g00026	1405	1405	100	100	1405	100.000	2903
MvSl-1064-A1-R4_A1g00027	MvSl-1064-A2-R4_A2g00027	313	313	100	100	313	100.000	647
MvSl-1064-A1-R4_A1g00028	MvSl-1064-A2-R4_A2g00028	167	167	100	100	167	100.000	345
MvSl-1064-A1-R4_A1g00029	MvSl-1064-A2-R4_A2g00029	56	56	100	100	56	100.000	117
MvSl-1064-A1-R4_A1g00030	MvSl-1064-A2-R4_A2g00030	122	122	100	100	122	100.000	246
MvSl-1064-A1-R4_A1g00031	MvSl-1064-A2-R4_A2g00031	318	318	100	100	318	100.000	659
MvSl-1064-A1-R4_A1g00032	MvSl-1064-A2-R4_A2g00032	517	517	100	100	517	100.000	1024
MvSl-1064-A1-R4_A1g00033	MvSl-1064-A2-R4_A2g00033	266	266	100	100	266	100.000	551
MvSl-1064-A1-R4_A1g00034	MvSl-1064-A2-R4_A2g00034	48	48	100	100	48	100.000	100
MvSl-1064-A1-R4_A1g00035	MvSl-1064-A2-R4_A2g00035	461	461	100	100	461	100.000	946
MvSl-1064-A1-R4_A1g00036	MvSl-1064-A2-R4_A2g00036	397	397	100	100	397	100.000	812
MvSl-1064-A1-R4_A1g00037	MvSl-1064-A2-R4_A2g00037	806	806	100	100	806	100.000	1671
MvSl-1064-A1-R4_A1g00038	MvSl-1064-A2-R4_A2g00038	193	193	100	100	193	100.000	390
MvSl-1064-A1-R4_A1g00039	MvSl-1064-A2-R4_A2g00039	611	611	100	100	611	100.000	1257
MvSl-1064-A1-R4_A1g00040	MvSl-1064-A2-R4_A2g00040	360	360	100	100	360	100.000	752
MvSl-1064-A1-R4_A1g00041	MvSl-1064-A2-R4_A2g00041	63	63	100	100	63	100.000	128
MvSl-1064-A1-R4_A1g00042	MvSl-1064-A2-R4_A2g00042	175	175	100	100	175	100.000	364
MvSl-1064-A1-R4_A1g00043	MvSl-1064-A2-R4_A2g00043	135	135	100	100	135	100.000	277
MvSl-1064-A1-R4_A1g00044	MvSl-1064-A2-R4_A2g00044	237	237	100	100	237	100.000	493
MvSl-1064-A1-R4_A1g00045	MvSl-1064-A2-R4_A2g00045	162	162	100	100	162	100.000	340
MvSl-1064-A1-R4_A1g00046	MvSl-1064-A2-R4_A2g00046	292	292	100	100	292	100.000	612
MvSl-1064-A1-R4_A1g00047	MvSl-1064-A2-R4_A2g00047	299	299	100	100	299	100.000	607
MvSl-1064-A1-R4_A1g00048	MvSl-1064-A2-R4_A2g00048	523	523	100	100	523	100.000	1056
MvSl-1064-A1-R4_A1g00049	MvSl-1064-A2-R4_A2g00049	873	873	100	100	873	100.000	1785
MvSl-1064-A1-R4_A1g00050	MvSl-1064-A2-R4_A2g00050	1493	1493	100	100	1493	100.000	3076
MvSl-1064-A1-R4_A1g00051	MvSl-1064-A2-R4_A2g00051	358	358	100	100	358	100.000	736
MvSl-1064-A1-R4_A1g00052	MvSl-1064-A2-R4_A2g00052	76	76	100	100	76	100.000	154
MvSl-1064-A1-R4_A1g00053	MvSl-1064-A2-R4_A2g00053	418	418	100	100	418	100.000	855
MvSl-1064-A1-R4_A1g00054	MvSl-1064-A2-R4_A2g00054	388	388	100	100	388	100.000	811
MvSl-1064-A1-R4_A1g00055	MvSl-1064-A2-R4_A2g00055	428	428	100	100	428	100.000	843
MvSl-1064-A1-R4_A1g00056	MvSl-1064-A2-R4_A2g00056	576	576	100	100	576	100.000	1177
MvSl-1064-A1-R4_A1g00057	MvSl-1064-A2-R4_A2g00057	107	107	100	100	107	100.000	205
MvSl-1064-A1-R4_A1g00058	MvSl-1064-A2-R4_A2g00058	49	49	100	100	49	100.000	103
MvSl-1064-A1-R4_A1g00059	MvSl-1064-A2-R4_A2g00059	68	68	100	100	68	100.000	139
MvSl-1064-A1-R4_A1g00060	MvSl-1064-A2-R4_A2g00060	317	317	100	100	317	100.000	652
MvSl-1064-A1-R4_A1g00061	MvSl-1064-A2-R4_A2g00061	219	219	100	100	219	100.000	452
MvSl-1064-A1-R4_A1g00062	MvSl-1064-A2-R4_A2g00062	714	714	100	100	714	100.000	1415
MvSl-1064-A1-R4_A1g00063	MvSl-1064-A2-R4_A2g00063	316	316	100	100	316	100.000	653
MvSl-1064-A1-R4_A1g00064	MvSl-1064-A2-R4_A2g00064	232	232	100	100	232	100.000	455
MvSl-1064-A1-R4_A1g00065	MvSl-1064-A2-R4_A2g00065	649	649	100	100	649	100.000	1329
MvSl-1064-A1-R4_A1g00066	MvSl-1064-A2-R4_A2g00066	184	184	100	100	184	100.000	379
MvSl-1064-A1-R4_A1g00067	MvSl-1064-A2-R4_A2g00067	451	451	100	100	451	100.000	948
MvSl-1064-A1-R4_A1g00068	MvSl-1064-A2-R4_A2g00068	397	397	100	100	397	100.000	806
MvSl-1064-A1-R4_A1g00069	MvSl-1064-A2-R4_A2g00069	1429	1429	100	100	1429	100.000	2879
MvSl-1064-A1-R4_A1g00070	MvSl-1064-A2-R4_A2g00070	918	918	100	100	918	100.000	1836
MvSl-1064-A1-R4_A1g00071	MvSl-1064-A2-R4_A2g00071	495	495	100	100	495	100.000	1026
MvSl-1064-A1-R4_A1g00072	MvSl-1064-A2-R4_A2g00072	663	663	100	100	663	100.000	1373
MvSl-1064-A1-R4_A1g00073	MvSl-1064-A2-R4_A2g00073	375	375	100	100	375	100.000	760
MvSl-1064-A1-R4_A1g00074	MvSl-1064-A2-R4_A2g00074	613	613	100	100	613	100.000	1274
MvSl-1064-A1-R4_A1g00075	MvSl-1064-A2-R4_A2g00075	433	433	100	100	433	100.000	890
MvSl-1064-A1-R4_A1g00076	MvSl-1064-A2-R4_A2g00076	859	859	100	100	859	100.000	1770
MvSl-1064-A1-R4_A1g00077	MvSl-1064-A2-R4_A2g00077	460	460	100	100	460	99.348	887
MvSl-1064-A1-R4_A1g00078	MvSl-1064-A2-R4_A2g00078	153	153	100	100	153	100.000	310
MvSl-1064-A1-R4_A1g00079	MvSl-1064-A2-R4_A2g00079	1388	1388	100	100	1388	100.000	2872
MvSl-1064-A1-R4_A1g00080	MvSl-1064-A2-R4_A2g00080	151	151	100	100	151	98.675	291
MvSl-1064-A1-R4_A1g01440	MvSl-1064-A2-R4_A2g01753	739	739	100	100	739	100.000	1531
MvSl-1064-A1-R4_A1g01441	MvSl-1064-A2-R4_A2g01754	560	560	100	100	560	100.000	1136
MvSl-1064-A1-R4_A1g01442	MvSl-1064-A2-R4_A2g01755	93	93	100	100	93	100.000	195
MvSl-1064-A1-R4_A1g01443	MvSl-1064-A2-R4_A2g01756	57	57	100	100	57	100.000	115
MvSl-1064-A1-R4_A1g01444	MvSl-1064-A2-R4_A2g01757	512	512	100	100	512	100.000	1070
MvSl-1064-A1-R4_A1g01445	MvSl-1064-A2-R4_A2g01758	893	893	100	100	893	100.000	1794
MvSl-1064-A1-R4_A1g01446	MvSl-1064-A2-R4_A2g01759	79	79	100	100	79	100.000	160
MvSl-1064-A1-R4_A1g01447	MvSl-1064-A2-R4_A2g01760	1001	1001	100	100	1001	100.000	2061
MvSl-1064-A1-R4_A1g01448	MvSl-1064-A2-R4_A2g01761	392	392	100	100	392	100.000	817
MvSl-1064-A1-R4_A1g01450	MvSl-1064-A2-R4_A2g01763	794	794	100	100	794	100.000	1634
MvSl-1064-A1-R4_A1g01451	MvSl-1064-A2-R4_A2g01764	418	418	100	100	418	100.000	866
MvSl-1064-A1-R4_A1g01453	MvSl-1064-A2-R4_A2g01766	492	492	100	100	492	100.000	1004
MvSl-1064-A1-R4_A1g01454	MvSl-1064-A2-R4_A2g01767	117	117	100	100	117	100.000	243
MvSl-1064-A1-R4_A1g01455	MvSl-1064-A2-R4_A2g01768	139	139	100	100	139	100.000	286
MvSl-1064-A1-R4_A1g01456	MvSl-1064-A2-R4_A2g01769	152	152	100	100	152	100.000	313
MvSl-1064-A1-R4_A1g01457	MvSl-1064-A2-R4_A2g01770	172	172	100	100	172	100.000	352
MvSl-1064-A1-R4_A1g01458	MvSl-1064-A2-R4_A2g01771	779	779	100	100	779	100.000	1606
MvSl-1064-A1-R4_A1g01459	MvSl-1064-A2-R4_A2g01772	95	95	100	100	95	100.000	193
MvSl-1064-A1-R4_A1g01460	MvSl-1064-A2-R4_A2g01773	358	358	100	100	358	100.000	740
MvSl-1064-A1-R4_A1g01461	MvSl-1064-A2-R4_A2g01774	355	355	100	100	355	100.000	720
MvSl-1064-A1-R4_A1g01462	MvSl-1064-A2-R4_A2g01775	396	396	100	100	396	100.000	805
MvSl-1064-A1-R4_A1g01463	MvSl-1064-A2-R4_A2g01776	63	63	100	100	63	100.000	124
MvSl-1064-A1-R4_A1g01464	MvSl-1064-A2-R4_A2g01777	173	173	100	100	173	100.000	355
MvSl-1064-A1-R4_A1g01465	MvSl-1064-A2-R4_A2g01778	155	155	100	100	155	100.000	323
MvSl-1064-A1-R4_A1g01466	MvSl-1064-A2-R4_A2g01779	975	975	100	100	975	100.000	1975
MvSl-1064-A1-R4_A1g01467	MvSl-1064-A2-R4_A2g01780	400	400	100	100	400	100.000	826
MvSl-1064-A1-R4_A1g01468	MvSl-1064-A2-R4_A2g01781	579	579	100	100	579	100.000	1187
MvSl-1064-A1-R4_A1g01469	MvSl-1064-A2-R4_A2g01782	41	41	100	100	41	100.000	86.7
MvSl-1064-A1-R4_A1g01470	MvSl-1064-A2-R4_A2g01783	711	711	100	100	711	100.000	1454
MvSl-1064-A1-R4_A1g01471	MvSl-1064-A2-R4_A2g01784	526	526	100	100	526	100.000	1074
MvSl-1064-A1-R4_A1g01472	MvSl-1064-A2-R4_A2g01785	348	348	100	100	348	100.000	676
MvSl-1064-A1-R4_A1g01473	MvSl-1064-A2-R4_A2g01786	272	272	100	100	272	100.000	524
MvSl-1064-A1-R4_A1g01474	MvSl-1064-A2-R4_A2g01787	120	120	100	100	120	100.000	251
MvSl-1064-A1-R4_A1g01475	MvSl-1064-A2-R4_A2g01788	64	64	100	100	64	100.000	130
MvSl-1064-A1-R4_A1g01476	MvSl-1064-A2-R4_A2g01789	671	671	100	100	671	100.000	1359
MvSl-1064-A1-R4_A1g01477	MvSl-1064-A2-R4_A2g01790	761	761	100	100	761	100.000	1559
MvSl-1064-A1-R4_A1g01478	MvSl-1064-A2-R4_A2g01791	135	135	100	100	135	100.000	278
MvSl-1064-A1-R4_A1g01479	MvSl-1064-A2-R4_A2g01792	84	84	100	100	84	100.000	173
MvSl-1064-A1-R4_A1g01480	MvSl-1064-A2-R4_A2g01793	103	103	100	100	103	100.000	207
MvSl-1064-A1-R4_A1g01481	MvSl-1064-A2-R4_A2g01794	490	490	100	100	490	100.000	1020
MvSl-1064-A1-R4_A1g01482	MvSl-1064-A2-R4_A2g01795	226	226	100	100	226	100.000	464
MvSl-1064-A1-R4_A1g01483	MvSl-1064-A2-R4_A2g01796	108	108	100	100	108	100.000	228
MvSl-1064-A1-R4_A1g01484	MvSl-1064-A2-R4_A2g01797	216	216	100	100	216	100.000	446
MvSl-1064-A1-R4_A1g01485	MvSl-1064-A2-R4_A2g01798	552	552	100	100	552	100.000	1133
MvSl-1064-A1-R4_A1g01486	MvSl-1064-A2-R4_A2g01799	902	902	100	100	902	100.000	1863
MvSl-1064-A1-R4_A1g01487	MvSl-1064-A2-R4_A2g01800	753	753	100	100	753	100.000	1534
MvSl-1064-A1-R4_A1g01488	MvSl-1064-A2-R4_A2g01801	1258	1258	100	100	1258	100.000	2590
MvSl-1064-A1-R4_A1g01489	MvSl-1064-A2-R4_A2g01802	134	134	100	100	134	100.000	275
MvSl-1064-A1-R4_A1g01490	MvSl-1064-A2-R4_A2g01803	100	100	100	100	100	100.000	205
MvSl-1064-A1-R4_A1g01491	MvSl-1064-A2-R4_A2g01804	107	107	100	100	107	100.000	221
MvSl-1064-A1-R4_A1g01492	MvSl-1064-A2-R4_A2g01805	125	125	100	100	125	100.000	257
MvSl-1064-A1-R4_A1g01493	MvSl-1064-A2-R4_A2g01806	553	553	100	100	553	100.000	1149
MvSl-1064-A1-R4_A1g01494	MvSl-1064-A2-R4_A2g01807	908	908	100	100	908	100.000	1893
MvSl-1064-A1-R4_A1g01495	MvSl-1064-A2-R4_A2g01808	359	359	100	100	359	100.000	752
MvSl-1064-A1-R4_A1g01496	MvSl-1064-A2-R4_A2g01809	74	74	100	100	74	100.000	147
MvSl-1064-A1-R4_A1g01497	MvSl-1064-A2-R4_A2g01810	230	230	100	100	230	100.000	468
MvSl-1064-A1-R4_A1g01498	MvSl-1064-A2-R4_A2g01811	251	251	100	100	251	100.000	511
MvSl-1064-A1-R4_A1g01499	MvSl-1064-A2-R4_A2g01812	773	773	100	100	773	100.000	1589
MvSl-1064-A1-R4_A1g01500	MvSl-1064-A2-R4_A2g01813	1042	1042	100	100	1042	100.000	2140
MvSl-1064-A1-R4_A1g01501	MvSl-1064-A2-R4_A2g01814	354	354	100	100	354	100.000	726
MvSl-1064-A1-R4_A1g01502	MvSl-1064-A2-R4_A2g01815	1637	1590	99	99	1615	98.142	3113
MvSl-1064-A1-R4_A1g01503	MvSl-1064-A2-R4_A2g01816	434	420	100	100	434	96.774	863
MvSl-1064-A1-R4_A1g01504	MvSl-1064-A2-R4_A2g01817	57	57	100	100	57	100.000	119
MvSl-1064-A1-R4_A1g01505	MvSl-1064-A2-R4_A2g01818	281	281	100	100	281	100.000	580
MvSl-1064-A1-R4_A1g01506	MvSl-1064-A2-R4_A2g01819	66	66	100	100	66	100.000	132
MvSl-1064-A1-R4_A1g01507	MvSl-1064-A2-R4_A2g01820	86	86	100	100	86	100.000	177
MvSl-1064-A1-R4_A1g01508	MvSl-1064-A2-R4_A2g01821	379	379	100	100	379	100.000	772
MvSl-1064-A1-R4_A1g01509	MvSl-1064-A2-R4_A2g01822	905	905	100	100	905	100.000	1889
MvSl-1064-A1-R4_A1g01510	MvSl-1064-A2-R4_A2g01823	495	495	100	100	495	100.000	1017
MvSl-1064-A1-R4_A1g01511	MvSl-1064-A2-R4_A2g01824	1374	1374	100	100	1374	100.000	2865
MvSl-1064-A1-R4_A1g01512	MvSl-1064-A2-R4_A2g01825	1006	1006	100	100	1006	100.000	2049
MvSl-1064-A1-R4_A1g01513;MvSl-1064-A1-R4_MC18g12263	MvSl-1064-A2-R4_A2g01826;MvSl-1064-A2-R4_MC18g12513	55	55	100	100	55	100.000	110
MvSl-1064-A1-R4_A1g01515	MvSl-1064-A2-R4_A2g01828	69	69	100	100	69	100.000	138
MvSl-1064-A1-R4_A1g01516	MvSl-1064-A2-R4_A2g01829	142	142	100	100	142	100.000	296
