111
54
0
0
0
124
379
196
236
272
0
0
68
560
126
0
47
1670
1180
0
291
380
195
46
0
45
360
0
475
385
939
0
54
0
550
53
534
145
397
0
341
91
751
226
608
111
61
396
78
114
0
270
603
0
390
0
421
0
528
603
0
390
0
248
353
148
0
194
0
223
256
320
596
104
187
168
153
964
478
91
221
0
141
46
342
0
695
0
637
623
115
76
227
348
156
302
322
84
541
215
109
0
735
391
283
149
0
0
0
95
166
126
65
225
0
188
222
317
775
79
326
74
185
992
554
62
216
439
492
279
801
71
85
279
801
71
85
279
801
71
85
279
801
71
85
280
136
486
269
451
71
518
294
537
0
349
165
191
100
0
487
214
772
335
446
386
283
892
746
0
520
843
400
603
495
222
669
449
337
76
482
504
144
209
1207
408
339
306
676
85
682
64
0
274
215
355
540
1130
319
485
553
674
741
58
436
446
149
717
44
529
685
283
247
411
0
0
939
698
180
383
146
1543
397
0
188
526
820
73
581
326
251
225
758
492
290
46
265
0
83
680
358
624
655
703
514
0
116
147
423
295
311
370
981
283
0
77
205
162
281
477
299
405
473
531
135
0
0
0
0
0
67
828
358
388
925
596
279
548
73
768
49
277
280
323
732
60
762
293
102
240
472
272
364
619
1410
423
465
76
309
309
117
357
201
260
262
79
600
431
150
287
331
668
186
0
0
580
392
692
460
0
477
253
0
399
406
894
332
634
279
235
241
181
409
77
1152
138
237
144
788
116
387
243
70
0
147
43
310
477
168
470
606
0
990
317
262
368
165
308
148
472
141
212
291
46
152
219
302
714
1021
271
627
71
419
147
301
0
329
0
377
319
40
0
94
397
280
183
122
0
160
78
236
167
358
477
482
775
262
0
116
0
136
163
0
0
0
273
0
429
1140
542
210
657
805
367
366
63
237
67
83
67
917
442
101
202
317
609
152
733
165
415
754
1006
169
242
389
293
577
190
312
302
541
0
792
173
1030
426
518
71
608
233
530
718
365
440
696
169
572
222
460
0
330
371
608
397
166
75
40
85
0
76
68
151
669
513
245
153
428
404
323
214
49
1424
116
539
616
535
458
672
98
216
375
260
61
44
349
0
271
342
428
0
117
750
454
223
394
333
0
672
652
386
231
370
89
650
532
77
48
252
606
191
254
566
519
246
151
724
601
188
492
539
627
354
213
338
556
245
565
267
709
792
572
625
158
270
155
141
131
143
239
73
197
296
635
143
473
447
491
617
154
327
354
795
179
372
537
478
613
120
337
688
1879
977
199
0
0
140
424
1059
129
175
297
238
49
155
255
333
516
455
99
161
177
0
318
220
272
720
309
176
200
91
366
476
245
195
0
68
53
426
728
317
0
359
158
53
0
50
234
147
496
222
176
602
719
0
151
208
0
55
0
308
278
221
220
700
771
1009
63
88
219
609
79
0
0
80
0
839
267
958
376
157
760
328
278
0
200
540
803
159
472
303
207
698
153
334
323
0
355
375
272
226
149
363
109
139
0
70
233
438
509
596
125
0
171
0
0
0
0
234
523
706
716
202
117
334
101
301
53
789
146
466
361
490
330
208
306
0
703
97
0
104
65
120
0
0
0
724
0
268
45
255
131
246
85
392
267
0
344
49
156
175
490
0
0
103
268
344
304
0
54
68
344
1063
167
0
344
637
669
73
0
731
40
74
0
371
0
0
168
97
949
79
105
0
326
1082
648
98
190
0
0
171
175
45
65
78
268
297
249
362
297
474
783
391
306
491
171
962
152
485
329
361
0
123
585
0
889
682
206
136
97
448
86
278
293
235
0
289
0
253
1468
0
859
75
42
62
0
81
296
89
330
631
416
410
297
270
994
126
58
493
0
350
179
995
0
272
86
801
0
81
167
155
0
349
0
812
489
583
92
356
0
78
45
98
297
808
0
860
356
0
377
0
255
48
114
1947
0
521
642
562
291
124
367
82
84
157
0
0
114
773
387
825
44
425
60
0
0
0
0
129
211
575
97
581
566
0
0
416
149
163
1172
158
448
186
758
630
477
422
0
0
0
0
390
383
1040
83
410
358
531
69
717
309
123
113
208
667
235
287
80
960
505
443
485
129
427
0
0
89
159
52
665
85
629
395
81
475
135
315
0
285
679
99
52
237
0
234
0
391
206
0
237
263
0
0
763
412
1089
213
273
433
86
0
163
404
120
65
704
0
0
381
541
74
51
328
240
70
489
638
640
387
135
315
71
427
0
311
239
0
0
505
308
456
74
188
469
220
0
0
263
567
753
78
71
299
153
527
259
634
684
634
392
371
840
0
248
564
164
796
48
180
576
0
350
0
0
347
220
442
879
750
263
358
249
345
96
336
776
219
769
303
663
131
0
642
1088
887
171
0
361
342
214
701
498
85
308
275
613
412
137
648
82
682
82
535
238
68
711
275
1086
201
103
298
740
298
228
68
585
853
289
0
917
734
406
761
515
143
223
297
178
0
68
1242
0
556
163
375
252
359
40
129
96
445
678
496
498
1348
604
304
86
219
208
576
337
867
154
1106
236
0
318
155
0
145
151
891
310
494
388
292
466
463
366
463
0
144
84
0
459
318
258
151
853
199
822
415
376
288
150
80
495
450
930
0
287
0
544
233
110
80
711
1069
463
172
622
287
43
931
180
409
249
351
488
207
504
498
1087
375
357
80
825
133
1213
353
377
669
487
853
92
1161
0
349
656
297
238
717
841
368
129
457
0
539
95
65
245
223
151
595
347
652
331
69
331
413
361
318
202
0
246
294
77
526
414
302
234
426
457
563
697
390
207
324
78
392
281
0
194
410
639
80
198
563
311
276
88
0
440
887
126
613
144
374
661
509
149
484
648
337
71
152
985
192
0
216
320
626
286
0
114
72
346
0
109
52
0
479
1431
316
1074
596
101
229
399
1004
560
668
354
49
100
78
0
230
381
1517
518
262
168
601
389
580
865
189
359
108
532
0
538
97
249
0
709
1003
341
360
188
376
879
134
47
568
370
702
0
596
452
318
146
222
645
42
485
337
193
147
363
0
665
375
261
886
426
0
665
375
261
886
426
0
665
114
249
178
55
296
191
0
208
748
375
639
77
70
242
0
1130
835
0
48
808
524
0
205
160
285
418
481
327
317
352
252
73
73
362
804
280
743
226
767
302
339
344
67
424
1002
236
166
387
411
99
876
382
324
0
377
254
388
989
141
264
125
486
0
262
396
309
287
135
339
295
186
133
144
62
106
64
41
471
62
0
110
0
93
40
0
136
848
274
457
312
345
621
447
498
192
411
0
226
386
0
0
958
820
393
428
385
583
679
584
70
881
330
591
84
365
221
300
74
82
0
0
0
179
57
0
55
715
340
852
690
247
603
320
252
278
770
104
428
0
695
294
554
244
0
103
383
279
97
145
0
131
689
417
280
472
197
147
258
248
0
104
389
256
395
132
442
349
40
0
212
0
711
1978
858
883
0
1180
0
355
291
250
175
774
366
40
0
313
0
40
0
0
0
0
123
393
248
483
200
493
335
229
454
317
530
699
117
163
215
231
55
395
45
0
134
158
63
132
41
681
790
289
0
330
297
1185
111
361
296
713
0
298
0
139
0
149
50
128
224
207
1088
758
0
0
92
183
0
173
305
521
65
80
235
302
418
267
139
93
379
255
0
92
221
304
363
276
399
332
569
252
432
830
156
0
544
54
186
540
301
46
305
164
0
319
0
177
44
260
279
434
0
192
58
142
192
162
406
165
65
0
71
922
0
826
270
67
121
700
382
445
154
0
890
267
434
530
842
242
62
0
194
63
119
702
531
954
770
397
278
383
728
79
0
923
433
341
68
149
452
64
0
451
47
257
76
579
0
233
253
315
0
310
93
212
543
292
823
869
165
224
661
554
68
244
82
236
928
478
0
242
748
394
363
361
151
488
0
429
621
541
244
0
386
594
437
309
540
499
396
978
832
672
0
325
639
0
0
49
534
106
670
239
659
58
0
73
505
1018
84
506
539
460
78
701
0
297
76
306
334
548
787
574
74
456
0
111
205
735
704
793
344
284
0
54
464
668
98
827
153
0
105
729
497
83
269
451
256
159
0
41
364
87
929
779
190
65
395
441
292
238
1170
244
120
240
597
471
266
357
0
87
429
434
752
120
654
0
186
118
0
583
320
47
560
306
0
492
368
1657
450
359
173
0
268
41
0
140
139
365
143
0
789
1334
531
0
0
0
137
692
557
604
444
44
0
197
1832
1089
0
0
1575
0
139
0
661
876
236
677
809
0
450
0
48
291
786
0
0
0
353
278
0
161
0
47
52
272
84
52
52
603
130
947
542
1021
42
372
51
396
0
56
330
209
185
136
134
1344
722
313
1322
0
0
66
150
495
82
660
140
942
142
0
132
252
0
66
413
234
1107
546
135
0
178
155
0
0
113
843
85
152
595
560
601
226
43
271
566
439
757
561
540
52
78
0
276
171
199
0
162
233
112
95
298
162
68
861
488
361
416
376
607
356
295
831
0
413
401
553
151
150
518
434
416
0
269
52
0
0
141
571
1616
0
137
1102
98
559
137
558
312
923
0
173
257
435
390
548
144
207
518
137
613
360
711
73
452
293
80
195
821
790
638
350
0
459
750
0
124
599
679
0
154
162
129
0
870
222
306
747
928
224
385
402
487
167
493
456
77
654
671
0
471
98
227
811
357
382
435
499
0
77
491
0
164
1073
350
462
282
74
0
442
183
200
351
231
286
323
141
354
456
298
303
586
391
174
303
182
625
522
308
447
260
145
354
293
587
156
559
387
393
0
637
688
83
375
68
542
55
634
0
157
380
204
195
206
447
642
373
697
69
469
183
370
82
425
212
359
64
87
702
398
793
861
0
0
123
96
228
924
81
412
229
0
0
81
81
0
296
105
316
0
0
55
81
0
0
0
81
199
171
0
515
467
41
61
56
81
573
227
407
235
78
0
234
0
364
0
79
72
721
78
344
568
0
77
0
107
461
0
463
376
47
277
95
0
285
429
435
630
149
278
568
61
133
142
424
53
304
125
180
0
304
539
236
453
115
142
172
165
206
565
695
0
0
277
96
425
189
480
306
282
190
0
283
0
274
385
177
468
251
883
679
79
96
854
221
402
156
665
959
224
0
219
675
541
119
73
0
1027
466
584
0
117
0
132
0
301
251
0
180
316
558
692
656
490
621
616
237
142
630
191
70
731
869
347
0
286
915
374
611
148
70
806
59
379
336
225
158
129
99
170
53
0
0
384
0
356
133
101
344
685
276
134
705
1093
409
606
324
211
413
275
312
421
242
514
952
299
354
190
312
279
148
252
326
159
0
65
264
0
160
560
481
169
0
420
449
338
146
504
449
284
395
251
219
317
72
1385
68
87
622
208
157
119
156
0
205
153
251
107
607
203
206
146
497
448
265
1507
698
93
74
48
398
401
945
434
292
260
316
133
590
177
986
526
927
80
736
427
687
512
857
0
511
195
0
309
828
80
0
635
394
229
321
357
811
767
1040
657
252
314
252
848
571
370
136
403
170
0
534
60
454
356
0
704
0
0
429
93
223
521
196
0
105
920
226
381
639
0
190
163
0
239
0
0
0
253
346
439
836
616
467
100
0
339
1117
0
486
0
332
226
161
89
138
382
118
142
206
99
384
251
172
1338
621
0
317
356
245
436
431
89
194
89
492
187
96
0
147
322
581
0
628
269
147
405
139
154
245
218
463
294
80
0
89
0
356
434
686
0
0
176
1413
192
648
435
157
443
42
0
47
797
837
85
0
525
636
454
74
0
0
646
218
392
244
421
397
226
70
112
419
833
511
392
664
637
465
623
278
569
847
944
222
428
749
618
693
431
191
0
1682
0
0
331
73
254
147
668
171
157
680
50
0
154
519
445
119
550
0
202
149
95
0
957
439
0
356
441
251
0
0
533
716
0
227
340
463
0
627
0
905
459
547
263
541
318
474
196
240
462
85
560
525
848
1230
250
58
489
401
201
1050
680
0
0
151
427
528
201
396
222
394
382
136
444
417
0
52
374
508
705
417
0
1001
433
230
260
208
74
309
144
0
1070
407
485
208
578
209
341
0
521
398
509
263
143
233
237
732
88
499
191
135
140
537
636
641
1354
79
405
195
1081
161
219
642
595
0
603
463
186
242
0
746
0
78
419
172
779
729
278
219
156
144
167
187
434
149
77
86
791
599
594
349
335
242
160
276
357
283
61
0
46
846
199
52
0
341
370
948
488
445
224
187
820
114
506
566
258
0
608
169
0
249
556
356
1766
1252
161
56
297
370
553
124
469
245
274
291
372
302
279
298
321
81
327
130
53
760
92
0
83
243
655
894
866
141
559
1027
747
1098
121
847
767
438
58
493
231
410
598
229
0
535
278
95
202
74
77
143
745
238
134
559
269
228
242
749
263
529
485
124
537
404
1052
0
552
148
102
2669
744
148
492
1016
447
492
176
390
0
272
414
829
594
667
145
77
0
421
0
208
517
245
323
0
386
0
315
68
75
1306
206
0
1063
69
244
239
321
86
0
159
75
0
746
723
0
47
228
0
0
0
643
448
71
255
0
0
690
509
171
371
169
98
229
217
347
489
0
74
409
343
43
455
416
796
451
497
680
368
429
410
0
595
761
171
0
1002
522
967
201
152
357
394
442
433
600
240
508
420
337
0
208
334
0
196
445
489
415
642
630
454
965
143
273
0
0
499
557
512
437
0
360
274
503
76
573
214
52
471
147
250
603
372
695
611
160
144
293
376
324
561
196
621
306
1095
515
273
690
638
963
878
194
757
253
231
643
176
561
83
442
258
159
0
809
75
671
309
322
152
240
164
640
150
119
842
232
596
333
140
0
0
666
249
181
1393
83
241
575
230
340
367
584
440
631
830
865
120
137
0
0
92
135
84
434
323
246
399
263
1602
171
0
382
676
79
91
704
228
334
171
181
763
311
515
427
203
167
196
520
542
943
252
73
246
272
141
104
47
51
41
0
145
207
796
57
310
0
307
53
661
504
255
953
316
44
0
221
413
953
459
0
44
73
196
246
332
1057
68
464
0
654
368
735
816
308
262
234
118
0
0
420
51
269
225
495
625
222
185
439
0
292
727
279
539
355
72
707
87
1334
217
123
118
340
236
96
693
406
1342
174
266
272
83
244
684
0
286
431
360
445
0
75
466
235
557
319
0
0
91
659
391
113
238
234
279
232
431
166
0
160
388
391
244
0
141
1144
316
252
0
0
0
338
0
630
112
261
254
765
0
80
699
1035
728
129
479
782
309
85
0
475
244
906
1021
879
122
90
64
65
514
269
222
263
349
439
0
234
0
182
0
428
0
280
871
222
269
184
466
0
261
212
1372
168
400
702
0
495
59
465
579
43
0
216
616
740
689
1492
706
596
518
352
88
506
338
515
123
0
223
805
521
0
315
83
75
83
0
0
237
138
287
239
152
172
1177
219
597
919
630
90
0
300
944
1126
177
923
160
0
42
609
220
41
1163
70
1019
208
602
0
433
0
570
564
336
452
438
619
728
0
666
631
141
64
146
398
0
393
110
1023
344
286
90
207
299
153
932
871
330
773
375
129
377
143
261
0
96
558
418
199
166
52
184
173
0
225
492
595
85
0
171
75
0
0
117
764
187
0
135
495
50
69
0
0
0
341
0
0
374
141
713
0
0
593
0
0
0
438
138
99
131
0
0
378
647
188
104
87
591
456
45
46
846
392
1182
364
0
1007
45
479
0
218
0
0
277
0
478
45
1119
1257
0
262
1716
392
846
490
291
0
229
0
225
157
110
0
429
0
0
308
300
40
562
271
398
0
54
318
154
207
564
0
244
699
210
206
57
1424
333
194
108
121
663
164
510
0
196
222
468
0
884
98
265
567
305
1266
740
90
79
188
252
500
0
403
367
746
0
344
153
583
224
488
226
956
93
88
104
548
0
411
987
284
434
0
410
245
0
59
283
296
358
366
207
0
491
513
829
448
354
59
0
595
0
939
0
182
84
281
44
0
46
239
58
126
767
0
295
554
141
149
314
59
0
52
264
328
702
1843
110
867
134
333
279
312
542
75
1493
197
439
214
304
594
490
989
0
214
59
228
0
483
61
147
561
625
295
41
234
551
552
246
74
104
498
443
623
138
0
0
0
138
0
500
445
223
467
439
80
203
117
181
283
487
856
0
0
1474
79
0
74
476
315
0
0
82
670
232
449
276
143
284
0
471
391
194
718
338
484
654
456
718
754
558
74
590
985
778
653
236
1537
469
174
257
100
383
515
293
619
601
358
216
0
1204
421
1048
478
598
260
384
470
516
0
743
384
83
0
264
423
284
222
0
378
418
373
50
0
89
0
502
301
0
925
516
255
243
611
135
0
454
222
84
0
699
70
650
0
142
119
812
294
614
1198
0
170
154
85
655
1124
155
77
0
279
171
543
1081
613
0
0
152
291
643
582
370
0
554
218
340
180
357
537
144
568
0
128
0
599
301
645
325
455
819
146
840
374
196
84
390
441
323
1243
596
125
93
0
836
276
672
0
746
81
0
213
560
183
74
60
411
686
0
746
499
0
120
0
384
95
0
445
1003
0
0
243
979
0
142
401
73
296
168
215
0
40
244
133
0
567
116
724
118
324
432
373
0
45
41
143
268
54
0
338
210
579
0
260
211
0
0
303
313
364
227
220
169
103
505
117
357
602
651
127
0
0
199
441
237
439
105
302
56
49
497
875
445
431
0
664
77
488
121
0
257
204
61
904
559
886
624
306
318
249
1069
497
277
0
1266
76
1058
264
846
494
564
0
60
0
0
586
536
109
81
169
81
909
0
342
614
420
612
574
449
258
0
102
101
271
233
272
164
560
171
140
179
183
341
686
179
476
0
0
0
418
558
649
520
0
580
394
0
337
85
364
72
346
505
1376
397
226
147
129
561
219
105
424
361
95
179
904
295
131
896
233
117
129
0
0
583
624
385
0
472
395
40
73
378
52
96
630
693
79
512
0
226
74
180
0
367
347
1255
721
158
205
41
360
172
169
181
922
139
600
0
116
422
152
80
187
133
647
775
118
1071
402
0
155
64
0
343
0
139
444
54
0
0
0
367
82
275
198
53
260
277
0
90
63
0
59
0
243
147
52
253
362
89
189
830
48
874
311
638
120
1181
0
549
0
706
528
1003
339
209
162
224
458
0
516
301
257
379
324
548
395
300
286
75
268
464
59
0
421
0
405
146
195
0
0
0
70
1146
280
615
131
0
325
659
418
363
735
149
639
374
247
467
352
401
83
166
198
401
858
193
218
352
154
0
67
0
76
83
389
0
440
723
64
378
0
366
872
160
468
442
335
223
314
430
132
0
467
0
719
826
145
312
416
0
116
0
600
100
132
52
491
47
286
0
0
0
334
578
181
81
117
688
103
0
136
191
0
103
688
145
0
0
148
158
82
0
255
82
261
99
138
633
359
172
0
265
0
465
355
1077
52
203
0
289
76
64
97
265
273
0
0
629
306
917
640
1253
672
995
0
531
738
642
164
209
789
432
565
71
144
320
508
0
40
316
679
177
170
0
572
232
74
429
990
513
231
43
179
45
806
214
318
875
307
333
145
79
717
75
58
465
366
430
443
76
0
327
0
286
217
0
742
121
0
206
74
170
231
142
197
0
667
470
0
814
0
41
70
55
626
57
646
332
51
0
0
0
0
54
0
0
56
541
307
541
90
0
0
452
0
0
49
545
44
356
374
548
127
47
109
180
0
483
148
208
144
70
47
302
432
101
269
0
751
0
531
897
116
0
328
98
142
211
0
665
343
791
63
0
46
128
0
0
156
447
172
442
329
762
209
0
1681
112
77
0
830
111
0
269
385
0
128
136
0
0
49
488
917
202
506
119
431
88
390
74
945
444
245
726
0
144
673
0
337
208
209
72
68
0
199
595
162
493
306
80
323
443
257
92
72
61
171
127
0
542
207
329
0
131
385
990
0
96
174
536
172
0
143
1098
232
96
174
168
275
0
689
682
0
1044
0
743
60
0
0
0
282
570
0
144
673
0
385
131
415
223
101
0
67
163
318
727
128
1152
731
231
0
198
273
402
0
0
0
337
62
136
136
386
41
98
0
149
248
0
0
317
216
186
538
960
295
0
1031
322
278
78
94
272
52
365
243
0
484
0
349
0
0
235
595
176
819
152
479
155
0
221
743
1171
146
47
72
70
580
337
151
166
91
620
143
90
0
0
298
57
765
244
0
306
0
171
96
58
564
82
723
131
189
89
41
1058
151
146
686
259
110
277
41
0
47
0
1291
230
56
689
777
437
894
192
414
390
230
70
607
373
0
391
667
395
726
848
64
0
84
787
65
0
652
123
0
527
348
0
529
1276
558
671
94
0
525
300
484
518
214
569
243
437
137
228
0
441
69
83
150
791
138
184
0
581
370
45
721
527
361
435
884
0
74
0
402
143
462
676
107
0
410
125
0
317
124
138
177
43
44
121
56
0
0
216
0
215
1197
0
53
53
526
95
0
627
808
118
83
704
85
0
125
47
83
211
293
79
270
131
469
45
296
432
170
288
358
0
214
118
244
448
740
65
48
316
63
642
665
66
0
267
117
370
57
82
169
99
658
529
440
0
537
411
1024
369
329
448
58
437
0
895
638
186
167
473
585
664
0
90
53
93
0
337
502
1689
0
665
0
253
0
0
656
135
164
383
119
281
67
326
96
568
616
55
95
0
0
55
172
619
51
72
240
0
782
0
0
45
172
94
0
197
326
1445
937
759
108
79
0
226
206
716
0
107
0
0
0
262
615
126
200
95
567
40
541
681
0
1557
218
43
291
0
0
255
133
291
929
98
454
0
0
211
78
1037
257
200
40
138
43
0
770
223
40
635
614
0
650
286
0
255
581
633
194
331
258
0
0
0
0
0
408
0
204
173
0
213
296
126
55
142
0
340
0
242
0
465
403
0
0
0
651
537
0
337
170
97
0
0
0
0
325
152
382
334
81
0
501
360
621
276
136
348
832
0
117
48
0
1114
0
0
167
776
455
56
1120
74
438
48
124
0
287
0
97
0
463
0
0
158
354
385
1026
570
305
229
754
323
130
125
0
93
266
1150
963
895
105
167
106
0
0
0
557
713
0
225
0
45
169
608
689
0
71
345
155
463
316
290
126
146
985
891
0
67
284
612
87
376
0
588
399
51
556
286
324
0
215
276
93
250
401
219
521
420
284
469
1126
208
231
0
843
1022
328
0
0
0
167
811
49
48
184
508
301
292
0
322
46
72
322
302
0
157
345
238
0
248
88
1248
0
97
836
591
394
164
497
138
367
236
60
1842
0
0
418
455
0
416
310
243
125
109
405
294
320
301
229
64
522
715
59
252
1235
644
295
0
367
0
0
385
118
111
0
521
56
138
75
1497
583
402
352
0
332
0
329
552
438
51
1902
447
91
0
155
602
117
116
77
956
109
91
55
391
192
314
0
176
87
221
138
195
448
515
66
223
822
154
165
142
790
385
167
429
74
382
167
556
77
144
0
899
131
0
260
296
290
162
189
140
616
82
89
461
40
177
295
130
71
545
1299
490
0
1123
124
260
541
0
0
1078
605
119
761
0
0
68
160
93
117
43
349
0
0
442
68
1152
337
75
344
0
167
74
441
373
681
432
0
0
379
124
0
643
72
0
433
452
0
681
433
0
74
0
498
0
253
153
442
0
410
92
0
514
71
75
324
380
76
342
224
0
69
253
377
311
0
64
345
42
414
314
134
345
563
421
235
208
210
646
42
211
0
429
421
107
422
427
221
68
0
356
0
0
422
761
0
0
513
0
1132
0
177
475
62
73
317
734
473
191
463
863
268
72
114
189
75
387
488
355
624
914
0
215
241
724
565
569
484
615
63
356
247
144
583
890
0
289
267
637
634
385
0
74
211
229
443
425
436
144
199
315
190
262
543
978
163
704
236
237
828
365
591
460
0
0
899
358
292
452
119
215
171
530
0
40
862
232
269
222
697
187
570
382
80
260
686
423
735
427
436
452
0
303
225
191
854
276
331
165
505
1290
107
336
627
534
898
0
0
0
386
172
0
228
824
910
113
206
302
824
0
899
531
1708
497
320
120
166
70
0
179
112
480
268
620
313
143
409
282
410
1082
707
115
465
243
233
127
526
282
152
282
379
430
321
465
752
685
212
336
214
692
144
552
0
587
0
0
46
180
412
158
64
374
0
52
664
585
72
358
105
186
226
413
85
177
947
417
166
94
303
0
52
0
101
322
148
0
938
0
335
1262
178
366
388
0
512
686
516
684
0
127
193
0
402
0
237
546
118
950
51
659
0
0
255
0
0
207
558
0
790
0
0
105
255
49
119
0
0
0
218
55
111
138
310
552
130
272
714
204
272
1013
1383
529
325
294
66
284
62
875
404
284
62
45
62
951
62
45
62
875
1250
263
108
0
111
0
0
44
0
0
0
422
154
1028
176
358
0
0
188
0
49
120
0
304
240
112
1066
149
51
342
1283
91
0
165
89
100
0
273
0
130
297
94
106
643
69
316
540
222
325
0
112
0
73
64
240
157
0
216
450
94
205
772
354
98
133
113
128
91
0
92
156
103
45
0
0
1237
64
58
151
51
198
224
169
637
218
721
360
516
420
416
368
0
497
588
450
311
880
1028
0
151
777
524
1028
196
176
0
157
244
615
417
1173
104
74
0
604
391
0
0
69
73
0
282
0
59
520
393
335
332
0
419
162
0
0
417
1089
139
693
553
322
696
354
379
419
268
458
396
413
71
60
336
319
69
0
335
860
380
645
384
256
568
785
81
0
422
40
1340
184
766
0
104
199
288
864
542
298
208
208
163
335
308
0
0
1034
657
366
758
0
283
360
227
439
506
643
389
449
920
232
0
81
0
0
498
722
0
720
279
460
470
0
203
99
174
1071
388
143
92
579
40
264
115
256
731
62
78
56
572
89
504
308
0
179
1051
220
66
0
0
786
1725
194
73
204
0
908
345
215
764
329
111
184
291
338
108
917
479
404
174
390
280
330
66
0
668
0
269
85
279
234
334
706
736
672
378
346
0
391
813
0
616
291
773
446
259
611
708
148
864
0
138
651
73
158
918
111
727
0
396
306
75
398
220
52
291
0
335
133
600
434
90
416
1014
728
525
2506
2582
288
278
0
530
376
69
68
450
137
105
0
751
886
175
84
252
61
0
259
333
288
696
0
244
473
346
1206
364
253
685
465
714
334
843
679
493
424
349
306
256
372
186
182
261
0
122
77
219
165
176
380
112
480
225
307
348
396
193
79
534
253
389
135
233
486
152
586
164
291
223
188
409
0
1085
567
714
346
271
275
1036
626
251
531
1031
678
98
327
497
411
837
445
240
1043
241
0
101
819
262
185
111
150
190
118
406
0
74
104
439
589
223
552
361
449
748
52
341
0
274
47
46
152
0
153
0
195
76
296
332
104
74
0
311
0
0
691
54
447
240
964
68
1202
503
348
629
0
0
138
342
674
867
393
206
623
230
369
688
485
693
104
276
344
656
307
735
279
426
73
94
355
526
224
66
70
342
277
197
1023
96
0
354
577
77
0
221
183
74
0
936
115
229
0
510
61
190
369
501
559
324
485
524
54
535
0
159
438
276
344
271
234
68
332
0
0
74
269
423
350
506
0
632
362
135
1030
661
476
743
285
189
332
484
407
351
395
568
371
455
545
0
367
68
364
98
0
373
487
69
239
70
697
310
398
54
329
242
486
505
362
315
554
793
588
646
382
406
130
116
0
73
157
0
569
426
383
738
940
245
530
154
195
137
679
83
303
596
220
0
134
143
49
720
0
245
558
126
221
852
407
236
452
777
576
185
137
509
0
214
426
356
43
71
242
156
441
386
83
212
277
78
362
488
316
0
0
110
0
662
127
196
71
412
147
64
71
542
932
590
0
322
265
595
766
135
394
447
442
562
712
256
549
269
589
159
0
0
496
93
0
176
53
925
422
141
662
430
2495
2636
0
418
0
421
485
173
422
253
312
512
0
76
0
221
762
232
1461
347
223
78
77
307
819
477
319
376
706
401
697
384
458
555
422
468
214
213
325
403
95
146
238
699
334
520
673
0
658
67
300
242
0
0
84
75
116
130
264
0
351
52
0
210
676
348
812
736
0
321
612
361
48
360
243
74
406
517
0
360
529
387
429
426
426
217
44
79
459
230
349
610
499
102
458
202
247
359
139
104
707
378
157
539
62
192
78
172
1485
326
408
1049
110
133
107
561
0
56
169
321
0
268
80
140
255
48
49
448
454
421
0
439
252
231
193
0
134
0
107
561
0
56
169
321
0
268
80
140
439
307
400
0
0
89
1384
0
0
0
322
61
0
311
1010
741
216
320
303
433
422
75
491
521
663
451
624
319
311
457
242
283
69
342
0
352
745
396
0
195
0
142
575
631
993
388
89
919
328
364
413
104
0
0
0
304
357
139
266
87
306
732
0
151
71
408
96
535
562
54
0
210
44
0
0
44
210
0
296
0
0
67
71
174
235
672
361
186
562
451
0
372
167
283
496
781
271
308
567
133
192
142
179
79
374
254
0
73
621
91
600
451
307
401
701
734
622
737
90
565
667
359
90
0
585
317
259
294
83
123
286
168
0
0
363
242
635
437
871
234
149
937
520
71
359
343
160
69
0
431
545
251
65
622
420
598
0
244
160
259
70
0
621
42
83
765
303
489
1018
815
711
759
0
439
0
89
156
853
74
227
798
76
259
311
0
256
233
482
607
71
800
307
92
413
663
292
98
609
79
105
304
999
176
169
717
167
321
817
744
151
144
770
412
205
315
243
58
656
403
519
68
481
98
153
924
542
530
146
468
79
663
63
140
571
173
309
415
89
541
300
64
91
295
428
376
153
277
271
575
284
348
74
0
255
779
0
0
52
594
794
280
548
0
0
93
422
350
285
271
358
40
873
85
96
820
141
240
158
0
0
151
0
104
447
250
174
197
460
0
196
506
240
389
491
184
403
968
106
79
0
114
801
164
271
203
342
317
427
689
0
537
284
123
110
211
113
498
323
403
184
578
606
122
226
114
0
318
106
311
526
341
0
624
523
538
0
349
395
460
0
0
829
760
304
183
461
304
89
0
423
138
420
233
1265
534
526
52
841
136
0
107
452
829
392
616
343
282
243
0
164
512
418
191
595
511
366
234
560
553
489
740
262
105
607
0
296
553
203
0
545
264
261
871
502
167
298
169
0
182
302
372
292
385
73
440
344
239
693
149
904
408
412
0
578
157
138
789
269
0
0
643
979
248
254
358
790
315
298
315
200
737
430
322
135
206
288
138
338
1146
152
273
538
460
463
0
558
625
0
0
625
494
186
150
190
211
595
79
320
346
232
184
1181
1018
0
0
540
677
641
0
833
728
225
0
0
91
204
423
257
1118
357
1118
694
408
476
312
783
182
619
560
0
194
446
278
215
361
558
656
283
456
480
69
128
0
111
139
474
80
91
219
216
166
60
797
147
119
348
673
424
755
213
613
87
1510
170
851
696
455
473
709
319
310
1143
0
222
591
685
0
253
73
226
312
170
630
226
363
42
0
68
511
255
174
404
217
0
771
266
347
526
128
561
0
331
124
0
53
222
0
97
254
254
387
839
534
0
99
41
322
884
61
113
0
869
379
138
0
538
393
194
78
568
0
0
1388
124
233
106
639
96
307
112
583
296
578
400
285
413
66
0
352
135
177
505
122
157
591
658
324
222
0
204
1048
197
374
0
791
152
47
41
0
0
53
0
0
95
0
228
114
0
0
135
738
179
0
699
0
225
321
206
294
552
512
247
192
367
167
503
477
543
225
252
272
67
629
134
0
0
567
763
405
0
0
0
69
0
0
237
201
167
0
74
0
1084
0
83
543
0
125
0
0
261
0
70
129
468
101
74
63
68
394
319
82
484
138
589
310
585
622
0
68
335
316
459
287
76
175
690
75
275
0
541
337
0
632
102
124
371
172
196
288
1794
363
359
836
0
802
85
534
399
511
0
208
207
69
0
0
239
495
336
397
0
0
904
976
458
285
351
274
403
71
0
0
494
214
427
0
329
94
0
256
106
0
0
0
153
285
0
577
0
871
279
246
449
269
769
492
342
76
973
786
69
340
228
244
325
259
384
268
840
277
657
171
172
172
1116
793
494
152
258
0
359
101
79
0
80
852
196
172
56
155
70
726
581
453
175
89
74
0
81
171
0
0
391
436
345
241
1071
582
235
142
407
92
487
474
279
521
643
0
97
651
136
0
191
648
1272
459
545
0
331
58
703
131
54
54
131
703
340
378
407
504
765
301
955
555
0
236
278
0
233
606
158
247
48
464
159
775
1461
446
294
70
634
0
373
277
0
374
67
0
707
300
152
339
445
198
76
508
1342
267
1056
562
570
0
0
175
369
142
1410
131
498
275
276
0
429
246
401
211
416
601
345
0
110
472
0
0
520
298
47
197
47
298
0
110
0
299
178
382
130
94
437
128
486
372
0
534
265
816
130
241
259
761
94
395
138
0
507
1239
292
695
151
69
86
511
247
301
614
135
385
427
142
518
372
239
452
139
322
358
294
366
404
623
155
233
335
1036
138
43
237
0
186
0
234
0
323
352
73
68
267
484
539
329
622
246
209
854
393
451
229
171
0
319
737
675
83
287
292
387
90
383
0
549
536
301
88
130
263
91
214
282
758
479
577
413
495
102
260
345
219
259
372
207
364
147
130
109
138
106
0
0
221
0
561
236
546
246
248
356
402
493
844
325
73
71
101
310
120
274
352
195
659
469
275
298
437
617
676
303
896
387
280
74
274
49
528
585
446
271
550
905
0
280
83
669
0
764
0
94
160
947
510
849
87
71
301
508
275
142
86
526
157
274
108
125
41
945
521
881
502
212
446
278
478
369
362
237
0
302
329
629
209
316
301
1091
462
357
153
831
58
209
0
0
74
61
0
312
103
157
255
114
0
88
649
414
141
59
0
111
0
331
0
58
152
378
56
1222
310
0
291
48
0
1180
0
355
949
1361
325
186
893
1386
304
69
0
0
390
0
358
678
852
0
54
181
283
882
364
0
716
0
69
791
1215
181
614
0
365
164
688
472
178
535
73
86
52
336
139
336
186
720
224
127
198
483
971
68
166
215
113
0
90
180
0
403
369
0
131
533
1345
594
598
419
594
0
146
603
605
440
514
0
694
0
97
49
52
41
103
595
0
104
84
482
0
214
168
670
369
324
303
527
189
552
0
135
0
823
384
0
157
155
89
0
250
501
746
902
0
637
404
399
587
0
917
204
97
0
0
0
148
578
913
161
267
384
569
0
49
154
0
278
104
248
0
461
640
0
369
0
152
684
587
0
169
436
417
183
170
278
186
443
594
156
1539
499
119
394
197
441
265
49
279
308
177
433
0
215
118
1064
629
252
311
497
325
0
0
354
50
228
0
409
61
152
480
359
504
438
67
235
1781
757
345
0
106
253
105
0
54
191
276
0
378
345
0
106
253
105
0
54
191
225
336
197
222
623
412
338
665
0
360
1298
177
361
704
856
0
388
287
329
451
151
273
173
1281
591
159
1001
359
338
0
82
171
296
504
1627
460
226
266
0
500
629
996
175
215
971
859
484
762
265
222
138
797
454
595
418
94
286
630
730
741
0
1005
651
456
1073
110
52
83
329
0
0
128
316
878
574
64
254
652
525
403
346
444
315
541
0
0
1049
792
118
325
84
92
352
249
0
53
165
133
571
82
0
0
255
386
370
1290
445
344
578
326
83
373
103
481
337
76
397
939
687
312
254
375
276
479
0
87
289
319
74
544
151
137
534
315
114
111
319
48
94
137
248
318
842
449
175
1441
768
331
986
679
0
501
249
0
0
835
301
322
133
438
58
690
54
324
301
710
115
117
329
152
634
157
173
377
319
175
1004
900
225
471
174
107
430
121
362
805
501
0
272
1249
41
501
0
817
379
211
410
286
609
377
61
74
985
75
213
435
764
790
1747
487
882
73
221
270
248
278
427
120
307
189
0
390
279
123
401
941
180
96
47
444
428
134
934
309
462
743
351
514
0
0
207
117
192
189
292
204
173
404
0
0
85
0
266
89
128
257
198
368
224
75
515
223
462
377
337
0
212
355
151
1035
448
193
277
290
143
189
639
300
143
443
370
73
316
226
202
234
140
565
0
73
336
759
1122
0
250
0
560
151
54
0
748
482
96
367
649
0
219
0
923
542
119
73
55
1171
466
558
364
167
207
533
306
178
187
607
622
0
0
0
59
850
0
447
590
741
354
0
396
78
0
0
623
316
74
559
74
90
188
350
106
71
236
196
379
124
0
0
224
230
94
0
0
316
0
0
70
45
330
572
196
262
244
0
126
563
68
0
0
319
262
196
263
163
0
228
546
161
170
40
519
747
94
521
0
0
94
0
482
98
658
298
184
0
340
64
239
256
372
0
709
790
316
0
0
0
127
657
389
50
544
516
568
420
376
47
146
706
250
0
625
716
404
256
302
659
406
675
1409
412
686
222
419
0
0
488
330
275
808
304
178
468
388
220
670
103
595
640
218
988
661
673
605
408
62
435
159
169
1373
361
736
310
584
313
137
501
857
468
360
524
358
481
182
540
47
89
843
171
1507
319
211
343
599
0
73
0
777
0
500
146
122
521
714
77
0
0
71
781
478
827
123
448
441
154
629
271
216
95
812
74
82
80
998
576
80
120
224
1211
326
235
1276
91
423
576
269
505
474
218
555
340
254
627
210
482
0
47
0
0
584
269
195
271
154
367
439
0
0
1172
406
0
0
612
0
50
274
0
142
93
50
0
216
303
124
559
218
1451
218
1022
1117
310
138
111
0
959
0
40
365
754
925
0
815
436
254
596
1337
50
244
0
638
442
291
192
108
0
111
0
0
0
810
0
0
92
0
250
93
769
344
346
176
233
43
81
151
1005
271
269
0
52
436
484
657
675
0
95
552
572
592
428
49
181
52
460
243
138
413
94
1030
72
255
491
0
83
665
66
424
0
498
1282
443
419
233
459
0
151
958
102
0
472
0
259
281
161
0
77
633
0
0
269
0
465
388
168
445
534
179
603
63
58
2898
295
164
461
92
171
0
0
186
83
586
148
160
372
439
681
447
0
0
140
0
262
437
534
700
164
405
155
233
500
355
408
0
0
144
504
456
836
90
566
569
166
73
510
387
727
1006
548
267
541
355
627
494
768
358
95
0
0
434
496
166
345
345
413
103
426
443
376
130
897
552
491
190
131
517
795
85
318
252
554
84
476
848
267
208
78
275
146
351
962
246
385
617
681
618
313
0
346
60
223
67
356
500
239
235
1251
81
376
608
363
467
319
367
405
196
296
723
798
885
523
802
494
169
268
423
123
357
116
182
83
119
89
167
167
205
0
677
385
174
387
637
445
230
143
560
0
83
92
232
269
695
189
190
0
397
219
147
123
839
899
699
361
0
0
100
367
562
517
817
823
0
336
615
495
0
99
305
814
488
113
379
379
77
208
83
309
903
155
0
827
125
77
1769
266
223
252
664
209
546
320
249
0
338
374
148
682
296
565
70
370
236
216
594
508
54
489
74
0
0
0
0
0
0
330
419
558
67
103
400
0
0
168
402
522
165
724
859
195
282
465
147
791
0
177
0
0
904
828
168
181
513
156
0
215
286
0
421
0
286
927
394
0
0
448
452
520
1041
90
0
732
106
271
845
332
508
307
574
643
75
69
981
877
44
786
592
221
267
532
153
198
312
736
0
197
78
0
97
707
67
545
72
873
495
566
112
335
133
565
195
101
0
452
492
1069
818
547
646
238
0
532
49
312
0
154
693
292
194
293
547
425
248
244
170
293
495
185
238
479
170
327
404
217
632
455
117
635
93
68
267
0
246
93
392
200
166
0
58
1221
42
0
1033
157
527
591
46
89
487
1049
0
44
0
297
361
343
413
68
783
297
227
47
43
114
264
218
347
643
1103
1168
535
185
132
481
479
80
180
0
620
65
481
657
81
83
210
506
1168
501
639
324
41
328
675
534
621
47
0
0
0
1049
712
0
365
394
1022
457
372
399
506
299
92
0
774
641
631
295
944
1755
627
258
529
981
653
721
615
261
138
0
249
584
190
442
445
292
0
322
214
178
68
80
326
80
383
597
615
282
387
249
488
114
0
0
215
878
379
635
0
302
328
301
73
447
234
376
170
0
0
76
233
241
0
580
528
74
192
572
606
559
226
582
389
496
172
50
628
74
220
459
241
0
74
196
340
40
128
315
326
562
159
793
166
600
774
186
206
502
366
130
151
223
556
359
438
128
463
695
900
0
164
0
163
449
746
435
0
347
1008
258
212
320
95
117
665
665
720
136
301
223
0
0
243
52
187
0
0
429
346
890
313
519
390
294
574
426
632
159
121
0
0
155
493
922
218
670
141
65
120
168
0
218
0
0
0
479
485
292
268
796
0
692
535
0
0
95
577
283
503
85
144
924
216
567
867
485
463
0
591
658
331
759
485
0
0
172
824
245
367
527
309
484
77
267
853
1013
682
329
0
321
350
717
535
0
263
593
511
214
225
250
566
349
486
62
213
284
330
331
62
518
432
127
431
0
297
465
0
107
997
688
213
509
90
464
307
345
243
388
462
372
0
426
324
185
94
162
74
513
554
79
158
520
167
507
421
605
1143
299
351
0
352
0
85
346
451
484
439
248
563
349
344
192
475
0
223
393
483
329
384
543
134
749
254
143
96
293
414
683
0
1072
425
92
604
778
382
453
648
0
109
597
138
202
925
0
865
82
362
207
0
731
0
147
368
633
595
411
811
421
0
449
218
693
506
0
553
135
483
410
155
462
76
210
220
611
184
0
174
0
0
40
287
1000
406
593
619
168
446
442
267
0
126
49
156
164
155
0
449
317
115
111
0
0
181
97
0
52
490
399
467
134
554
486
111
116
783
212
364
456
0
510
300
351
0
355
578
334
327
232
61
414
89
525
520
112
0
0
91
429
47
625
110
0
243
1141
551
371
280
466
737
53
120
0
806
97
129
143
173
141
0
540
202
284
568
0
0
171
529
303
95
457
250
790
909
674
238
612
0
515
64
345
775
230
252
74
81
133
0
42
299
460
278
365
377
706
312
237
729
170
808
224
151
489
303
253
462
330
614
387
191
431
247
220
150
392
120
489
318
664
0
0
0
98
0
305
399
199
235
230
538
328
280
615
636
568
647
620
79
748
426
140
1156
174
819
297
292
134
288
1005
469
0
363
676
349
215
450
400
0
249
151
424
612
651
108
188
387
48
41
200
103
606
393
420
749
415
410
357
523
68
340
400
665
164
140
200
78
288
134
439
249
468
0
938
545
467
221
243
175
258
242
354
0
233
442
103
848
852
558
647
1060
490
210
216
759
435
327
234
0
251
370
708
218
375
127
627
456
203
219
157
356
358
462
0
73
254
77
213
630
625
177
0
262
202
423
700
0
1903
664
389
387
227
40
0
153
807
544
553
0
155
0
0
273
676
93
249
396
51
0
0
1147
323
372
0
134
0
229
118
0
41
963
514
300
0
73
79
0
104
317
442
0
318
226
546
368
318
159
931
137
104
76
758
575
453
879
910
0
0
407
197
621
786
1285
194
296
677
381
262
331
160
221
235
183
280
100
128
623
275
469
186
65
183
311
525
96
0
281
311
612
553
244
56
398
241
783
67
0
41
579
211
676
144
79
0
782
478
447
762
510
1803
648
246
287
105
616
692
731
674
986
896
111
462
565
420
310
176
0
62
290
685
157
610
685
167
403
211
122
569
338
271
179
0
290
0
623
475
610
0
511
252
0
166
94
127
511
641
125
385
680
161
230
0
585
882
0
155
136
77
295
194
254
244
130
0
415
0
0
0
0
70
385
226
405
592
287
49
315
227
802
512
87
256
232
579
0
243
979
756
632
494
475
0
53
236
264
201
129
245
0
0
1430
211
0
0
0
515
0
705
424
609
167
73
343
700
401
442
205
1082
171
172
538
271
0
80
823
590
71
198
0
258
603
1096
676
52
159
89
0
0
876
956
700
267
448
921
492
268
605
787
556
149
417
262
418
842
266
177
218
355
43
652
468
206
439
364
450
721
311
319
875
420
410
0
337
157
168
451
0
147
52
48
0
54
75
872
485
220
0
701
221
128
0
143
144
425
74
288
174
671
518
411
347
0
753
292
0
341
474
432
839
191
213
119
691
298
737
76
266
163
213
608
44
234
320
140
418
221
216
449
483
1100
461
945
213
148
154
1008
259
77
1003
168
0
78
233
155
403
335
89
613
129
163
179
298
787
389
329
478
601
197
315
181
217
461
534
323
216
46
644
204
362
626
120
422
704
519
610
315
669
295
220
355
1073
535
299
591
370
489
547
227
272
278
74
472
440
0
403
0
298
494
0
503
0
47
754
195
164
73
0
102
321
289
473
97
255
274
540
777
671
68
235
364
356
193
166
197
383
101
0
526
161
198
808
209
752
216
787
410
1066
550
162
0
799
524
97
167
127
583
70
0
0
301
0
0
54
491
0
560
161
197
57
791
369
411
59
95
752
336
0
0
228
563
457
111
1623
1124
576
644
235
172
328
729
436
535
516
248
564
256
178
466
472
0
372
185
198
409
780
273
144
0
363
344
0
135
0
235
366
0
56
0
0
173
104
104
961
0
344
78
217
43
422
747
162
152
459
268
45
0
58
123
486
354
262
200
144
371
658
256
248
233
243
839
550
112
237
271
219
1181
0
0
148
514
209
367
1041
143
94
114
190
0
189
0
305
338
535
0
104
0
81
95
0
46
379
76
234
405
0
222
156
439
341
514
141
560
622
338
0
127
100
235
401
422
320
195
0
40
346
473
464
175
1605
449
548
669
160
276
0
1063
786
482
685
59
474
215
335
649
318
141
134
703
444
625
695
324
475
659
155
586
107
813
505
624
1701
0
341
506
135
0
276
0
124
53
110
389
159
262
98
255
48
574
291
47
0
0
689
337
522
397
0
0
0
0
0
267
394
352
80
0
0
353
273
147
94
632
43
263
486
662
138
145
0
0
0
232
508
271
64
0
81
0
380
197
281
48
49
272
132
0
175
780
119
44
257
79
117
0
0
0
51
204
0
129
84
90
475
325
150
189
54
43
300
256
856
618
0
0
342
655
1012
712
0
40
715
325
174
679
424
449
163
579
149
953
127
238
352
465
549
197
470
895
293
614
328
1292
628
443
0
194
64
468
191
410
477
304
414
316
136
99
185
56
56
340
438
0
684
0
636
187
0
168
0
164
118
47
859
671
412
0
187
656
0
167
126
0
1155
380
559
399
623
408
307
216
317
1108
918
95
161
325
258
50
135
454
291
337
226
590
452
556
504
0
443
227
0
0
168
59
312
220
0
132
224
277
814
292
270
955
166
384
834
181
428
288
121
67
382
78
53
0
73
339
242
868
0
778
50
0
0
185
276
158
0
354
619
464
196
1074
754
713
1112
0
313
1103
831
799
241
392
234
600
790
625
102
439
487
167
367
421
419
1077
157
220
1250
187
161
243
562
506
57
146
1225
500
0
603
198
428
646
295
363
364
0
40
321
155
766
0
186
0
158
121
141
306
278
853
293
415
499
711
975
738
531
0
89
700
257
552
857
458
648
149
99
348
292
600
334
508
76
0
105
329
161
465
153
108
692
507
341
637
349
447
173
256
218
990
691
456
517
79
423
100
413
615
70
151
443
220
439
213
46
567
536
163
96
555
270
475
860
724
192
61
0
747
211
169
85
325
75
1381
351
544
451
0
75
244
1007
65
961
937
452
0
0
79
170
46
135
65
0
339
397
751
560
471
537
75
240
425
308
255
291
174
596
811
167
70
365
641
0
261
265
504
441
982
707
0
286
427
449
296
0
621
403
628
663
401
61
95
949
311
84
496
674
449
0
86
156
0
0
342
176
652
76
0
436
123
87
212
827
867
47
164
409
266
703
80
313
403
176
434
928
90
412
1269
397
211
579
536
494
47
0
70
0
518
639
593
726
0
88
349
582
158
0
65
186
76
167
408
181
468
139
345
147
218
190
78
215
91
884
1107
0
517
461
430
125
341
319
104
260
0
0
0
144
339
636
0
262
513
457
949
530
400
926
439
0
0
94
0
154
939
285
74
0
140
81
372
114
763
219
0
43
104
224
1018
441
154
336
330
313
388
340
345
284
196
130
190
978
604
247
0
229
404
255
439
282
0
89
704
0
140
901
262
53
589
167
386
472
89
459
306
74
0
454
0
260
479
830
133
542
352
138
1223
76
60
363
337
48
456
89
112
544
748
238
501
583
164
0
193
394
0
0
589
0
342
67
0
54
66
0
291
911
343
255
255
0
291
781
1223
248
0
378
380
186
634
394
108
159
674
144
0
670
122
331
0
188
204
403
216
371
279
77
352
471
279
171
488
237
647
203
40
95
739
302
198
962
1154
455
230
0
233
417
204
501
348
478
566
0
513
368
379
636
247
54
0
109
133
652
952
319
138
0
55
81
338
265
351
68
164
0
0
254
46
258
118
488
359
376
260
424
348
0
338
353
571
452
99
443
501
185
259
377
381
302
88
0
677
750
66
599
424
196
225
196
579
577
334
364
185
139
116
241
487
0
58
59
0
0
555
563
157
422
531
651
0
118
281
0
92
104
0
140
1027
1162
933
200
0
247
313
0
370
605
725
289
201
185
416
0
913
561
501
884
245
152
469
565
119
898
87
86
211
397
605
1450
0
394
147
288
587
373
121
230
589
111
404
0
486
97
0
590
52
0
401
133
244
498
227
316
90
230
156
364
408
377
640
835
342
74
431
196
270
125
654
508
441
375
228
689
420
151
850
224
531
0
450
52
195
443
151
153
0
339
188
512
318
551
322
161
483
739
1122
522
682
343
326
90
523
44
0
115
0
120
0
359
733
580
634
99
643
289
363
73
0
519
516
821
331
134
532
59
775
526
588
670
0
400
312
94
201
501
255
653
178
256
484
368
560
200
238
367
885
635
297
221
273
0
0
0
301
132
328
383
244
0
0
238
521
446
518
189
518
576
1113
0
150
944
175
283
554
277
94
231
52
499
331
319
0
688
379
387
0
514
0
121
305
361
805
512
146
114
0
257
574
950
299
371
279
652
0
983
1966
209
150
549
135
302
358
67
151
208
158
114
661
0
71
0
0
0
396
81
481
425
443
443
631
76
454
611
931
463
91
230
875
579
485
573
139
429
69
499
525
661
233
290
624
45
335
369
0
0
44
210
76
552
1038
1933
537
339
355
44
151
0
0
469
279
272
745
224
137
0
297
220
0
0
248
440
85
329
329
628
772
651
207
461
0
42
88
0
121
499
660
885
578
470
152
290
211
82
701
297
381
377
73
635
222
172
478
201
0
396
292
78
218
323
0
209
595
250
470
264
0
51
0
235
1170
296
305
489
394
966
121
0
0
345
0
394
738
1000
0
0
173
575
131
451
1021
769
0
1065
548
0
1000
74
348
1513
515
0
893
402
107
599
287
143
0
56
253
249
578
460
213
282
399
1096
0
325
585
458
1289
349
425
322
574
748
0
736
94
1302
170
0
0
50
255
0
43
903
403
1111
476
509
2151
156
0
70
166
627
238
70
919
435
84
503
104
317
132
74
188
255
237
64
0
412
285
94
561
92
978
251
0
0
526
1874
241
199
237
523
0
65
506
439
109
0
213
210
403
767
0
260
984
443
207
0
191
46
569
65
0
443
207
0
191
0
82
187
223
59
0
730
158
476
424
101
89
124
388
206
131
339
926
390
58
0
176
201
290
167
291
676
0
67
417
0
735
800
0
246
262
0
297
393
952
628
426
73
49
635
241
279
0
268
164
629
600
712
311
830
150
221
559
623
310
131
855
0
267
573
592
336
514
121
0
0
53
414
509
276
201
463
67
0
0
40
0
152
76
200
0
432
77
629
618
231
372
499
266
274
923
71
780
416
437
439
470
0
512
183
141
388
685
335
377
127
730
0
48
128
0
0
457
263
117
74
364
253
909
495
0
836
282
295
283
739
436
0
211
153
0
0
260
0
0
0
0
97
252
111
354
241
668
292
122
595
0
98
0
0
120
241
0
0
87
566
159
473
544
622
437
792
0
1348
972
301
730
45
0
0
816
631
612
785
0
504
348
313
0
532
846
0
997
540
157
289
367
624
73
358
306
552
219
136
594
454
363
501
151
46
71
40
0
71
695
48
162
0
630
684
301
0
1176
228
851
420
192
230
424
72
466
918
249
331
503
168
147
443
131
811
82
520
676
65
422
78
136
106
672
188
968
340
463
376
596
320
0
319
286
431
536
1102
0
980
176
659
329
192
204
288
93
107
649
977
703
927
58
838
0
613
53
86
125
498
176
251
621
78
205
173
53
0
741
258
89
368
147
130
688
346
275
221
622
752
45
321
86
193
179
286
1596
613
475
729
0
596
226
321
797
338
656
925
495
150
525
104
447
590
135
89
101
215
0
0
0
824
80
480
138
105
180
202
422
247
867
138
372
294
0
68
531
472
309
744
126
227
454
51
84
527
416
549
438
421
714
200
483
189
551
1389
459
414
0
319
95
630
291
374
156
0
0
255
260
291
291
0
786
0
0
134
0
0
185
494
218
679
334
174
82
358
92
201
459
145
813
307
457
186
217
301
161
364
255
0
608
574
806
1030
375
429
0
165
114
517
65
869
159
220
395
457
0
537
0
293
286
48
73
359
0
0
100
337
0
780
0
0
83
109
182
653
552
572
211
574
214
2020
208
608
505
0
74
104
225
648
0
256
87
0
368
657
0
107
254
293
571
209
0
0
201
739
495
76
0
49
0
0
0
209
55
0
245
214
275
922
631
76
418
291
657
409
133
41
68
897
346
402
547
468
561
703
152
910
0
378
468
73
167
484
73
266
88
547
283
606
296
434
239
69
245
0
139
363
535
392
382
232
69
285
188
198
177
799
307
1330
354
48
806
416
520
65
168
79
0
542
641
478
309
473
0
962
408
141
825
449
42
66
53
76
0
180
93
226
70
617
1088
211
363
64
95
79
112
136
0
51
150
0
142
0
0
161
229
118
339
247
469
263
513
164
218
876
198
446
836
655
90
106
614
423
482
852
234
74
631
167
1093
0
639
76
172
266
363
683
366
420
0
0
105
658
109
281
172
709
59
97
71
473
131
97
569
0
156
0
1046
0
1330
538
45
1625
173
210
321
0
0
376
0
0
328
0
0
326
109
0
270
291
303
291
0
94
649
233
234
656
64
385
112
684
1480
610
410
109
0
721
436
540
638
187
173
819
230
150
0
0
658
138
250
79
212
0
350
0
483
41
168
248
840
187
776
124
432
277
124
400
242
698
77
192
207
212
322
135
0
550
94
383
293
589
284
412
287
244
181
0
291
191
63
157
711
315
333
454
407
1105
676
696
162
335
664
1163
86
160
741
0
863
343
318
44
181
423
490
852
73
171
311
232
553
376
180
96
436
296
525
74
177
292
52
735
304
369
0
672
156
438
1096
119
619
1064
824
991
967
0
0
129
0
0
79
47
449
325
640
642
490
435
41
190
44
708
170
0
0
103
354
97
0
0
354
97
0
0
48
530
0
291
424
292
529
325
480
334
65
551
302
0
848
291
0
70
0
1129
88
0
571
297
424
291
81
432
0
193
45
143
0
595
150
387
366
320
151
1107
612
821
736
653
0
118
0
0
0
44
50
48
102
0
1197
0
239
224
166
171
167
886
622
350
1455
881
978
91
150
594
378
0
222
284
190
0
0
0
0
788
323
900
587
413
860
422
0
314
327
749
466
71
771
260
371
410
960
415
227
236
195
379
373
0
150
0
150
373
428
378
0
222
284
190
0
0
0
0
192
326
290
299
231
193
0
134
0
107
570
0
56
169
262
313
110
0
274
403
0
81
0
826
0
90
515
0
171
199
81
0
0
0
81
56
61
41
467
515
0
171
0
50
0
50
0
50
0
111
54
0
0
0
150
0
150
0
150
440
164
0
48
427
0
429
267
186
588
111
54
0
