MvSl-1064-A1-R4_A1g00772	Blue	3	82.6667	248	MvSl-1064-A2-R4_A2g00179	3	65.6667	197	0	17	51
MvSl-1064-A1-R4_A1g00801	Blue	2	76	152	MvSl-1064-A2-R4_A2g00204	2	76	152	0	0	0
MvSl-1064-A1-R4_A1g00593	Blue	6	90.1667	541	MvSl-1064-A2-R4_A2g00210	6	89.6667	538	0	0.5	3
MvSl-1064-A1-R4_A1g01154	Blue	2	191	382	MvSl-1064-A2-R4_A2g00832	2	191	382	0	0	0
MvSl-1064-A1-R4_A1g01159	Blue	2	180	360	MvSl-1064-A2-R4_A2g00833	2	180	360	0	0	0
MvSl-1064-A1-R4_A1g01160	Blue	5	124.2	621	MvSl-1064-A2-R4_A2g00834	5	124.2	621	0	0	0
MvSl-1064-A1-R4_A1g01161	Blue	3	92	276	MvSl-1064-A2-R4_A2g00835	3	92	276	0	0	0
MvSl-1064-A1-R4_A1g01162	Blue	2	68	136	MvSl-1064-A2-R4_A2g00836	2	68.5	137	0	-0.5	-1
MvSl-1064-A1-R4_A1g01163	Blue	4	87	348	MvSl-1064-A2-R4_A2g00837	4	86.75	347	0	0.25	1
MvSl-1064-A1-R4_A1g01431	Blue	13	88.6154	1152	MvSl-1064-A2-R4_A2g01151	12	89.8333	1078	1	-1.2179	74
MvSl-1064-A1-R4_A1g01432	Blue	4	84.25	337	MvSl-1064-A2-R4_A2g01152	4	84	336	0	0.25	1
MvSl-1064-A1-R4_A1g00997	Blue	4	92.25	369	MvSl-1064-A2-R4_A2g01153	4	89.25	357	0	3	12
MvSl-1064-A1-R4_A1g00998	Blue	3	109.667	329	MvSl-1064-A2-R4_A2g01154	3	109.667	329	0	0	0
MvSl-1064-A1-R4_A1g00478	Blue	3	85	255	MvSl-1064-A2-R4_A2g01653	5	83	415	-2	2	-160
MvSl-1064-A1-R4_A1g00495	Blue	2	144.5	289	MvSl-1064-A2-R4_A2g01715	2	78.5	157	0	66	132
