gene	logFC	FDR
1	MvSl-1064-A1-R4_A1g00029	-4.46820652412741	1.42693261645369e-71
2	MvSl-1064-A1-R4_A1g00030	-2.46263390264241	1.4514164033332e-20
3	MvSl-1064-A1-R4_A1g00073	-0.810212418627011	0.0260782831812603
4	MvSl-1064-A1-R4_A1g00106	-1.3508134492233	0.0311101822512599
5	MvSl-1064-A1-R4_A1g01138	-2.26972011643707	4.22612026739936e-18
6	MvSl-1064-A1-R4_A1g00246	-1.48893629313546	6.63449284099759e-14
7	MvSl-1064-A1-R4_A1g00481	-1.39989375450217	0.000418259495711362
8	MvSl-1064-A1-R4_A1g00718	-1.04235466452776	0.00105998021276026
9	MvSl-1064-A1-R4_A1g00648	-0.645400101062765	0.0106185939006854
10	MvSl-1064-A1-R4_A1g00779	-0.676824120603478	0.0204467647803667
11	MvSl-1064-A1-R4_A1g00383	-1.95703825511057	3.70259941173355e-05
12	MvSl-1064-A1-R4_A1g01375	-0.845716938890584	0.00951522628171806
13	MvSl-1064-A1-R4_A1g01376	-0.757935422266271	0.0198741909619382
14	MvSl-1064-A1-R4_A1g01383	-2.01530297508752	2.36587567541996e-17
15	MvSl-1064-A1-R4_A1g00230	-1.40145900914562	1.72812909841195e-07
16	MvSl-1064-A1-R4_A1g00745	-1.86536212095401	2.33738935930599e-15
17	MvSl-1064-A1-R4_A1g01135	-0.915849624967911	0.000317778201211548
18	MvSl-1064-A1-R4_A1g00242	-0.666681514357707	0.0152409517683674
19	MvSl-1064-A1-R4_A1g01418	-3.36761204103238	1.59931520253768e-17
20	MvSl-1064-A1-R4_A1g01290	-1.44696167229821	1.07133790673337e-09
21	MvSl-1064-A1-R4_A1g01288	-1.13661804441691	3.79623787834147e-05
22	MvSl-1064-A1-R4_A1g01162	-5.63774460326955	4.58206828267769e-23
23	MvSl-1064-A1-R4_A1g01163	-3.61603735036725	1.28560647441792e-27
24	MvSl-1064-A1-R4_A1g01049	-1.09696654191944	1.92976137715068e-06
25	MvSl-1064-A1-R4_A1g00542	-1.13479427273306	2.09319910917203e-06
26	MvSl-1064-A1-R4_A1g01007	-1.90097821166231	4.78275320020078e-16
27	MvSl-1064-A1-R4_A1g01021	-4.42841116163052	9.39261468624415e-09
28	MvSl-1064-A1-R4_A1g00350	-0.898620869017764	0.0122298188137713
29	MvSl-1064-A1-R4_A1g00642	-5.09383279879449	4.30454801173921e-94
30	MvSl-1064-A1-R4_A1g00349	-2.41087060305327	6.79099431350049e-09
31	MvSl-1064-A1-R4_A1g00546	-1.02711067355372	0.000124869869378893
32	MvSl-1064-A1-R4_A1g00854	-0.750350506324645	0.00684878908811808
33	MvSl-1064-A1-R4_A1g01432	-1.19525602396892	0.000355908239075585
34	MvSl-1064-A1-R4_A1g00970	-0.873741349287244	0.000181212044504172
35	MvSl-1064-A1-R4_A1g01220	-3.39558471733821	4.62115809059765e-51
36	MvSl-1064-A1-R4_A1g00283	-4.2475912250078	3.91284386144822e-40
37	MvSl-1064-A1-R4_A1g01302	-6.30594239681322	1.67269433645739e-101
38	MvSl-1064-A1-R4_A1g01347	-1.10081975349252	2.13088887609067e-07
39	MvSl-1064-A1-R4_A1g00923	-1.0687360914731	0.00294386093775047
40	MvSl-1064-A1-R4_A1g00929	-1.85289297884508	0.00303919022816684
41	MvSl-1064-A1-R4_A1g00118	-1.3977240951907	4.37137949317746e-08
42	MvSl-1064-A1-R4_A1g01459	-5.49521577748554	6.82564578962886e-12
43	MvSl-1064-A1-R4_MC06g07032	-2.92919738673231	3.64271074014689e-10
44	MvSl-1064-A1-R4_MC06g07033	-1.34742079331202	0.000155718812185381
45	MvSl-1064-A1-R4_MC01-1g01722	-1.60119010819959	0.00419115906814958
46	MvSl-1064-A1-R4_MC01-1g01740	-0.894281225063045	0.0354016730798936
47	MvSl-1064-A1-R4_MC01-1g01777	-1.42001082120438	0.0135862363744645
48	MvSl-1064-A1-R4_MC01-1g01783	-3.71804464259648	5.99296194477842e-13
49	MvSl-1064-A1-R4_MC01-1g01827	-1.84341226062603	1.05055732915372e-08
50	MvSl-1064-A1-R4_MC01-1g01917	-0.789399029212871	0.00308336267798376
51	MvSl-1064-A1-R4_MC01-1g01975	-2.01824473533622	1.77975668082514e-08
52	MvSl-1064-A1-R4_MC01-1g01978	-2.10315186988147	6.18559260838362e-14
53	MvSl-1064-A1-R4_MC01-1g01992	-0.788663332848408	0.00667544904819515
54	MvSl-1064-A1-R4_MC01-1g02004	-4.37129685853093	8.51021100085172e-19
55	MvSl-1064-A1-R4_MC01-1g02022	-1.6617460125273	3.18160155700651e-06
56	MvSl-1064-A1-R4_MC01-1g02207	-8.93255900248001	5.7270951392146e-07
57	MvSl-1064-A1-R4_MC01-1g02258	-0.705527064459193	0.0202349102451712
58	MvSl-1064-A1-R4_MC01-1g02284	-0.804527664847797	0.0022878542994673
59	MvSl-1064-A1-R4_MC01-1g02327	-1.30091754571602	3.02595762685081e-05
60	MvSl-1064-A1-R4_MC01-1g02352	-1.27343431655992	0.0233221098074849
61	MvSl-1064-A1-R4_MC01-1g02353	-1.31830454442777	0.00222840874064502
62	MvSl-1064-A1-R4_MC01-1g02382	-1.01443340325001	0.0328907926612383
63	MvSl-1064-A1-R4_MC01-1g02398	-1.95004432934719	1.59907521753307e-08
64	MvSl-1064-A1-R4_MC01-1g02419	-1.62575961603008	0.0151508410038895
65	MvSl-1064-A1-R4_MC01-1g02422	-1.30563707393058	0.0198741909619382
66	MvSl-1064-A1-R4_MC01-1g02440	-1.40824469051405	0.00716969713299731
67	MvSl-1064-A1-R4_MC01-1g02509	-0.922713723358012	0.0347380307871179
68	MvSl-1064-A1-R4_MC01-1g02545	-0.712692932341793	0.0254996456389095
69	MvSl-1064-A1-R4_MC01-1g02647	-0.683254754651539	0.0418522824529085
70	MvSl-1064-A1-R4_MC01-1g02686	-1.06069073398767	0.00263839982456418
71	MvSl-1064-A1-R4_MC01-1g02725	-1.18261764008971	0.000289583257999672
72	MvSl-1064-A1-R4_MC01-1g02736	-1.33263829810904	1.49382855496046e-05
73	MvSl-1064-A1-R4_MC01-1g02744	-0.938832670902529	0.00468560376931464
74	MvSl-1064-A1-R4_MC01-1g02763	-0.786809996466434	0.0271739391665945
75	MvSl-1064-A1-R4_MC01-1g02764	-0.945952810541338	0.000925573714045732
76	MvSl-1064-A1-R4_MC01-1g02787	-2.29551989392899	1.64961601668051e-08
77	MvSl-1064-A1-R4_MC01-1g02832	-5.80025112820027	2.3149260974234e-63
78	MvSl-1064-A1-R4_MC01-1g02833	-9.43053163148349	1.20627484903093e-176
79	MvSl-1064-A1-R4_MC01-1g02843	-1.63844353215328	3.38667653468147e-05
80	MvSl-1064-A1-R4_MC01-1g02853	-0.977026846448747	8.90948300233293e-05
81	MvSl-1064-A1-R4_MC01-1g02870	-2.61723955668201	1.08470265054678e-10
82	MvSl-1064-A1-R4_MC01-1g02871	-2.66257745684914	8.95836925550284e-10
83	MvSl-1064-A1-R4_MC01-1g02873	-1.18377073108311	0.00442298334967788
84	MvSl-1064-A1-R4_MC01-1g02876	-1.50789609119317	0.00121183059169417
85	MvSl-1064-A1-R4_MC01-1g02885	-3.98786946341374	1.01303934658649e-13
86	MvSl-1064-A1-R4_MC01-1g02912	-1.0446015745721	0.041148879450855
87	MvSl-1064-A1-R4_MC01-1g02909	-0.908988286469197	0.0104330035462044
88	MvSl-1064-A1-R4_MC01-2g02957	-1.95105007933056	8.53583834063568e-09
89	MvSl-1064-A1-R4_MC01-2g02960	-2.09644005128378	2.94988507760744e-11
90	MvSl-1064-A1-R4_MC01-2g02966	-2.73812986013582	3.43240419140799e-06
91	MvSl-1064-A1-R4_MC01-2g02969	-4.15775429337915	2.24123209101083e-16
92	MvSl-1064-A1-R4_MC01-2g02970	-2.99039206795859	2.66329363414114e-38
93	MvSl-1064-A1-R4_MC01-2g02987	-1.34596847786599	7.31424968243749e-09
94	MvSl-1064-A1-R4_MC01-2g03005	-1.22882189331087	5.80469666546331e-05
95	MvSl-1064-A1-R4_MC01-2g03006	-7.96734731096653	1.41832659698512e-46
96	MvSl-1064-A1-R4_MC01-2g03044	-1.09387543523934	0.0397444745135709
97	MvSl-1064-A1-R4_MC01-2g03070	-1.30582110108188	8.58924302456763e-07
98	MvSl-1064-A1-R4_MC01-2g03077	-0.560858030744185	0.0396800659049694
99	MvSl-1064-A1-R4_MC01-2g03096	-0.697177971210505	0.00527527113408421
100	MvSl-1064-A1-R4_MC01-2g03117	-0.832180264080869	0.0136104957882178
101	MvSl-1064-A1-R4_MC01-2g03144	-0.707050379322893	0.0431747658026819
102	MvSl-1064-A1-R4_MC01-2g03166	-3.77688936220274	7.59136236214021e-28
103	MvSl-1064-A1-R4_MC02g03205	-0.993795525949033	0.000100591351172626
104	MvSl-1064-A1-R4_MC02g03229	-0.804975149074711	0.017731657283427
105	MvSl-1064-A1-R4_MC02g03274	-1.64520409034039	3.93957257486249e-05
106	MvSl-1064-A1-R4_MC02g03284	-0.742624209075334	0.0204102258706134
107	MvSl-1064-A1-R4_MC02g03288	-1.46039115698587	7.35283053793777e-13
108	MvSl-1064-A1-R4_MC02g03297	-1.45536455547315	9.40724775262898e-08
109	MvSl-1064-A1-R4_MC02g03348	-1.34598402156031	2.06323273351149e-06
110	MvSl-1064-A1-R4_MC02g03352	-1.09424623944527	4.42806054173756e-07
111	MvSl-1064-A1-R4_MC02g03359	-0.989089899992338	0.000286930353562434
112	MvSl-1064-A1-R4_MC02g03362	-2.19779617584199	4.01713250636012e-09
113	MvSl-1064-A1-R4_MC02g03366	-2.21957811664354	0.00194130928284935
114	MvSl-1064-A1-R4_MC02g03373	-1.10022080654726	0.025490908552732
115	MvSl-1064-A1-R4_MC02g03374	-0.636191123943103	0.0414156947725725
116	MvSl-1064-A1-R4_MC02g03375	-2.33731116905806	0.00114040135722273
117	MvSl-1064-A1-R4_MC02g03384	-1.97525169238794	5.40092027318703e-14
118	MvSl-1064-A1-R4_MC02g03394	-1.60543870618332	1.42872345824327e-08
119	MvSl-1064-A1-R4_MC02g03469	-1.81238380968381	0.000195444661032876
120	MvSl-1064-A1-R4_MC02g03482	-1.33458386352687	8.84353381515834e-09
121	MvSl-1064-A1-R4_MC02g03493	-0.702648361407611	0.0122504788746316
122	MvSl-1064-A1-R4_MC02g03495	-1.47103417731433	2.24995389605319e-07
123	MvSl-1064-A1-R4_MC02g03579	-5.13567083759296	8.74496654665175e-82
124	MvSl-1064-A1-R4_MC02g03584	-1.48876137398768	4.34684227020313e-05
125	MvSl-1064-A1-R4_MC02g03606	-1.34284213047789	9.95691350255822e-08
126	MvSl-1064-A1-R4_MC02g03617	-0.853441029363691	0.00569869122383214
127	MvSl-1064-A1-R4_MC02g03663	-4.03167002973827	1.52225602141005e-09
128	MvSl-1064-A1-R4_MC02g03676	-2.18866804349579	0.00020080778148698
129	MvSl-1064-A1-R4_MC02g03772	-1.58308733660728	6.79746555951858e-05
130	MvSl-1064-A1-R4_MC02g03805	-4.08276961961338	1.13377187712379e-07
131	MvSl-1064-A1-R4_MC02g03808	-1.7216141646787	6.88080769613714e-12
132	MvSl-1064-A1-R4_MC02g03872	-1.13493567124436	0.00125762905083579
133	MvSl-1064-A1-R4_MC02g03874	-1.2107516549795	4.30032966185504e-07
134	MvSl-1064-A1-R4_MC02g03891	-1.89483798044404	5.48549774378703e-11
135	MvSl-1064-A1-R4_MC02g03893	-2.48905244187814	1.19615690415107e-22
136	MvSl-1064-A1-R4_MC02g03915	-0.899047630137179	0.0452076393557253
137	MvSl-1064-A1-R4_MC02g03922	-1.25769626280682	0.00162827927919571
138	MvSl-1064-A1-R4_MC02g04109	-1.27763007090595	0.000888023613782153
139	MvSl-1064-A1-R4_MC02g04196	-2.17720823344723	1.12746079207921e-06
140	MvSl-1064-A1-R4_MC02g04198	-1.75925428732635	0.0110674676086961
141	MvSl-1064-A1-R4_MC02g04206	-1.26212066451283	0.0358538079553935
142	MvSl-1064-A1-R4_MC02g04208	-0.899232533794399	0.00416986953571274
143	MvSl-1064-A1-R4_MC02g04224	-1.16531688711319	0.00752732924515492
144	MvSl-1064-A1-R4_MC02g04245	-3.28824296549442	5.02970569923085e-34
145	MvSl-1064-A1-R4_MC03g04350	-9.97858740767837	7.76650818565732e-63
146	MvSl-1064-A1-R4_MC03g04376	-3.69351527524657	4.95804763614856e-08
147	MvSl-1064-A1-R4_MC03g04419	-2.48823733837981	1.5893892367208e-13
148	MvSl-1064-A1-R4_MC03g04423	-0.841751206010856	0.000138422716919073
149	MvSl-1064-A1-R4_MC03g04424	-3.3415630922332	2.53383168972356e-38
150	MvSl-1064-A1-R4_MC03g04533	-1.77109270530279	2.66315001875888e-07
151	MvSl-1064-A1-R4_MC03g04565	-1.62075058464528	1.8473726934316e-06
152	MvSl-1064-A1-R4_MC03g04585	-1.78655886495332	2.08008494159136e-16
153	MvSl-1064-A1-R4_MC03g04650	-0.80833693338399	0.00609106182744839
154	MvSl-1064-A1-R4_MC03g04706	-8.66462665292062	2.79832156162947e-11
155	MvSl-1064-A1-R4_MC03g04707	-4.42554103014275	8.79082058051097e-54
156	MvSl-1064-A1-R4_MC03g04730	-0.934819826468817	0.00156662980305521
157	MvSl-1064-A1-R4_MC03g04760	-1.64245811736284	1.28713766423239e-07
158	MvSl-1064-A1-R4_MC03g04777	-0.856756531613578	0.0126381726799544
159	MvSl-1064-A1-R4_MC03g04791	-0.947706062275474	6.44353575564775e-05
160	MvSl-1064-A1-R4_MC03g04792	-1.5006908593945	5.99510378105622e-12
161	MvSl-1064-A1-R4_MC03g04822	-1.72183144441979	3.24410575093441e-07
162	MvSl-1064-A1-R4_MC03g04831	-1.04765127986176	0.00861097404742924
163	MvSl-1064-A1-R4_MC03g04877	-4.66976720834447	5.98144837253302e-19
164	MvSl-1064-A1-R4_MC03g04884	-3.4865669714919	4.4661975971663e-08
165	MvSl-1064-A1-R4_MC03g04909	-1.69433261626297	1.09382617468645e-08
166	MvSl-1064-A1-R4_MC03g04931	-1.32230943881346	5.21806798542973e-07
167	MvSl-1064-A1-R4_MC03g04941	-3.70389586594282	1.89451474222272e-17
168	MvSl-1064-A1-R4_MC03g05014	-1.73499555645367	7.82206210755134e-15
169	MvSl-1064-A1-R4_MC03g05016	-1.61575698997955	0.00196377876091056
170	MvSl-1064-A1-R4_MC03g05022	-2.77697925930136	3.03614043644179e-24
171	MvSl-1064-A1-R4_MC03g05077	-0.719866540150489	0.0287205859679333
172	MvSl-1064-A1-R4_MC03g05094	-1.46732254662432	0.000516984306247961
173	MvSl-1064-A1-R4_MC03g05097	-3.82648356819321	2.32180239359317e-32
174	MvSl-1064-A1-R4_MC03g05099	-1.96688325639859	1.18059562732408e-11
175	MvSl-1064-A1-R4_MC03g05112	-0.7660015274462	0.00343233040436516
176	MvSl-1064-A1-R4_MC03g05134	-4.12390609038222	4.82977474523381e-08
177	MvSl-1064-A1-R4_MC03g05149	-1.82720901537137	2.45846930007334e-05
178	MvSl-1064-A1-R4_MC03g05187	-1.44083878705465	1.09519796690897e-07
179	MvSl-1064-A1-R4_MC03g05222	-1.34969444610943	2.56566237597658e-06
180	MvSl-1064-A1-R4_MC03g05233	-1.44331704285176	4.17063770946016e-07
181	MvSl-1064-A1-R4_MC04-1g05282	-5.29602385328893	8.719073526336e-39
182	MvSl-1064-A1-R4_MC04-1g05308	-0.990144079989719	0.00306992510304589
183	MvSl-1064-A1-R4_MC04-1g05312	-2.83532693255429	3.74559217027119e-10
184	MvSl-1064-A1-R4_MC04-1g05313	-2.98198307491636	9.10870533868198e-12
185	MvSl-1064-A1-R4_MC04-1g05315	-5.66086500277006	2.21732685639947e-27
186	MvSl-1064-A1-R4_MC04-1g05323	-0.643455935493941	0.0185506882119983
187	MvSl-1064-A1-R4_MC04-1g05376	-1.74616145310065	2.39839982648768e-09
188	MvSl-1064-A1-R4_MC04-1g05378	-0.949568783140761	0.000447005300949489
189	MvSl-1064-A1-R4_MC04-1g05382	-1.29077629589665	0.00927585205193402
190	MvSl-1064-A1-R4_MC04-1g05389	-3.37229162244096	1.66118336955996e-08
191	MvSl-1064-A1-R4_MC04-1g05411	-1.21173341643191	2.05934823333644e-07
192	MvSl-1064-A1-R4_MC04-1g05437	-1.78435783066072	5.02111655406229e-10
193	MvSl-1064-A1-R4_MC04-1g05493	-0.610361811363432	0.0258635729541135
194	MvSl-1064-A1-R4_MC04-1g05546	-1.21584720714708	0.0324307548327008
195	MvSl-1064-A1-R4_MC04-1g05592	-0.999220535078334	0.00113590682855959
196	MvSl-1064-A1-R4_MC04-1g05677	-0.975253128836393	0.012484455435807
197	MvSl-1064-A1-R4_MC04-1g05801	-1.30287829121005	0.00251912398505087
198	MvSl-1064-A1-R4_MC04-1g05803	-4.63359548508355	9.20283627737503e-11
199	MvSl-1064-A1-R4_MC04-1g05832	-4.66930573174901	1.81064658165552e-13
200	MvSl-1064-A1-R4_MC04-1g05833	-4.10666073430134	3.07772659691505e-39
201	MvSl-1064-A1-R4_MC04-1g05863	-1.87448651816993	0.0102353637446499
202	MvSl-1064-A1-R4_MC04-1g05907	-1.03900738729063	0.0233221098074849
203	MvSl-1064-A1-R4_MC04-1g05942	-0.755794123032477	0.00383796545461603
204	MvSl-1064-A1-R4_MC04-1g05980	-0.749907458325344	0.0418522824529085
205	MvSl-1064-A1-R4_MC04-1g06004	-1.41980044811345	0.00171136582569077
206	MvSl-1064-A1-R4_MC04-1g06022	-0.905391901766703	0.00105145707545229
207	MvSl-1064-A1-R4_MC04-1g06027	-8.10654515602859	1.94743430148909e-56
208	MvSl-1064-A1-R4_MC04-1g06041	-1.23922315560482	1.2337025335602e-05
209	MvSl-1064-A1-R4_MC04-2g06086	-2.88701959347789	2.256363352345e-33
210	MvSl-1064-A1-R4_MC05-1g06125	-0.925936219220836	0.0256744445456555
211	MvSl-1064-A1-R4_MC05-1g06164	-2.15508503381996	9.88277451100701e-07
212	MvSl-1064-A1-R4_MC05-1g06215	-0.996090427098372	0.000424023699333599
213	MvSl-1064-A1-R4_MC05-1g06275	-2.01636835857686	0.00164782314506503
214	MvSl-1064-A1-R4_MC05-2g06305	-1.41383945509996	0.0233221098074849
215	MvSl-1064-A1-R4_MC05-2g06306	-1.76646046035223	2.13633492056147e-06
216	MvSl-1064-A1-R4_MC05-2g06318	-2.56193457708212	5.09087966515206e-19
217	MvSl-1064-A1-R4_MC05-2g06335	-3.08321956433269	8.18889363406305e-24
218	MvSl-1064-A1-R4_MC05-2g06338	-1.51965474354879	0.0177256731797279
219	MvSl-1064-A1-R4_MC05-2g06342	-0.854849464234657	0.0161257973741285
220	MvSl-1064-A1-R4_MC05-2g06373	-0.804670231407409	0.00787437605836591
221	MvSl-1064-A1-R4_MC05-2g06375	-1.16400518988072	0.00243498489122959
222	MvSl-1064-A1-R4_MC05-2g06418	-1.09252529051561	0.00442298334967788
223	MvSl-1064-A1-R4_MC05-2g06438	-2.95243297231169	5.55976064080626e-26
224	MvSl-1064-A1-R4_MC05-2g06462	-1.0551354965169	0.025490908552732
225	MvSl-1064-A1-R4_MC05-3g06538	-0.846291923576286	0.0010832680119925
226	MvSl-1064-A1-R4_MC05-3g06566	-1.28987677503407	3.90486363837825e-05
227	MvSl-1064-A1-R4_MC05-3g06591	-0.706089805869083	0.017731657283427
228	MvSl-1064-A1-R4_MC05-3g06733	-1.5548621802115	1.22326076427762e-09
229	MvSl-1064-A1-R4_MC05-3g06742	-0.602421203449528	0.01533080381149
230	MvSl-1064-A1-R4_MC05-3g06760	-2.40527982450023	0.0060479890241085
231	MvSl-1064-A1-R4_MC05-3g06813	-2.52699902591972	2.81445571214663e-21
232	MvSl-1064-A1-R4_MC05-3g06833	-0.899801564995676	0.000130791525465492
233	MvSl-1064-A1-R4_MC06g06875	-0.837295474347153	0.0460066926544471
234	MvSl-1064-A1-R4_MC06g06907	-1.78039632660498	4.04088900733086e-15
235	MvSl-1064-A1-R4_MC06g06929	-0.854774119898242	0.00255398855095481
236	MvSl-1064-A1-R4_MC06g06943	-0.806019295382184	0.00684330215421508
237	MvSl-1064-A1-R4_MC06g07064	-1.72015018704407	2.99700670819941e-05
238	MvSl-1064-A1-R4_MC06g07086	-1.95714229017681	0.000507454054174799
239	MvSl-1064-A1-R4_MC06g07090	-5.1827097563114	3.05996438541436e-28
240	MvSl-1064-A1-R4_MC06g07138	-4.56045541182652	2.11943405064127e-35
241	MvSl-1064-A1-R4_MC06g07152	-0.618657745789092	0.0286280654427278
242	MvSl-1064-A1-R4_MC06g07191	-1.25760239518765	0.00107347669434392
243	MvSl-1064-A1-R4_MC06g07295	-9.86175963632195	5.5831644620353e-19
244	MvSl-1064-A1-R4_MC06g07296	-1.92298331717558	1.51777762316032e-09
245	MvSl-1064-A1-R4_MC06g07297	-3.36284936864623	7.25899742568573e-05
246	MvSl-1064-A1-R4_MC06g07471	-1.30299200888549	0.00340174699676281
247	MvSl-1064-A1-R4_MC06g07527	-0.868158311449961	0.0171624787801976
248	MvSl-1064-A1-R4_MC07g07592	-1.14339488306202	0.0138378878876768
249	MvSl-1064-A1-R4_MC07g07597	-0.702938194919316	0.0272126457436421
250	MvSl-1064-A1-R4_MC07g07612	-0.781217284717009	0.021156075474522
251	MvSl-1064-A1-R4_MC07g07754	-1.40115048786127	2.38406993844701e-08
252	MvSl-1064-A1-R4_MC07g07835	-1.36157557543332	0.0326223074925004
253	MvSl-1064-A1-R4_MC07g07850	-3.1490489815456	7.1508149078163e-09
254	MvSl-1064-A1-R4_MC07g07851	-1.37721813821029	0.0185506882119983
255	MvSl-1064-A1-R4_MC07g07868	-0.773109910786776	0.00373039337699712
256	MvSl-1064-A1-R4_MC07g07960	-1.13301563644073	0.0364656202675676
257	MvSl-1064-A1-R4_MC07g07981	-0.882201639246341	9.0801089044922e-05
258	MvSl-1064-A1-R4_MC07g07983	-0.980545886937673	0.0126381726799544
259	MvSl-1064-A1-R4_MC07g08004	-2.06839243629231	4.78135550798568e-09
260	MvSl-1064-A1-R4_MC07g08014	-0.961048563710395	0.0347380307871179
261	MvSl-1064-A1-R4_MC07g08076	-1.24566482072904	0.000270656530766247
262	MvSl-1064-A1-R4_MC07g08078	-1.09328996159879	0.0233221098074849
263	MvSl-1064-A1-R4_MC07g08153	-1.32106178114729	2.92714392471424e-07
264	MvSl-1064-A1-R4_MC07g08235	-1.21261620333108	1.37312566088306e-06
265	MvSl-1064-A1-R4_MC07g08249	-1.4494160135201	0.0440706522737835
266	MvSl-1064-A1-R4_MC08g08310	-1.26041100930179	0.0453471378207672
267	MvSl-1064-A1-R4_MC08g08311	-3.48323537119122	2.67768406437063e-39
268	MvSl-1064-A1-R4_MC08g08367	-2.15826108208864	3.82108723816165e-07
269	MvSl-1064-A1-R4_MC08g08368	-1.07337248579782	0.000320133949966646
270	MvSl-1064-A1-R4_MC08g08369	-3.9192190073722	8.72435818964016e-40
271	MvSl-1064-A1-R4_MC08g08472	-0.804501155754345	0.00445303202975787
272	MvSl-1064-A1-R4_MC08g08498	-1.02247721270241	0.00979864317695902
273	MvSl-1064-A1-R4_MC08g08595	-0.626584053115303	0.0335108026152254
274	MvSl-1064-A1-R4_MC08g08762	-1.02271093474215	2.38538600804401e-05
275	MvSl-1064-A1-R4_MC08g08800	-2.9320953946083	0.000686310914443401
276	MvSl-1064-A1-R4_MC08g08812	-0.775371975902933	0.0414156947725725
277	MvSl-1064-A1-R4_MC09-2g08943	-1.65933008273929	9.69272110933366e-05
278	MvSl-1064-A1-R4_MC09-2g08946	-2.36162726243029	3.37876982600695e-27
279	MvSl-1064-A1-R4_MC09-2g08965	-1.31982769879282	8.24934554885396e-05
280	MvSl-1064-A1-R4_MC09-2g08966	-2.06043535604301	2.61655116483382e-05
281	MvSl-1064-A1-R4_MC09-2g09067	-5.75700770960198	1.92391551405938e-39
282	MvSl-1064-A1-R4_MC09-2g09089	-0.761151518707488	0.0378960923362375
283	MvSl-1064-A1-R4_MC09-2g09143	-0.923305536076526	0.000691314605401173
284	MvSl-1064-A1-R4_MC09-2g09144	-11.7104324281226	1.24006928613855e-100
285	MvSl-1064-A1-R4_MC09-2g09380	-1.27472703840608	0.000527918960014579
286	MvSl-1064-A1-R4_MC09-2g09466	-0.953943059332682	0.00320845936301818
287	MvSl-1064-A1-R4_MC09-2g09478	-1.74884619769426	9.46783951574813e-07
288	MvSl-1064-A1-R4_MC09-2g09490	-1.26478413865314	0.00111105625725376
289	MvSl-1064-A1-R4_MC09-2g09506	-1.06944624900936	0.00735216655675271
290	MvSl-1064-A1-R4_MC09-2g09524	-0.617536085694964	0.0408258470489926
291	MvSl-1064-A1-R4_MC09-2g09527	-0.661211840276028	0.0176595198361146
292	MvSl-1064-A1-R4_MC09-2g09545	-1.00513095307925	9.00112788150767e-05
293	MvSl-1064-A1-R4_MC09-2g09566	-4.51421071084049	1.56586559673564e-12
294	MvSl-1064-A1-R4_MC10-1g09726	-0.781007090401648	0.00334074297647164
295	MvSl-1064-A1-R4_MC10-1g09728	-0.892671582208501	0.020090340698195
296	MvSl-1064-A1-R4_MC10-1g09729	-0.97111482722216	0.0275960393175462
297	MvSl-1064-A1-R4_MC10-1g09730	-3.52103712126467	9.15262716271187e-52
298	MvSl-1064-A1-R4_MC10-1g09732	-1.14460241913755	0.000667831061074973
299	MvSl-1064-A1-R4_MC10-1g09794	-2.2422445580632	1.35956926406256e-20
300	MvSl-1064-A1-R4_MC10-1g09796	-1.21903649263948	1.33349816893211e-05
301	MvSl-1064-A1-R4_MC10-1g09803	-2.81959483052465	9.32401805132022e-09
302	MvSl-1064-A1-R4_MC10-1g09809	-1.01071330198214	3.3344719725709e-05
303	MvSl-1064-A1-R4_MC10-1g09813	-0.752612776465467	0.0216396130475623
304	MvSl-1064-A1-R4_MC10-1g09822	-3.35378209498111	6.93677944062144e-07
305	MvSl-1064-A1-R4_MC10-1g09823	-2.04927410138452	0.000135249410268746
306	MvSl-1064-A1-R4_MC10-1g09827	-2.76810681454165	1.23803260464164e-05
307	MvSl-1064-A1-R4_MC10-1g09833	-1.52658879380533	4.19292531200948e-13
308	MvSl-1064-A1-R4_MC10-2g09889	-1.25046153777116	7.82970592692351e-05
309	MvSl-1064-A1-R4_MC10-2g09908	-2.09892222999185	5.21401283921104e-11
310	MvSl-1064-A1-R4_MC10-2g09910	-2.78809833036704	1.42629473405666e-13
311	MvSl-1064-A1-R4_MC10-2g09940	-0.964295977275221	0.0142765700499313
312	MvSl-1064-A1-R4_MC10-2g09942	-0.910489633230843	0.000178884180504248
313	MvSl-1064-A1-R4_MC10-2g09962	-1.0771472565352	0.0155350314285551
314	MvSl-1064-A1-R4_MC10-2g09967	-0.655569758570555	0.0432425227931125
315	MvSl-1064-A1-R4_MC10-2g09973	-1.23093280487543	0.000404815541272057
316	MvSl-1064-A1-R4_MC10-2g09980	-1.10059228185597	0.00514815295266288
317	MvSl-1064-A1-R4_MC10-2g09992	-0.685019771601268	0.0126381726799544
318	MvSl-1064-A1-R4_MC10-2g10037	-0.774516848265515	0.00266163850400167
319	MvSl-1064-A1-R4_MC10-2g10050	-0.855031435769991	0.00152370453016562
320	MvSl-1064-A1-R4_MC10-2g10108	-0.913054439259948	0.00730719454743234
321	MvSl-1064-A1-R4_MC10-2g10116	-0.894939730426647	0.0043589272936389
322	MvSl-1064-A1-R4_MC10-2g10125	-1.1262058479979	0.0254625535158694
323	MvSl-1064-A1-R4_MC11g10177	-1.84334805126989	8.96822746481395e-05
324	MvSl-1064-A1-R4_MC11g10186	-2.6614520540519	1.4062614651661e-08
325	MvSl-1064-A1-R4_MC11g10204	-1.60429275004142	0.0430593690809126
326	MvSl-1064-A1-R4_MC11g10213	-0.729354524373869	0.0100813348285129
327	MvSl-1064-A1-R4_MC11g10216	-3.30397368046729	1.96791549721028e-08
328	MvSl-1064-A1-R4_MC11g10232	-0.7170871833737	0.00752091572367525
329	MvSl-1064-A1-R4_MC11g10239	-0.847951511835851	0.031579480948392
330	MvSl-1064-A1-R4_MC11g10248	-1.46234258435847	1.66118336955996e-08
331	MvSl-1064-A1-R4_MC11g10255	-1.51292755667225	6.46429283050858e-08
332	MvSl-1064-A1-R4_MC11g10335	-0.684770635203469	0.0171697970076352
333	MvSl-1064-A1-R4_MC11g10351	-1.26561498395676	0.0484181504107932
334	MvSl-1064-A1-R4_MC11g10369	-0.998966158903818	0.00276648271990763
335	MvSl-1064-A1-R4_MC11g10384	-1.33126357871177	3.30882409396154e-10
336	MvSl-1064-A1-R4_MC11g10390	-1.20667489935085	0.0438576797353787
337	MvSl-1064-A1-R4_MC11g10508	-1.47405917890996	0.0258635729541135
338	MvSl-1064-A1-R4_MC11g10517	-0.692193933597	0.00927585205193402
339	MvSl-1064-A1-R4_MC11g10554	-1.47865399993714	1.2267013127054e-06
340	MvSl-1064-A1-R4_MC11g10558	-0.894933529185072	5.52469692140626e-05
341	MvSl-1064-A1-R4_MC11g10573	-2.40798895480356	9.06572229729801e-15
342	MvSl-1064-A1-R4_MC11g10576	-7.0594711842295	3.05681221643947e-88
343	MvSl-1064-A1-R4_MC11g10592	-1.284842026139	0.0418084340255287
344	MvSl-1064-A1-R4_MC11g10617	-2.71293026182151	3.76900712280561e-16
345	MvSl-1064-A1-R4_MC11g10624	-0.7420019876844	0.0135862363744645
346	MvSl-1064-A1-R4_MC11g10626	-1.00803970791225	6.89992191276562e-05
347	MvSl-1064-A1-R4_MC11g10627	-1.83685520312356	6.9688371616624e-06
348	MvSl-1064-A1-R4_MC11g10628	-1.95971720157292	0.00346340016057334
349	MvSl-1064-A1-R4_MC11g10629	-1.5527381093145	0.0142258702349814
350	MvSl-1064-A1-R4_MC11g10630	-1.99020603601803	0.000270656530766247
351	MvSl-1064-A1-R4_MC11g10647	-2.80203205983587	1.69144245049016e-26
352	MvSl-1064-A1-R4_MC11g10654	-1.56651779307233	0.0255802724757369
353	MvSl-1064-A1-R4_MC11g10656	-1.50432195354929	5.22990492828948e-12
354	MvSl-1064-A1-R4_MC11g10686	-2.18934805759458	3.6975831775674e-06
355	MvSl-1064-A1-R4_MC11g10721	-0.96748867843504	0.0147552055043169
356	MvSl-1064-A1-R4_MC11g10741	-2.86272643941833	0.0104955662495499
357	MvSl-1064-A1-R4_MC12g10749	-1.56197541381121	0.00125762905083579
358	MvSl-1064-A1-R4_MC12g10779	-1.18428269890201	0.00324898760168803
359	MvSl-1064-A1-R4_MC12g10792	-0.986224837796138	0.00251364044806782
360	MvSl-1064-A1-R4_MC12g10807	-4.7508541133461	1.26245367648231e-13
361	MvSl-1064-A1-R4_MC12g10896	-1.12184904424522	4.1162407225554e-06
362	MvSl-1064-A1-R4_MC12g10912	-0.946868565361668	0.0425505122660677
363	MvSl-1064-A1-R4_MC12g10966	-2.12982526801738	1.00848362548396e-09
364	MvSl-1064-A1-R4_MC12g11005	-1.00870497987335	0.0439287892024971
365	MvSl-1064-A1-R4_MC12g11020	-0.75240495309058	0.00320158080726692
366	MvSl-1064-A1-R4_MC12g11040	-1.08130461366001	1.80264067809672e-05
367	MvSl-1064-A1-R4_MC12g11112	-1.57702949881386	0.00406822557787554
368	MvSl-1064-A1-R4_MC12g11139	-3.18606556482749	4.09034563339178e-23
369	MvSl-1064-A1-R4_MC12g11142	-1.29374131524063	3.76314956022068e-06
370	MvSl-1064-A1-R4_MC12g11242	-1.23139432384269	2.08593129860002e-05
371	MvSl-1064-A1-R4_MC13g11307	-0.980434827215673	0.00137702961344224
372	MvSl-1064-A1-R4_MC13g11316	-4.93500345663057	5.97315213941292e-09
373	MvSl-1064-A1-R4_MC13g11325	-0.839596956665445	0.00274414525336053
374	MvSl-1064-A1-R4_MC13g11333	-1.10849247921019	0.00227874941419977
375	MvSl-1064-A1-R4_MC13g11416	-1.27618281543246	0.0283831878228195
376	MvSl-1064-A1-R4_MC13g11418	-1.32324124374817	0.000700891572034463
377	MvSl-1064-A1-R4_MC13g11443	-0.687150458905061	0.0233221098074849
378	MvSl-1064-A1-R4_MC13g11462	-0.805976759572714	0.0352188873512621
379	MvSl-1064-A1-R4_MC13g11558	-3.77820122085954	7.77792797596919e-40
380	MvSl-1064-A1-R4_MC13g11584	-0.896773105192579	0.0102353637446499
381	MvSl-1064-A1-R4_MC13g11612	-4.33705579531967	1.60589134914709e-23
382	MvSl-1064-A1-R4_MC13g11616	-0.559375778379317	0.0354016730798936
383	MvSl-1064-A1-R4_MC13g11692	-0.75934833543653	0.0164630337470852
384	MvSl-1064-A1-R4_MC13g11715	-2.62834304392842	2.77484977580567e-24
385	MvSl-1064-A1-R4_MC13g11717	-1.59579857561443	0.00120253755619992
386	MvSl-1064-A1-R4_MC14g11747	-1.18383253677139	0.0204102258706134
387	MvSl-1064-A1-R4_MC14g11772	-1.07717349050065	0.020090340698195
388	MvSl-1064-A1-R4_MC14g11775	-0.870152167663773	0.0135862363744645
389	MvSl-1064-A1-R4_MC14g11785	-0.791802554012544	0.0187321372939337
390	MvSl-1064-A1-R4_MC14g11805	-0.620071741981295	0.0230629832988984
391	MvSl-1064-A1-R4_MC14g11878	-3.10706880933831	1.16755247981715e-05
392	MvSl-1064-A1-R4_MC14g11916	-0.958712736437333	0.00209680249401728
393	MvSl-1064-A1-R4_MC14g11962	-2.96513162992037	3.18790925344629e-33
394	MvSl-1064-A1-R4_MC14g11964	-1.06977471759343	0.016228150533367
395	MvSl-1064-A1-R4_MC14g11965	-2.06975917139741	9.19072868533177e-09
396	MvSl-1064-A1-R4_MC14g11969	-1.38256908415701	1.14606262304493e-08
397	MvSl-1064-A1-R4_MC14g11979	-0.820137173862983	0.000837411953882099
398	MvSl-1064-A1-R4_MC14g11984	-1.87025749102265	3.18160155700651e-06
399	MvSl-1064-A1-R4_MC14g11989	-2.30531846994235	4.00210842280351e-05
400	MvSl-1064-A1-R4_MC14g11990	-2.10649081800612	0.000542453912258973
401	MvSl-1064-A1-R4_MC15g12050	-1.65534004082434	1.54366164523545e-05
402	MvSl-1064-A1-R4_MC15g12121	-1.85625793044582	9.32230694054328e-10
403	MvSl-1064-A1-R4_MC15g12135	-1.50867918836146	4.29938905027554e-05
404	MvSl-1064-A1-R4_MC15g12144	-7.97379642977326	3.76915356734776e-27
405	MvSl-1064-A1-R4_MC15g12148	-3.7109591691295	1.08022299579505e-11
406	MvSl-1064-A1-R4_MC16g12187	-1.79429415422416	4.69792040335768e-09
407	MvSl-1064-A1-R4_MC16g12188	-1.02503429784272	0.00670717140854899
408	MvSl-1064-A1-R4_MC16g12190	-0.841769281900447	0.00209680249401728
409	MvSl-1064-A1-R4_MC16g12194	-2.30771421532312	6.52454494573917e-13
410	MvSl-1064-A1-R4_MC17g12233	-4.03109994131514	5.24935909995292e-07
411	MvSl-1064-A1-R4_MC18g12262	-3.58493773987283	1.81863068480751e-28
