gene	logFC	FDR
1	MvSl-1064-A1-R4_A1g00013	-0.834284244956388	0.023769195676536
2	MvSl-1064-A1-R4_A1g00023	-1.26883426488314	0.0271214201450659
3	MvSl-1064-A1-R4_A1g00024	-7.1127631851655	2.23950994198214e-17
4	MvSl-1064-A1-R4_A1g00028	-1.2621332339838	0.00659899826211221
5	MvSl-1064-A1-R4_A1g00029	-3.37999549737182	1.42244518558002e-22
6	MvSl-1064-A1-R4_A1g00030	-2.00560347109292	1.50381580794574e-11
7	MvSl-1064-A1-R4_A1g00052	-5.66581432441406	1.02123384648863e-32
8	MvSl-1064-A1-R4_A1g00067	-4.61616439286568	8.55135074056225e-40
9	MvSl-1064-A1-R4_A1g00068	-3.95815842637132	2.76812015218378e-24
10	MvSl-1064-A1-R4_A1g00184	-0.938380237690387	0.000584218915098251
11	MvSl-1064-A1-R4_A1g00246	-0.904911883320881	0.000777439136496944
12	MvSl-1064-A1-R4_A1g00326	-11.3102183265785	8.99136448049166e-37
13	MvSl-1064-A1-R4_A1g00367	-0.795466272461826	0.0214849327912265
14	MvSl-1064-A1-R4_A1g00390	-3.79898073933675	4.98719454112387e-34
15	MvSl-1064-A1-R4_A1g00400	-0.818669562910088	0.0222512638145189
16	MvSl-1064-A1-R4_A1g00404	-0.97136337630757	0.0101225788325685
17	MvSl-1064-A1-R4_A1g00668	-0.801736244913755	0.0123531681303014
18	MvSl-1064-A1-R4_A1g00718	-1.26587620585333	2.50254604287355e-05
19	MvSl-1064-A1-R4_A1g00749	-1.20650334887882	0.000957201290338383
20	MvSl-1064-A1-R4_A1g00778	-0.877634076326923	0.0156740017867892
21	MvSl-1064-A1-R4_A1g00854	-0.836457395798532	0.0095023404352024
22	MvSl-1064-A1-R4_A1g00886	-1.11239104938009	0.00031742109315223
23	MvSl-1064-A1-R4_A1g01127	-1.28775824150085	0.0293850979326962
24	MvSl-1064-A1-R4_A1g01162	-4.81858139926861	4.17469339220683e-17
25	MvSl-1064-A1-R4_A1g01163	-2.81066288292088	2.81613809147362e-14
26	MvSl-1064-A1-R4_A1g01189	-0.71423609305165	0.0222574333388347
27	MvSl-1064-A1-R4_A1g01220	-2.20407591632938	2.30617104835224e-13
28	MvSl-1064-A1-R4_A1g01290	-0.772986783277798	0.00743827953812776
29	MvSl-1064-A1-R4_A1g01440	-0.615566129729991	0.046733124429821
30	MvSl-1064-A1-R4_A1g01484	-0.982631511939207	0.0373808477942978
31	MvSl-1064-A1-R4_A1g01495	-0.825279096377987	0.0277537980588354
32	MvSl-1064-A1-R4_A1g01496	-1.29446065734108	0.0138889175629782
33	MvSl-1064-A1-R4_A1g01497	-0.874343403151778	0.00559043829217741
34	MvSl-1064-A1-R4_A1g01515	-1.21259098895878	5.93403530900499e-05
35	MvSl-1064-A1-R4_MC01-1g01729	-0.934161245852801	0.0166403454089095
36	MvSl-1064-A1-R4_MC01-1g01757	-1.83791539746423	0.00306655543536166
37	MvSl-1064-A1-R4_MC01-1g01758	-0.808009657868087	0.0362157906688282
38	MvSl-1064-A1-R4_MC01-1g01759	-5.34505056345467	2.00826174741061e-24
39	MvSl-1064-A1-R4_MC01-1g01760	-4.84228558389819	1.64043795275859e-14
40	MvSl-1064-A1-R4_MC01-1g01783	-1.66550440781574	0.0315596040957736
41	MvSl-1064-A1-R4_MC01-1g01805	-0.847590958175344	0.00186495755191921
42	MvSl-1064-A1-R4_MC01-1g01834	-2.99065121348842	1.09089885309052e-12
43	MvSl-1064-A1-R4_MC01-1g01836	-2.87647748949247	6.52231572884877e-06
44	MvSl-1064-A1-R4_MC01-1g01839	-4.86815560451029	2.76748566324248e-11
45	MvSl-1064-A1-R4_MC01-1g01840	-2.64049700520339	4.91581355670256e-16
46	MvSl-1064-A1-R4_MC01-1g01890	-1.04348213233216	0.00352261879061988
47	MvSl-1064-A1-R4_MC01-1g01892	-3.93291603029757	1.63605747832256e-25
48	MvSl-1064-A1-R4_MC01-1g01896	-0.918880630837636	0.00317355578970293
49	MvSl-1064-A1-R4_MC01-1g01911	-1.47868418512784	0.00208504983301565
50	MvSl-1064-A1-R4_MC01-1g01912	-0.758013435968869	0.00719997339431253
51	MvSl-1064-A1-R4_MC01-1g01923	-1.15384567411329	2.93075707264478e-05
52	MvSl-1064-A1-R4_MC01-1g01936	-0.649837255758366	0.0470652881011947
53	MvSl-1064-A1-R4_MC01-1g01970	-1.98371097670349	9.22185950253191e-14
54	MvSl-1064-A1-R4_MC01-1g01975	-2.78784533864606	8.54987897474915e-29
55	MvSl-1064-A1-R4_MC01-1g01978	-1.66005177426325	5.05286732254501e-06
56	MvSl-1064-A1-R4_MC01-1g01994	-2.69514920828657	2.80951516448083e-10
57	MvSl-1064-A1-R4_MC01-1g02002	-1.08266980432166	0.000269565220142524
58	MvSl-1064-A1-R4_MC01-1g02004	-2.3883722618387	1.33932979874987e-06
59	MvSl-1064-A1-R4_MC01-1g02005	-2.22285268837172	9.14888690165474e-07
60	MvSl-1064-A1-R4_MC01-1g02011	-1.05544517472434	0.0208056864229523
61	MvSl-1064-A1-R4_MC01-1g02020	-1.18469016531714	0.000547500874436189
62	MvSl-1064-A1-R4_MC01-1g02022	-0.900216177159248	0.0121160295799979
63	MvSl-1064-A1-R4_MC01-1g02026	-0.904293517844804	0.0111652880130887
64	MvSl-1064-A1-R4_MC01-1g02045	-1.21149719012236	0.00263988912543037
65	MvSl-1064-A1-R4_MC01-1g02060	-1.36717495647694	2.81587057737837e-07
66	MvSl-1064-A1-R4_MC01-1g02089	-1.06461410540394	0.0010845004591132
67	MvSl-1064-A1-R4_MC01-1g02122	-0.858988558711137	0.00118428564283334
68	MvSl-1064-A1-R4_MC01-1g02150	-0.922200195774856	0.00223305728485093
69	MvSl-1064-A1-R4_MC01-1g02157	-1.02778734560326	0.00121172402019545
70	MvSl-1064-A1-R4_MC01-1g02161	-2.23547816900392	1.59488296368604e-09
71	MvSl-1064-A1-R4_MC01-1g02181	-0.660059829088496	0.0245332909289322
72	MvSl-1064-A1-R4_MC01-1g02199	-0.868390074203112	0.0275895191050851
73	MvSl-1064-A1-R4_MC01-1g02204	-0.704942518512822	0.0122011573365238
74	MvSl-1064-A1-R4_MC01-1g02212	-3.01190455714336	1.92314244132494e-14
75	MvSl-1064-A1-R4_MC01-1g02232	-4.59179103156296	8.3225095486463e-26
76	MvSl-1064-A1-R4_MC01-1g02234	-0.726200521793221	0.0173844858936654
77	MvSl-1064-A1-R4_MC01-1g02281	-0.728049584701334	0.00870719364496505
78	MvSl-1064-A1-R4_MC01-1g02327	-1.26794205557241	0.000126796608273878
79	MvSl-1064-A1-R4_MC01-1g02334	-1.25353077415609	0.00813967483682529
80	MvSl-1064-A1-R4_MC01-1g02338	-1.04662916212513	0.000462975675085763
81	MvSl-1064-A1-R4_MC01-1g02349	-0.890303177054371	0.00422537730666182
82	MvSl-1064-A1-R4_MC01-1g02357	-0.862903107770236	0.00137214812142063
83	MvSl-1064-A1-R4_MC01-1g02372	-0.770150558271571	0.0145619914947115
84	MvSl-1064-A1-R4_MC01-1g02376	-0.955257053313401	0.0417400335065907
85	MvSl-1064-A1-R4_MC01-1g02412	-2.40841813765221	1.54252213411934e-05
86	MvSl-1064-A1-R4_MC01-1g02421	-1.02286184661762	0.000776248906902312
87	MvSl-1064-A1-R4_MC01-1g02465	-0.98711771474454	0.0321452416120284
88	MvSl-1064-A1-R4_MC01-1g02466	-1.01812482816171	0.0417400335065907
89	MvSl-1064-A1-R4_MC01-1g02476	-1.07930057873796	0.0177527061511496
90	MvSl-1064-A1-R4_MC01-1g02484	-1.14258454871305	3.19242222709008e-05
91	MvSl-1064-A1-R4_MC01-1g02523	-1.00299019460029	0.0251200441488656
92	MvSl-1064-A1-R4_MC01-1g02545	-1.64737762321058	5.82729412065421e-09
93	MvSl-1064-A1-R4_MC01-1g02547	-1.80673661596378	0.00463020406987565
94	MvSl-1064-A1-R4_MC01-1g02564	-1.65792461685273	0.00850833493867326
95	MvSl-1064-A1-R4_MC01-1g02565	-2.88394633401888	8.47377188522755e-05
96	MvSl-1064-A1-R4_MC01-1g02569	-2.09381356021782	3.54678544526814e-10
97	MvSl-1064-A1-R4_MC01-1g02570	-1.53635175186646	2.79334234490264e-09
98	MvSl-1064-A1-R4_MC01-1g02576	-0.633910815149368	0.0410463328088026
99	MvSl-1064-A1-R4_MC01-1g02577	-1.2898291441902	0.000853652137455808
100	MvSl-1064-A1-R4_MC01-1g02628	-1.34372503871225	0.000477671808201853
101	MvSl-1064-A1-R4_MC01-1g02634	-1.67606774901877	7.04038636401358e-05
102	MvSl-1064-A1-R4_MC01-1g02655	-0.769123274645128	0.0249833492999649
103	MvSl-1064-A1-R4_MC01-1g02658	-3.62950167123093	1.00978180272717e-35
104	MvSl-1064-A1-R4_MC01-1g02661	-0.790693962922415	0.00486551522596298
105	MvSl-1064-A1-R4_MC01-1g02666	-0.821128946311957	0.0333564344521482
106	MvSl-1064-A1-R4_MC01-1g02711	-1.53263523287427	7.08742139713581e-07
107	MvSl-1064-A1-R4_MC01-1g02712	-2.10288993868283	6.65043725208219e-15
108	MvSl-1064-A1-R4_MC01-1g02713	-1.63982988719529	1.55344083505911e-08
109	MvSl-1064-A1-R4_MC01-1g02730	-1.09551970946885	0.000339362024805244
110	MvSl-1064-A1-R4_MC01-1g02733	-1.55901184717635	3.88732574686842e-06
111	MvSl-1064-A1-R4_MC01-1g02734	-2.16675229109246	3.18754353627725e-10
112	MvSl-1064-A1-R4_MC01-1g02736	-2.19708228271429	1.10508699284769e-06
113	MvSl-1064-A1-R4_MC01-1g02737	-1.77794240860212	5.14379827760673e-06
114	MvSl-1064-A1-R4_MC01-1g02750	-1.31789632254083	0.000376446366608375
115	MvSl-1064-A1-R4_MC01-1g02762	-1.18512693099906	6.65239486268194e-06
116	MvSl-1064-A1-R4_MC01-1g02786	-0.929330869677384	0.00142415562871704
117	MvSl-1064-A1-R4_MC01-1g02787	-2.09786442953686	0.000249354643025297
118	MvSl-1064-A1-R4_MC01-1g02812	-0.975571614875023	0.00166367650479387
119	MvSl-1064-A1-R4_MC01-1g02832	-1.12143835452352	0.00127451389667744
120	MvSl-1064-A1-R4_MC01-1g02833	-7.14549024265148	9.01806561432249e-38
121	MvSl-1064-A1-R4_MC01-1g02853	-1.30183313426957	0.00106073545405881
122	MvSl-1064-A1-R4_MC01-1g02870	-2.66364030097869	7.04572735698814e-10
123	MvSl-1064-A1-R4_MC01-2g02957	-1.28974405863571	0.0281497928470751
124	MvSl-1064-A1-R4_MC01-2g02960	-1.2912444829241	0.000515314615447
125	MvSl-1064-A1-R4_MC01-2g02967	-1.49893868478377	1.68979309584815e-07
126	MvSl-1064-A1-R4_MC01-2g02970	-2.18886741690924	0.000135342819511778
127	MvSl-1064-A1-R4_MC01-2g02992	-0.606111747323689	0.0425576113349423
128	MvSl-1064-A1-R4_MC01-2g03006	-5.10641283385591	3.74617665578844e-11
129	MvSl-1064-A1-R4_MC01-2g03024	-1.05016358606772	0.043551841468792
130	MvSl-1064-A1-R4_MC01-2g03069	-1.13333477184168	0.0298238537997152
131	MvSl-1064-A1-R4_MC01-2g03096	-2.61440621136646	1.77227218163502e-08
132	MvSl-1064-A1-R4_MC01-2g03149	-1.18490433620724	0.00135613323404039
133	MvSl-1064-A1-R4_MC01-2g03166	-3.3791694521611	2.13876179876478e-22
134	MvSl-1064-A1-R4_MC02g03227	-0.665732891243262	0.0454866311967147
135	MvSl-1064-A1-R4_MC02g03258	-1.41642624808697	0.00514948134452062
136	MvSl-1064-A1-R4_MC02g03263	-1.52318956626416	0.0012276590959492
137	MvSl-1064-A1-R4_MC02g03268	-0.750796959899503	0.0193233816017136
138	MvSl-1064-A1-R4_MC02g03298	-1.28507621091544	0.00681568841781986
139	MvSl-1064-A1-R4_MC02g03339	-1.24198809538702	3.06121003782867e-05
140	MvSl-1064-A1-R4_MC02g03340	-1.42563460698873	2.08702221002813e-07
141	MvSl-1064-A1-R4_MC02g03341	-1.77376509624731	3.63728091717842e-11
142	MvSl-1064-A1-R4_MC02g03361	-1.92766082419563	0.000275180267805893
143	MvSl-1064-A1-R4_MC02g03362	-1.31234200115331	0.0122011573365238
144	MvSl-1064-A1-R4_MC02g03367	-0.764679983906957	0.0365818065124036
145	MvSl-1064-A1-R4_MC02g03381	-0.972868831942634	0.0032782978473506
146	MvSl-1064-A1-R4_MC02g03385	-1.02800129056348	0.0371486440896292
147	MvSl-1064-A1-R4_MC02g03394	-1.4298083276463	0.00908305753174806
148	MvSl-1064-A1-R4_MC02g03485	-7.55625059986665	1.58549235439467e-81
149	MvSl-1064-A1-R4_MC02g03486	-1.22301786805114	8.56429407516494e-06
150	MvSl-1064-A1-R4_MC02g03495	-1.14856603611425	0.0202129412933049
151	MvSl-1064-A1-R4_MC02g03510	-1.62435888032185	7.39809529438921e-06
152	MvSl-1064-A1-R4_MC02g03511	-0.791706033690508	0.0448231454063626
153	MvSl-1064-A1-R4_MC02g03518	-1.47003275807942	0.000178494914653669
154	MvSl-1064-A1-R4_MC02g03523	-6.01299307340874	1.16430380639586e-14
155	MvSl-1064-A1-R4_MC02g03533	-1.135315961996	0.027438626544138
156	MvSl-1064-A1-R4_MC02g03557	-1.0786645150991	0.0113740200031841
157	MvSl-1064-A1-R4_MC02g03569	-1.00118471841462	0.00197460214457164
158	MvSl-1064-A1-R4_MC02g03580	-1.31624392013244	0.000340533281999768
159	MvSl-1064-A1-R4_MC02g03584	-3.42649823683889	6.02505772356225e-22
160	MvSl-1064-A1-R4_MC02g03606	-0.859033042138008	0.00763582837857167
161	MvSl-1064-A1-R4_MC02g03610	-1.62852912846131	0.000663706745660034
162	MvSl-1064-A1-R4_MC02g03638	-1.62270203699484	1.82935639241437e-05
163	MvSl-1064-A1-R4_MC02g03650	-0.662442805494754	0.0497952993700686
164	MvSl-1064-A1-R4_MC02g03663	-3.85894857331624	3.56353199492333e-06
165	MvSl-1064-A1-R4_MC02g03674	-2.28726177656806	1.29685349128619e-06
166	MvSl-1064-A1-R4_MC02g03679	-1.0842385912259	0.00241053375671098
167	MvSl-1064-A1-R4_MC02g03708	-2.79704095977745	1.34643312116226e-11
168	MvSl-1064-A1-R4_MC02g03710	-1.0415106874007	0.00122358916116126
169	MvSl-1064-A1-R4_MC02g03713	-0.928383272920878	0.0282478343735147
170	MvSl-1064-A1-R4_MC02g03728	-1.06775287507877	0.0216915664409571
171	MvSl-1064-A1-R4_MC02g03734	-1.06896009326026	0.000498520287833416
172	MvSl-1064-A1-R4_MC02g03738	-0.656018878826426	0.0263155049019318
173	MvSl-1064-A1-R4_MC02g03751	-1.01545596907011	8.89415486066608e-05
174	MvSl-1064-A1-R4_MC02g03780	-2.4676956586411	5.81181223528825e-07
175	MvSl-1064-A1-R4_MC02g03781	-2.54222035445177	1.54806953359431e-14
176	MvSl-1064-A1-R4_MC02g03798	-2.43966046785853	2.93423752626112e-10
177	MvSl-1064-A1-R4_MC02g03808	-1.48012970378136	0.000108324980300994
178	MvSl-1064-A1-R4_MC02g03854	-0.917494678196768	0.0145619914947115
179	MvSl-1064-A1-R4_MC02g03855	-1.08093791786938	0.0346186758680314
180	MvSl-1064-A1-R4_MC02g03856	-1.1260726403211	0.00155758476485126
181	MvSl-1064-A1-R4_MC02g03864	-0.845081293980498	0.00309147431561933
182	MvSl-1064-A1-R4_MC02g03895	-2.35000719954667	1.52160338810022e-07
183	MvSl-1064-A1-R4_MC02g03907	-1.1438581359701	0.00148094945057204
184	MvSl-1064-A1-R4_MC02g03915	-2.2934436373566	5.62932264709728e-13
185	MvSl-1064-A1-R4_MC02g03922	-1.65200959431168	3.11302911102523e-05
186	MvSl-1064-A1-R4_MC02g03927	-5.92917057151799	2.67459664325337e-48
187	MvSl-1064-A1-R4_MC02g03944	-1.24516147160984	5.74163540313676e-06
188	MvSl-1064-A1-R4_MC02g03945	-4.03158704745606	1.02630496801592e-24
189	MvSl-1064-A1-R4_MC02g03952	-1.4777019093916	4.42249109255242e-06
190	MvSl-1064-A1-R4_MC02g03955	-0.601130388731402	0.0475554737325091
191	MvSl-1064-A1-R4_MC02g03970	-1.80133817103701	0.0178831180996502
192	MvSl-1064-A1-R4_MC02g03977	-2.10543028605362	0.000277064382888619
193	MvSl-1064-A1-R4_MC02g03993	-0.782080045145006	0.0181032774939255
194	MvSl-1064-A1-R4_MC02g04000	-1.11702260628491	0.0158371574674027
195	MvSl-1064-A1-R4_MC02g04016	-2.43491932058498	4.30430006624853e-18
196	MvSl-1064-A1-R4_MC02g04019	-0.66904012369884	0.0311039691190326
197	MvSl-1064-A1-R4_MC02g04020	-0.785382199088637	0.0142169414143331
198	MvSl-1064-A1-R4_MC02g04030	-0.625502867163955	0.0423912437887602
199	MvSl-1064-A1-R4_MC02g04078	-1.26939065609628	0.0168739926319588
200	MvSl-1064-A1-R4_MC02g04090	-4.4244630538797	3.72218806427888e-20
201	MvSl-1064-A1-R4_MC02g04091	-1.68950419693221	5.96934781014266e-08
202	MvSl-1064-A1-R4_MC02g04092	-1.2739092397373	9.50297769254022e-05
203	MvSl-1064-A1-R4_MC02g04102	-1.04851367123368	0.0015905427894145
204	MvSl-1064-A1-R4_MC02g04114	-1.13531602982071	0.00665673818993103
205	MvSl-1064-A1-R4_MC02g04119	-0.676624528189842	0.0277537980588354
206	MvSl-1064-A1-R4_MC02g04123	-1.48707661514226	0.00127211794151267
207	MvSl-1064-A1-R4_MC02g04130	-1.47347108422948	7.24673435234805e-08
208	MvSl-1064-A1-R4_MC02g04132	-1.52456748214836	0.000206239871160814
209	MvSl-1064-A1-R4_MC02g04141	-1.01327910222662	9.16769061321675e-05
210	MvSl-1064-A1-R4_MC02g04185	-1.22275195061211	0.00140117079607798
211	MvSl-1064-A1-R4_MC02g04187	-0.731333817556915	0.0236186874738503
212	MvSl-1064-A1-R4_MC02g04188	-0.913985648646795	0.0416993838789171
213	MvSl-1064-A1-R4_MC02g04192	-4.30131107504203	3.89822948453896e-16
214	MvSl-1064-A1-R4_MC02g04194	-1.36879572248887	7.06185133652227e-05
215	MvSl-1064-A1-R4_MC02g04195	-2.08013566962084	6.16864551682e-05
216	MvSl-1064-A1-R4_MC02g04197	-2.12116980206568	3.9703421286541e-06
217	MvSl-1064-A1-R4_MC02g04198	-2.17250249314844	5.3430553579224e-08
218	MvSl-1064-A1-R4_MC02g04200	-1.97883862725156	2.93688920304441e-14
219	MvSl-1064-A1-R4_MC02g04201	-2.26156737784609	1.74807601998082e-08
220	MvSl-1064-A1-R4_MC02g04202	-6.54062800021227	9.74464601294794e-39
221	MvSl-1064-A1-R4_MC02g04205	-1.30948882975611	0.0156528968919124
222	MvSl-1064-A1-R4_MC02g04206	-1.65530673586931	0.00168709907735737
223	MvSl-1064-A1-R4_MC02g04218	-1.03645343904664	0.000377937571249542
224	MvSl-1064-A1-R4_MC02g04219	-1.75206974035043	0.00318773939645672
225	MvSl-1064-A1-R4_MC02g04220	-2.30412545286705	0.00437486903671606
226	MvSl-1064-A1-R4_MC02g04224	-5.33701019397934	8.89016715335477e-18
227	MvSl-1064-A1-R4_MC02g04245	-1.1268591310863	0.00847166312484957
228	MvSl-1064-A1-R4_MC03g04292	-0.981135888673597	0.00152182226203141
229	MvSl-1064-A1-R4_MC03g04297	-0.989941923924992	0.00507453655205637
230	MvSl-1064-A1-R4_MC03g04301	-0.770980387707178	0.00686558153042045
231	MvSl-1064-A1-R4_MC03g04304	-0.841837183615909	0.0304602175475876
232	MvSl-1064-A1-R4_MC03g04330	-0.78150724579642	0.0201296811168055
233	MvSl-1064-A1-R4_MC03g04350	-6.24092617012272	2.49891444512277e-16
234	MvSl-1064-A1-R4_MC03g04361	-1.67689247745005	3.49594804047176e-06
235	MvSl-1064-A1-R4_MC03g04367	-1.53455066262297	0.000117996895438893
236	MvSl-1064-A1-R4_MC03g04390	-0.790545394112703	0.0311039691190326
237	MvSl-1064-A1-R4_MC03g04396	-1.02024777464498	0.0482465483908194
238	MvSl-1064-A1-R4_MC03g04400	-0.958227133674077	0.00153502808596308
239	MvSl-1064-A1-R4_MC03g04401	-0.747177149177532	0.0248695322867783
240	MvSl-1064-A1-R4_MC03g04419	-3.18424075850223	1.30458424934882e-11
241	MvSl-1064-A1-R4_MC03g04448	-1.1773255614191	0.00475053370150463
242	MvSl-1064-A1-R4_MC03g04449	-0.915294198878142	0.0153241717573452
243	MvSl-1064-A1-R4_MC03g04462	-1.93032094176047	7.97834654515547e-09
244	MvSl-1064-A1-R4_MC03g04472	-0.995649550047638	0.00114341380289197
245	MvSl-1064-A1-R4_MC03g04539	-1.60039095170992	0.00123770243501381
246	MvSl-1064-A1-R4_MC03g04547	-0.914767107003433	0.00303867788764391
247	MvSl-1064-A1-R4_MC03g04548	-0.930427763813004	0.00571727393049688
248	MvSl-1064-A1-R4_MC03g04549	-0.757886449571239	0.0335994850378572
249	MvSl-1064-A1-R4_MC03g04565	-1.01650172691503	0.00515096588177269
250	MvSl-1064-A1-R4_MC03g04579	-0.839755501175562	0.0359821810801682
251	MvSl-1064-A1-R4_MC03g04585	-1.3293448645955	2.50887655393162e-06
252	MvSl-1064-A1-R4_MC03g04658	-2.10566363743243	0.000121610704848464
253	MvSl-1064-A1-R4_MC03g04694	-1.5546120817731	0.000402922673822396
254	MvSl-1064-A1-R4_MC03g04698	-1.47977523346017	2.76617761916987e-05
255	MvSl-1064-A1-R4_MC03g04701	-1.19053150111416	0.0049942295935067
256	MvSl-1064-A1-R4_MC03g04707	-3.17950434527744	3.63037933491771e-13
257	MvSl-1064-A1-R4_MC03g04725	-1.00553307107117	0.00646025167269699
258	MvSl-1064-A1-R4_MC03g04728	-1.79645573648875	0.000344289813441143
259	MvSl-1064-A1-R4_MC03g04729	-1.69668535195614	0.000956061032688998
260	MvSl-1064-A1-R4_MC03g04737	-2.14925592937403	1.46561140647113e-06
261	MvSl-1064-A1-R4_MC03g04738	-1.52114968530056	0.00180416076818379
262	MvSl-1064-A1-R4_MC03g04739	-1.35516174913446	0.00315716800492076
263	MvSl-1064-A1-R4_MC03g04761	-1.22593574735309	0.00137048517419953
264	MvSl-1064-A1-R4_MC03g04773	-1.52508433571434	5.77608084290465e-05
265	MvSl-1064-A1-R4_MC03g04789	-0.919632267809584	0.013820593025692
266	MvSl-1064-A1-R4_MC03g04792	-0.784075295692726	0.0110746590661314
267	MvSl-1064-A1-R4_MC03g04810	-0.736585204637116	0.013082074876706
268	MvSl-1064-A1-R4_MC03g04829	-0.723211695502183	0.0150333119528379
269	MvSl-1064-A1-R4_MC03g04834	-1.19796282194177	0.000629961901252773
270	MvSl-1064-A1-R4_MC03g04839	-1.92978502379763	5.5902789786846e-12
271	MvSl-1064-A1-R4_MC03g04847	-1.51323193927652	0.0253108079832508
272	MvSl-1064-A1-R4_MC03g04848	-0.949709128360605	0.00326075805937558
273	MvSl-1064-A1-R4_MC03g04867	-1.04646924471871	0.0112209867886725
274	MvSl-1064-A1-R4_MC03g04879	-2.1196481666146	0.00191958744431053
275	MvSl-1064-A1-R4_MC03g04886	-0.895367678525593	0.0356682237875328
276	MvSl-1064-A1-R4_MC03g04894	-0.720760072947011	0.0452468679209025
277	MvSl-1064-A1-R4_MC03g04909	-1.20441920705037	0.00376949805455322
278	MvSl-1064-A1-R4_MC03g04924	-6.69629152731042	1.29144755433168e-56
279	MvSl-1064-A1-R4_MC03g04931	-0.96527142020308	0.00404734411093821
280	MvSl-1064-A1-R4_MC03g04936	-1.17647887173358	0.012557186811455
281	MvSl-1064-A1-R4_MC03g04975	-1.80805664717628	2.32330181205281e-08
282	MvSl-1064-A1-R4_MC03g05003	-0.791817535298813	0.0297272085759552
283	MvSl-1064-A1-R4_MC03g05005	-0.762677203149817	0.0181185172263481
284	MvSl-1064-A1-R4_MC03g05022	-3.39221816530703	2.6636464853545e-15
285	MvSl-1064-A1-R4_MC03g05024	-1.51194697044784	0.000442044084648802
286	MvSl-1064-A1-R4_MC03g05026	-0.967272356361059	0.0166387307631001
287	MvSl-1064-A1-R4_MC03g05038	-0.80075782610381	0.0203017681872459
288	MvSl-1064-A1-R4_MC03g05052	-0.859411915563677	0.0197962037408738
289	MvSl-1064-A1-R4_MC03g05058	-0.733185215742699	0.0345508015086378
290	MvSl-1064-A1-R4_MC03g05061	-2.05024879241833	0.000391712426940367
291	MvSl-1064-A1-R4_MC03g05070	-2.92484644606242	0.00282681506260999
292	MvSl-1064-A1-R4_MC03g05072	-0.79418994147082	0.021161930013078
293	MvSl-1064-A1-R4_MC03g05087	-1.57691747790021	0.000696238804077623
294	MvSl-1064-A1-R4_MC03g05097	-3.60928281596911	1.18948866103548e-17
295	MvSl-1064-A1-R4_MC03g05099	-1.37699127483988	0.000193242387286155
296	MvSl-1064-A1-R4_MC03g05103	-1.88466936866025	2.80951516448083e-10
297	MvSl-1064-A1-R4_MC03g05106	-1.07676233386692	0.00684213176654931
298	MvSl-1064-A1-R4_MC03g05122	-1.18039589452773	1.92623111424548e-05
299	MvSl-1064-A1-R4_MC03g05152	-1.05578307092232	0.0248002371707143
300	MvSl-1064-A1-R4_MC03g05163	-3.05600923522206	2.81613809147362e-14
301	MvSl-1064-A1-R4_MC03g05164	-1.84329729108553	0.000137633687714061
302	MvSl-1064-A1-R4_MC03g05165	-1.78804997948906	0.00442578414382036
303	MvSl-1064-A1-R4_MC03g05176	-2.13783811883759	7.23653805326993e-10
304	MvSl-1064-A1-R4_MC03g05224	-1.84920594283001	0.000451335236028836
305	MvSl-1064-A1-R4_MC03g05242	-0.955054464361824	0.0293850979326962
306	MvSl-1064-A1-R4_MC03g05244	-1.05497008777484	0.00604693455126084
307	MvSl-1064-A1-R4_MC03g05250	-0.725003669393138	0.0306856072469507
308	MvSl-1064-A1-R4_MC03g05252	-0.668735248725788	0.0223494684405731
309	MvSl-1064-A1-R4_MC04-1g05283	-1.08348384024246	0.0128955111169117
310	MvSl-1064-A1-R4_MC04-1g05292	-3.30194945771058	2.70860356846758e-20
311	MvSl-1064-A1-R4_MC04-1g05296	-0.989410986984382	0.00265941285559273
312	MvSl-1064-A1-R4_MC04-1g05304	-8.55715075667747	7.73744892500134e-27
313	MvSl-1064-A1-R4_MC04-1g05313	-2.26970072400627	5.32718668612386e-07
314	MvSl-1064-A1-R4_MC04-1g05315	-3.86771543556416	3.06857977444384e-12
315	MvSl-1064-A1-R4_MC04-1g05375	-1.38570445557404	0.0170043931846127
316	MvSl-1064-A1-R4_MC04-1g05376	-1.20814011867819	2.32367547386864e-05
317	MvSl-1064-A1-R4_MC04-1g05377	-3.06296813187816	2.35481015051766e-08
318	MvSl-1064-A1-R4_MC04-1g05465	-1.14079802059142	0.000341416733440772
319	MvSl-1064-A1-R4_MC04-1g05468	-2.0243921075707	1.01158964239384e-05
320	MvSl-1064-A1-R4_MC04-1g05470	-1.11544851092097	0.000655724100470337
321	MvSl-1064-A1-R4_MC04-1g05478	-0.712494205669155	0.0258730767741212
322	MvSl-1064-A1-R4_MC04-1g05483	-3.3134446737646	1.61607980309566e-06
323	MvSl-1064-A1-R4_MC04-1g05491	-1.00488321222052	0.00209319490652228
324	MvSl-1064-A1-R4_MC04-1g05530	-0.818405413865277	0.0208953686400684
325	MvSl-1064-A1-R4_MC04-1g05585	-0.893101861656041	0.00846317933151186
326	MvSl-1064-A1-R4_MC04-1g05588	-0.880580679564907	0.0489751285864514
327	MvSl-1064-A1-R4_MC04-1g05592	-1.635497116547	1.03817610529613e-08
328	MvSl-1064-A1-R4_MC04-1g05632	-2.34835979005814	1.45996060812205e-12
329	MvSl-1064-A1-R4_MC04-1g05662	-0.7613819848726	0.0270498529626835
330	MvSl-1064-A1-R4_MC04-1g05664	-0.93465858285443	0.0387722788964362
331	MvSl-1064-A1-R4_MC04-1g05672	-1.58291671348491	9.91127550580793e-09
332	MvSl-1064-A1-R4_MC04-1g05675	-0.768926067079734	0.0177527061511496
333	MvSl-1064-A1-R4_MC04-1g05682	-1.36171396784741	5.71264914789249e-05
334	MvSl-1064-A1-R4_MC04-1g05683	-0.725920811523028	0.0404293624599795
335	MvSl-1064-A1-R4_MC04-1g05712	-3.69393589101786	4.63390344691301e-18
336	MvSl-1064-A1-R4_MC04-1g05749	-4.45364330181751	2.28759797051109e-34
337	MvSl-1064-A1-R4_MC04-1g05764	-4.14566825666881	3.94680125965831e-10
338	MvSl-1064-A1-R4_MC04-1g05801	-2.69503139840692	1.67374690423957e-10
339	MvSl-1064-A1-R4_MC04-1g05810	-9.37040387745796	1.89845776527929e-118
340	MvSl-1064-A1-R4_MC04-1g05815	-1.45974126617757	7.73171012567234e-05
341	MvSl-1064-A1-R4_MC04-1g05832	-4.4215202478304	3.30213279707413e-07
342	MvSl-1064-A1-R4_MC04-1g05833	-4.97621099023801	6.18800942564624e-21
343	MvSl-1064-A1-R4_MC04-1g05834	-1.64285776481922	0.0109782956784957
344	MvSl-1064-A1-R4_MC04-1g05836	-2.07479665509071	7.37505021299419e-05
345	MvSl-1064-A1-R4_MC04-1g05861	-1.83584054887221	9.94997097677195e-06
346	MvSl-1064-A1-R4_MC04-1g05906	-1.03755666926181	0.00192540069281018
347	MvSl-1064-A1-R4_MC04-1g05908	-2.40140112908608	2.20663937568868e-10
348	MvSl-1064-A1-R4_MC04-1g05914	-0.730953859880617	0.0203696305249677
349	MvSl-1064-A1-R4_MC04-1g05935	-0.949369792059797	0.038615792066384
350	MvSl-1064-A1-R4_MC04-1g05936	-1.04458727213096	0.010336287280094
351	MvSl-1064-A1-R4_MC04-1g05937	-0.795487526935167	0.032043745962057
352	MvSl-1064-A1-R4_MC04-1g05942	-1.03466318220365	0.045145520622511
353	MvSl-1064-A1-R4_MC04-1g06009	-0.723740205856642	0.00944606476166971
354	MvSl-1064-A1-R4_MC04-1g06048	-1.01644829349544	0.00912547411066641
355	MvSl-1064-A1-R4_MC04-1g06049	-3.58604441388781	5.72112356189001e-08
356	MvSl-1064-A1-R4_MC04-1g06059	-1.32011162411981	0.0126348131851834
357	MvSl-1064-A1-R4_MC04-1g06060	-0.886524132443475	0.00603845997452738
358	MvSl-1064-A1-R4_MC04-2g06086	-0.955836733462751	0.0199376297859077
359	MvSl-1064-A1-R4_MC04-2g06103	-2.1173294502309	0.000199642900110109
360	MvSl-1064-A1-R4_MC05-1g06148	-0.758783879125402	0.0139092722286693
361	MvSl-1064-A1-R4_MC05-1g06184	-1.50226778461372	6.46193692356095e-05
362	MvSl-1064-A1-R4_MC05-1g06189	-2.7496406222873	5.46574330096614e-22
363	MvSl-1064-A1-R4_MC05-1g06211	-1.00492338749751	0.0214849327912265
364	MvSl-1064-A1-R4_MC05-1g06217	-0.847332382054196	0.0032911265928235
365	MvSl-1064-A1-R4_MC05-1g06223	-3.29355667151818	1.04205932607261e-38
366	MvSl-1064-A1-R4_MC05-1g06241	-1.3012489838512	0.000663043638438285
367	MvSl-1064-A1-R4_MC05-1g06249	-0.808612812814397	0.0423374605882029
368	MvSl-1064-A1-R4_MC05-1g06269	-1.95195620782028	0.00183702024798998
369	MvSl-1064-A1-R4_MC05-2g06318	-1.01136310196174	0.00486551522596298
370	MvSl-1064-A1-R4_MC05-2g06335	-2.96629324854604	4.61735595082943e-14
371	MvSl-1064-A1-R4_MC05-2g06344	-0.925487499939524	0.0314733922398315
372	MvSl-1064-A1-R4_MC05-2g06353	-0.632581545507958	0.0379321470036114
373	MvSl-1064-A1-R4_MC05-2g06365	-1.06147065135107	0.00668323665900205
374	MvSl-1064-A1-R4_MC05-2g06375	-1.59757008851922	7.28161233225617e-05
375	MvSl-1064-A1-R4_MC05-2g06395	-2.79367292854985	1.00027671109901e-06
376	MvSl-1064-A1-R4_MC05-2g06412	-2.56203422546293	5.06318590438794e-15
377	MvSl-1064-A1-R4_MC05-2g06420	-1.6535337479006	3.15323242360197e-05
378	MvSl-1064-A1-R4_MC05-2g06429	-1.01933188638277	0.0383281815147193
379	MvSl-1064-A1-R4_MC05-2g06454	-2.29927386323437	5.80555833760954e-09
380	MvSl-1064-A1-R4_MC05-2g06456	-0.955167576033766	0.0139885701523949
381	MvSl-1064-A1-R4_MC05-3g06507	-1.34931026409899	0.00859282397124173
382	MvSl-1064-A1-R4_MC05-3g06525	-0.795384383006226	0.0354893887492385
383	MvSl-1064-A1-R4_MC05-3g06556	-0.705758631664206	0.0437380815125988
384	MvSl-1064-A1-R4_MC05-3g06593	-2.19061358369165	6.65239486268194e-06
385	MvSl-1064-A1-R4_MC05-3g06594	-1.96978474308162	1.93941662717073e-06
386	MvSl-1064-A1-R4_MC05-3g06611	-1.30709385800437	0.00211343816151586
387	MvSl-1064-A1-R4_MC05-3g06616	-0.711903226420224	0.0116093692834286
388	MvSl-1064-A1-R4_MC05-3g06617	-4.29197944524902	1.01896651271107e-17
389	MvSl-1064-A1-R4_MC05-3g06621	-2.22531778764409	7.817529696249e-07
390	MvSl-1064-A1-R4_MC05-3g06642	-3.31372837377945	1.46561849791433e-09
391	MvSl-1064-A1-R4_MC05-3g06674	-0.605143798846373	0.0456924764655005
392	MvSl-1064-A1-R4_MC05-3g06682	-1.21285541004635	0.000495272286188973
393	MvSl-1064-A1-R4_MC05-3g06688	-2.5916614990887	7.71952958556204e-17
394	MvSl-1064-A1-R4_MC05-3g06689	-1.05112198995802	0.00109502837181462
395	MvSl-1064-A1-R4_MC05-3g06713	-0.64644378029093	0.0451616522460223
396	MvSl-1064-A1-R4_MC05-3g06733	-1.15538406314637	4.88109544533062e-05
397	MvSl-1064-A1-R4_MC05-3g06739	-1.45920683057033	1.00441628341303e-05
398	MvSl-1064-A1-R4_MC05-3g06742	-1.0817634950086	0.0184309111911706
399	MvSl-1064-A1-R4_MC05-3g06790	-1.26074094032204	0.000579675664352586
400	MvSl-1064-A1-R4_MC05-3g06803	-0.993731201532548	0.0359821810801682
401	MvSl-1064-A1-R4_MC05-3g06813	-2.04918330877447	2.54140671996427e-09
402	MvSl-1064-A1-R4_MC05-3g06833	-3.32878684535268	1.91134694056831e-09
403	MvSl-1064-A1-R4_MC06g06861	-1.16284485249889	0.018514518398113
404	MvSl-1064-A1-R4_MC06g06866	-1.38489458032328	0.000295395201536854
405	MvSl-1064-A1-R4_MC06g06870	-0.782759983231954	0.00668323665900205
406	MvSl-1064-A1-R4_MC06g06875	-0.902442406728047	0.0136461052396914
407	MvSl-1064-A1-R4_MC06g06883	-1.18336297925739	0.0058650688908137
408	MvSl-1064-A1-R4_MC06g06914	-0.770590032910738	0.0130111075541212
409	MvSl-1064-A1-R4_MC06g06923	-0.878763451039792	0.00186495755191921
410	MvSl-1064-A1-R4_MC06g06929	-1.08278353177719	0.00296500518028366
411	MvSl-1064-A1-R4_MC06g06938	-0.698158271741234	0.0272741409323276
412	MvSl-1064-A1-R4_MC06g06940	-1.72720408818488	0.00105678911922616
413	MvSl-1064-A1-R4_MC06g06942	-0.961643104068383	0.0145619914947115
414	MvSl-1064-A1-R4_MC06g06943	-0.89955356494206	0.0112366227207825
415	MvSl-1064-A1-R4_MC06g06944	-3.80920952245226	1.13635773734847e-18
416	MvSl-1064-A1-R4_MC06g06962	-0.923608560085651	0.00301955344244022
417	MvSl-1064-A1-R4_MC06g07064	-1.56082408343569	0.000279102466103244
418	MvSl-1064-A1-R4_MC06g07099	-2.58709835283692	7.25939898639513e-06
419	MvSl-1064-A1-R4_MC06g07119	-0.745489996215165	0.0140995736394012
420	MvSl-1064-A1-R4_MC06g07138	-1.42654129631672	2.47434715970828e-08
421	MvSl-1064-A1-R4_MC06g07150	-0.767700676560543	0.0402079478765411
422	MvSl-1064-A1-R4_MC06g07161	-1.0959389265297	0.0348717495072019
423	MvSl-1064-A1-R4_MC06g07164	-1.01781057287756	0.0179133929763995
424	MvSl-1064-A1-R4_MC06g07178	-1.65414714725128	0.00829833414246869
425	MvSl-1064-A1-R4_MC06g07235	-4.47683173640023	3.49305322941567e-41
426	MvSl-1064-A1-R4_MC06g07236	-3.92354492546853	1.75754953298465e-10
427	MvSl-1064-A1-R4_MC06g07255	-2.14717254528348	7.66401181524229e-11
428	MvSl-1064-A1-R4_MC06g07260	-1.22703154187097	7.33508353457641e-07
429	MvSl-1064-A1-R4_MC06g07269	-1.10690575893053	0.0112366227207825
430	MvSl-1064-A1-R4_MC06g07287	-1.1542014761073	0.00732660314154457
431	MvSl-1064-A1-R4_MC06g07288	-1.57063202738698	0.000221959568456299
432	MvSl-1064-A1-R4_MC06g07310	-0.832620125457509	0.032057449062857
433	MvSl-1064-A1-R4_MC06g07315	-1.11058353428808	8.61143100782945e-05
434	MvSl-1064-A1-R4_MC06g07329	-6.18651876645349	5.1453133031832e-11
435	MvSl-1064-A1-R4_MC06g07342	-5.09514987010787	4.91148068379946e-44
436	MvSl-1064-A1-R4_MC06g07356	-0.968670419346491	0.00869246631382283
437	MvSl-1064-A1-R4_MC06g07360	-1.12938453530535	9.68099100149246e-05
438	MvSl-1064-A1-R4_MC06g07362	-0.797676841499421	0.0498396841492507
439	MvSl-1064-A1-R4_MC06g07397	-2.62933040282842	9.50297769254022e-05
440	MvSl-1064-A1-R4_MC06g07428	-0.823993543858555	0.00368531651280207
441	MvSl-1064-A1-R4_MC06g07447	-0.953889417566928	0.00242541480276336
442	MvSl-1064-A1-R4_MC06g07454	-3.09815083187882	1.99782435612443e-12
443	MvSl-1064-A1-R4_MC06g07468	-0.700256025846521	0.0254242749927456
444	MvSl-1064-A1-R4_MC06g07478	-2.81378700589268	1.40476306721846e-07
445	MvSl-1064-A1-R4_MC06g07517	-1.01959330452113	0.000523710359483407
446	MvSl-1064-A1-R4_MC07g07549	-2.37288088573972	7.99273983683038e-05
447	MvSl-1064-A1-R4_MC07g07565	-1.19693951365504	3.44383527263132e-05
448	MvSl-1064-A1-R4_MC07g07587	-0.784384401537333	0.00757467862524528
449	MvSl-1064-A1-R4_MC07g07590	-0.919213999187478	0.0222188832454943
450	MvSl-1064-A1-R4_MC07g07592	-1.4134589519245	0.00103107361088354
451	MvSl-1064-A1-R4_MC07g07609	-2.16287479910701	2.32008853003773e-05
452	MvSl-1064-A1-R4_MC07g07693	-1.79570484782951	0.000540539554363342
453	MvSl-1064-A1-R4_MC07g07696	-1.30285776641883	1.22590392860233e-05
454	MvSl-1064-A1-R4_MC07g07719	-1.1387893682302	0.0110866510151325
455	MvSl-1064-A1-R4_MC07g07734	-2.013659230847	1.83454463012881e-13
456	MvSl-1064-A1-R4_MC07g07744	-0.739879626546228	0.0147109412695017
457	MvSl-1064-A1-R4_MC07g07837	-1.85038390718306	5.96934781014266e-08
458	MvSl-1064-A1-R4_MC07g07841	-1.22974552541617	7.75800091149431e-05
459	MvSl-1064-A1-R4_MC07g07852	-0.681069543573173	0.0317515960726721
460	MvSl-1064-A1-R4_MC07g07864	-0.762783801647564	0.0110897125384021
461	MvSl-1064-A1-R4_MC07g07868	-1.11102671495439	0.00422537730666182
462	MvSl-1064-A1-R4_MC07g07882	-1.54271196631618	3.06091431235649e-06
463	MvSl-1064-A1-R4_MC07g07887	-2.99433253336998	0.000192691614840531
464	MvSl-1064-A1-R4_MC07g07913	-0.934965762022053	0.0442769110223961
465	MvSl-1064-A1-R4_MC07g07941	-0.991305594474741	0.000626502103139178
466	MvSl-1064-A1-R4_MC07g07945	-1.96127181998702	0.000112981646075294
467	MvSl-1064-A1-R4_MC07g07946	-1.7234264564606	7.91169885154008e-10
468	MvSl-1064-A1-R4_MC07g07953	-1.68730139940655	7.44379940765426e-11
469	MvSl-1064-A1-R4_MC07g07961	-1.41715398357316	0.00908305753174806
470	MvSl-1064-A1-R4_MC07g07977	-0.721414825876169	0.033618852659748
471	MvSl-1064-A1-R4_MC07g07978	-1.59325461135259	0.00163557372559989
472	MvSl-1064-A1-R4_MC07g07982	-1.15339343776978	0.0447716602108581
473	MvSl-1064-A1-R4_MC07g07984	-1.37747109788061	0.0146717212652016
474	MvSl-1064-A1-R4_MC07g08004	-1.45678734972031	0.00127211794151267
475	MvSl-1064-A1-R4_MC07g08016	-2.400426457147	2.05445025380037e-22
476	MvSl-1064-A1-R4_MC07g08018	-1.0971553789319	0.000183036673718524
477	MvSl-1064-A1-R4_MC07g08025	-1.78691568753956	6.72092421553812e-11
478	MvSl-1064-A1-R4_MC07g08031	-0.747817695292099	0.0418193466749294
479	MvSl-1064-A1-R4_MC07g08037	-2.00407870409328	2.64199607469224e-10
480	MvSl-1064-A1-R4_MC07g08038	-1.45910097240404	0.00198770968994108
481	MvSl-1064-A1-R4_MC07g08062	-1.27060551381995	6.37757637917298e-06
482	MvSl-1064-A1-R4_MC07g08080	-1.76514276711467	3.4568107807053e-05
483	MvSl-1064-A1-R4_MC07g08101	-1.21583593551448	0.0012841840085634
484	MvSl-1064-A1-R4_MC07g08103	-1.08230564582219	0.000713966022321223
485	MvSl-1064-A1-R4_MC07g08106	-1.91165586350289	0.000246401421195104
486	MvSl-1064-A1-R4_MC07g08146	-0.913966424333661	0.00453792286374797
487	MvSl-1064-A1-R4_MC07g08163	-0.858273364285545	0.0261174339447581
488	MvSl-1064-A1-R4_MC07g08197	-0.650247263670234	0.0364977716475471
489	MvSl-1064-A1-R4_MC07g08198	-2.04721896289755	0.00155264271069407
490	MvSl-1064-A1-R4_MC07g08201	-1.06515690068243	0.0149029774426514
491	MvSl-1064-A1-R4_MC07g08206	-0.941251404393432	0.014924035105445
492	MvSl-1064-A1-R4_MC07g08208	-2.37936447475927	3.61599194062813e-13
493	MvSl-1064-A1-R4_MC07g08209	-2.31620565689909	5.50356732074338e-11
494	MvSl-1064-A1-R4_MC07g08235	-0.819455795384702	0.0111575993080545
495	MvSl-1064-A1-R4_MC07g08246	-0.971301500387397	0.0140210423886148
496	MvSl-1064-A1-R4_MC08g08277	-5.81663805395182	8.249311131636e-34
497	MvSl-1064-A1-R4_MC08g08298	-1.20271845676632	0.019906649792489
498	MvSl-1064-A1-R4_MC08g08301	-0.818868242953909	0.0132336144818507
499	MvSl-1064-A1-R4_MC08g08311	-0.960436803957356	0.00382777925258112
500	MvSl-1064-A1-R4_MC08g08337	-2.6993198594451	2.66075492631574e-05
501	MvSl-1064-A1-R4_MC08g08338	-1.29945750904018	0.000548357493783876
502	MvSl-1064-A1-R4_MC08g08360	-0.939878371567558	0.0080170132172584
503	MvSl-1064-A1-R4_MC08g08361	-1.4065999128195	8.24518896023457e-07
504	MvSl-1064-A1-R4_MC08g08367	-1.13102168157235	0.0268721053466162
505	MvSl-1064-A1-R4_MC08g08369	-1.38970453194727	0.00471830907210649
506	MvSl-1064-A1-R4_MC08g08428	-0.616045721076704	0.0432141798250593
507	MvSl-1064-A1-R4_MC08g08432	-0.62214825961911	0.0452468679209025
508	MvSl-1064-A1-R4_MC08g08445	-1.42247154999804	2.45322367410489e-08
509	MvSl-1064-A1-R4_MC08g08469	-1.4329057533197	0.00345349193995671
510	MvSl-1064-A1-R4_MC08g08474	-0.709727963509843	0.0111613913085225
511	MvSl-1064-A1-R4_MC08g08477	-1.6706532194931	0.000943616710375221
512	MvSl-1064-A1-R4_MC08g08479	-4.85516731882856	2.70860356846758e-20
513	MvSl-1064-A1-R4_MC08g08480	-7.73679519083037	3.07935466389956e-21
514	MvSl-1064-A1-R4_MC08g08481	-12.5701842440608	1.58549235439467e-81
515	MvSl-1064-A1-R4_MC08g08482	-13.0458016659934	2.47000802940511e-102
516	MvSl-1064-A1-R4_MC08g08504	-1.77487262978213	1.27099411109591e-09
517	MvSl-1064-A1-R4_MC08g08542	-0.851438390347026	0.0233728578587727
518	MvSl-1064-A1-R4_MC08g08570	-0.941346071388773	0.0474675478415785
519	MvSl-1064-A1-R4_MC08g08595	-0.732130630105912	0.0182436703054243
520	MvSl-1064-A1-R4_MC08g08628	-5.10825277573356	3.58926773309553e-19
521	MvSl-1064-A1-R4_MC08g08639	-0.9293872167366	0.0253108079832508
522	MvSl-1064-A1-R4_MC08g08672	-0.782786846435163	0.0075476810452271
523	MvSl-1064-A1-R4_MC08g08776	-2.68224220317854	1.50607601162002e-07
524	MvSl-1064-A1-R4_MC08g08777	-2.56887905745706	1.38104021485009e-07
525	MvSl-1064-A1-R4_MC08g08800	-3.26638352717465	4.86993607689749e-12
526	MvSl-1064-A1-R4_MC08g08817	-2.73807168456397	2.56588951124217e-15
527	MvSl-1064-A1-R4_MC08g08818	-1.81600716478165	0.0163398708918975
528	MvSl-1064-A1-R4_MC08g08826	-0.743705189395852	0.0227153141167755
529	MvSl-1064-A1-R4_MC08g08828	-0.869991324141552	0.0117434090073247
530	MvSl-1064-A1-R4_MC08g08838	-1.25337006811688	0.0220502375324904
531	MvSl-1064-A1-R4_MC08g08855	-3.58919703657162	5.60689143238455e-29
532	MvSl-1064-A1-R4_MC08g08860	-2.13474320790538	1.41494234559304e-15
533	MvSl-1064-A1-R4_MC08g08861	-2.24063962634977	4.26333145853375e-13
534	MvSl-1064-A1-R4_MC09-1g08909	-1.52382778128727	0.000637218196026353
535	MvSl-1064-A1-R4_MC09-2g08938	-4.55131355867725	2.63895871696684e-08
536	MvSl-1064-A1-R4_MC09-2g08939	-2.39349418756971	1.64189462850395e-05
537	MvSl-1064-A1-R4_MC09-2g08940	-0.939963458070502	0.000955169778649325
538	MvSl-1064-A1-R4_MC09-2g08965	-0.88548192906118	0.0148474186342891
539	MvSl-1064-A1-R4_MC09-2g08966	-1.2485288505506	0.000892506298538094
540	MvSl-1064-A1-R4_MC09-2g09008	-1.29287090318849	0.0125547715369804
541	MvSl-1064-A1-R4_MC09-2g09050	-1.30525166786716	0.00366271214027573
542	MvSl-1064-A1-R4_MC09-2g09051	-1.34370974581209	0.000377009322286206
543	MvSl-1064-A1-R4_MC09-2g09053	-1.44154738901118	4.76519730423676e-05
544	MvSl-1064-A1-R4_MC09-2g09067	-4.96650590968154	3.47261766657262e-15
545	MvSl-1064-A1-R4_MC09-2g09069	-1.13628601632502	0.00294171472271699
546	MvSl-1064-A1-R4_MC09-2g09072	-0.763665744902359	0.0495621858442849
547	MvSl-1064-A1-R4_MC09-2g09078	-1.29631014207162	0.0329297914904859
548	MvSl-1064-A1-R4_MC09-2g09089	-0.896919254025459	0.0107785602013564
549	MvSl-1064-A1-R4_MC09-2g09120	-1.11726945795889	0.00305199022447469
550	MvSl-1064-A1-R4_MC09-2g09123	-1.53677020006752	7.72552696490985e-05
551	MvSl-1064-A1-R4_MC09-2g09131	-3.21441716531105	5.87312907153563e-05
552	MvSl-1064-A1-R4_MC09-2g09132	-3.28742488368515	5.42149563426553e-06
553	MvSl-1064-A1-R4_MC09-2g09141	-1.49637199912841	6.44165658441943e-07
554	MvSl-1064-A1-R4_MC09-2g09144	-3.92676865537406	1.47765245486619e-36
555	MvSl-1064-A1-R4_MC09-2g09157	-1.02935405101773	0.0485051865531111
556	MvSl-1064-A1-R4_MC09-2g09159	-1.19529124903226	0.00758834740915444
557	MvSl-1064-A1-R4_MC09-2g09160	-1.07274636669528	0.00030208120535446
558	MvSl-1064-A1-R4_MC09-2g09187	-0.656372063641407	0.0201296811168055
559	MvSl-1064-A1-R4_MC09-2g09191	-1.35100021765714	3.88214755507161e-07
560	MvSl-1064-A1-R4_MC09-2g09225	-0.793489226434662	0.0100230007066358
561	MvSl-1064-A1-R4_MC09-2g09237	-0.6736804167123	0.0266536449962116
562	MvSl-1064-A1-R4_MC09-2g09247	-0.790828909113738	0.0332382686447575
563	MvSl-1064-A1-R4_MC09-2g09255	-0.929526398312676	0.00068854598113638
564	MvSl-1064-A1-R4_MC09-2g09256	-0.991991131757065	0.0059691895976359
565	MvSl-1064-A1-R4_MC09-2g09269	-1.83260310678451	0.000281019973073353
566	MvSl-1064-A1-R4_MC09-2g09283	-1.26666156136166	0.000200078537187474
567	MvSl-1064-A1-R4_MC09-2g09289	-1.26967566567081	0.00234605476827802
568	MvSl-1064-A1-R4_MC09-2g09292	-0.947800364548069	0.0175658656728904
569	MvSl-1064-A1-R4_MC09-2g09305	-1.33893896898902	0.00618385598811941
570	MvSl-1064-A1-R4_MC09-2g09306	-2.63531509659954	0.00442695160571348
571	MvSl-1064-A1-R4_MC09-2g09324	-0.671743651967442	0.0322235785745707
572	MvSl-1064-A1-R4_MC09-2g09353	-0.680402163055729	0.0200864687201705
573	MvSl-1064-A1-R4_MC09-2g09373	-2.31157825159265	5.56945662818795e-06
574	MvSl-1064-A1-R4_MC09-2g09374	-0.7366634109594	0.0364235772948949
575	MvSl-1064-A1-R4_MC09-2g09396	-0.887261390845122	0.00308994913347424
576	MvSl-1064-A1-R4_MC09-2g09412	-0.834477097963345	0.00281013275308446
577	MvSl-1064-A1-R4_MC09-2g09415	-0.942936139697355	0.00572132395478539
578	MvSl-1064-A1-R4_MC09-2g09419	-1.05374166823427	0.00228215114516685
579	MvSl-1064-A1-R4_MC09-2g09440	-0.975373391538545	0.000540737665569096
580	MvSl-1064-A1-R4_MC09-2g09469	-1.56174558440021	7.04582901014797e-10
581	MvSl-1064-A1-R4_MC09-2g09477	-1.26873639890591	0.0176505375617506
582	MvSl-1064-A1-R4_MC09-2g09478	-1.60842221823083	0.00061715101183886
583	MvSl-1064-A1-R4_MC09-2g09485	-2.11372424773226	0.00231865654640725
584	MvSl-1064-A1-R4_MC09-2g09486	-2.70093288144049	5.80555833760954e-09
585	MvSl-1064-A1-R4_MC09-2g09487	-2.69275510113879	7.67224745508624e-13
586	MvSl-1064-A1-R4_MC09-2g09488	-2.38405911166034	1.52445896275714e-10
587	MvSl-1064-A1-R4_MC09-2g09489	-2.47968902386801	5.62046724089697e-19
588	MvSl-1064-A1-R4_MC09-2g09490	-2.67289587008503	1.07247174050801e-13
589	MvSl-1064-A1-R4_MC09-2g09506	-1.40308525638129	0.000771698558116185
590	MvSl-1064-A1-R4_MC09-2g09507	-1.30898064961777	0.00874441489351281
591	MvSl-1064-A1-R4_MC09-2g09509	-1.36705394548221	7.58014747339498e-07
592	MvSl-1064-A1-R4_MC09-2g09511	-0.802313777245095	0.00763582837857167
593	MvSl-1064-A1-R4_MC09-2g09532	-0.909133216340332	0.00724331016104712
594	MvSl-1064-A1-R4_MC09-2g09536	-1.6681387316853	0.0217884565208979
595	MvSl-1064-A1-R4_MC09-2g09552	-0.815990973528057	0.0156276396516944
596	MvSl-1064-A1-R4_MC09-2g09561	-0.919572992630785	0.00512342738050325
597	MvSl-1064-A1-R4_MC09-2g09573	-3.32834339392499	1.40046593198615e-07
598	MvSl-1064-A1-R4_MC10-1g09614	-1.46604970852154	0.0209378935322673
599	MvSl-1064-A1-R4_MC10-1g09615	-0.882337996981801	0.0188732491947409
600	MvSl-1064-A1-R4_MC10-1g09628	-1.18470914503449	0.000268244182115376
601	MvSl-1064-A1-R4_MC10-1g09635	-1.19267075431021	6.92566266933882e-05
602	MvSl-1064-A1-R4_MC10-1g09642	-1.04764973476117	0.00118406393102454
603	MvSl-1064-A1-R4_MC10-1g09656	-1.34229127812753	4.72960819600871e-05
604	MvSl-1064-A1-R4_MC10-1g09691	-0.911731982787911	0.0338191502949588
605	MvSl-1064-A1-R4_MC10-1g09697	-1.39464295752944	2.32008853003773e-05
606	MvSl-1064-A1-R4_MC10-1g09698	-1.0702442688113	0.0187464298290993
607	MvSl-1064-A1-R4_MC10-1g09704	-1.44848308536875	9.23827214883545e-09
608	MvSl-1064-A1-R4_MC10-1g09716	-0.763112078082638	0.00773961448372817
609	MvSl-1064-A1-R4_MC10-1g09719	-0.755359598947907	0.0110713998121373
610	MvSl-1064-A1-R4_MC10-1g09724	-2.6852269577602	6.74648989823228e-12
611	MvSl-1064-A1-R4_MC10-1g09725	-0.867820098309072	0.0102004104037531
612	MvSl-1064-A1-R4_MC10-1g09729	-1.08889516355998	0.0113897194607921
613	MvSl-1064-A1-R4_MC10-1g09752	-2.98495227528212	3.11302911102523e-05
614	MvSl-1064-A1-R4_MC10-1g09764	-1.38139194559363	6.39601647920789e-05
615	MvSl-1064-A1-R4_MC10-1g09776	-1.20603978494196	5.27440008282699e-06
616	MvSl-1064-A1-R4_MC10-1g09808	-0.768886647160806	0.0162498472880588
617	MvSl-1064-A1-R4_MC10-2g09871	-1.52893821386332	0.0487374824482587
618	MvSl-1064-A1-R4_MC10-2g09908	-1.02008993358406	0.0187512061063599
619	MvSl-1064-A1-R4_MC10-2g09910	-1.79555146122477	0.00397132245541718
620	MvSl-1064-A1-R4_MC10-2g09930	-0.984992491215281	0.000463878924937598
621	MvSl-1064-A1-R4_MC10-2g09961	-1.7681721089414	3.99548632440675e-08
622	MvSl-1064-A1-R4_MC10-2g09962	-1.10641258891433	0.020356702316362
623	MvSl-1064-A1-R4_MC10-2g09963	-1.0667003435079	0.0176505375617506
624	MvSl-1064-A1-R4_MC10-2g09964	-6.76821497929365	1.8855152788575e-61
625	MvSl-1064-A1-R4_MC10-2g09968	-0.93586326718811	0.0251969770338437
626	MvSl-1064-A1-R4_MC10-2g09988	-1.74012617501393	8.40289796243802e-11
627	MvSl-1064-A1-R4_MC10-2g09989	-1.58309240174149	2.55058045425623e-08
628	MvSl-1064-A1-R4_MC10-2g10014	-2.47914950606952	4.16883569857702e-07
629	MvSl-1064-A1-R4_MC10-2g10016	-1.36028752527077	0.00125153102305337
630	MvSl-1064-A1-R4_MC10-2g10019	-0.759135613751499	0.00973366112993686
631	MvSl-1064-A1-R4_MC10-2g10036	-3.39005440633846	6.44665722328205e-20
632	MvSl-1064-A1-R4_MC10-2g10037	-1.12728434951649	0.000391712426940367
633	MvSl-1064-A1-R4_MC10-2g10038	-2.23236664832262	6.49196807418052e-05
634	MvSl-1064-A1-R4_MC10-2g10039	-0.909294627978234	0.000523260517667968
635	MvSl-1064-A1-R4_MC10-2g10068	-2.97220954298963	9.79841919221395e-06
636	MvSl-1064-A1-R4_MC10-2g10074	-1.22020641881703	0.00128547750196265
637	MvSl-1064-A1-R4_MC10-2g10100	-2.79994365698701	1.35566347946541e-15
638	MvSl-1064-A1-R4_MC10-2g10101	-9.78516330343	1.58549235439467e-81
639	MvSl-1064-A1-R4_MC10-2g10115	-4.44643098041009	8.03339170144356e-31
640	MvSl-1064-A1-R4_MC10-2g10118	-1.99700842695462	9.64957769776845e-06
641	MvSl-1064-A1-R4_MC10-2g10119	-1.66185250479447	0.000331491259048981
642	MvSl-1064-A1-R4_MC10-2g10134	-3.67556725284492	5.37063665280501e-08
643	MvSl-1064-A1-R4_MC10-2g10136	-1.92748072527607	8.91939971844768e-07
644	MvSl-1064-A1-R4_MC11g10160	-0.970683875937901	0.00172662283236468
645	MvSl-1064-A1-R4_MC11g10174	-2.67111848841446	5.03986388382514e-11
646	MvSl-1064-A1-R4_MC11g10180	-1.38068966225686	0.026896724733353
647	MvSl-1064-A1-R4_MC11g10210	-0.671500081130259	0.0429483320194569
648	MvSl-1064-A1-R4_MC11g10224	-2.23438795146352	3.18321241062733e-05
649	MvSl-1064-A1-R4_MC11g10228	-0.644496724042659	0.0292700311099738
650	MvSl-1064-A1-R4_MC11g10238	-1.46795277315458	0.00367907605718211
651	MvSl-1064-A1-R4_MC11g10248	-1.9987674686229	3.7203250844616e-09
652	MvSl-1064-A1-R4_MC11g10299	-1.01896609920193	0.00453366484163297
653	MvSl-1064-A1-R4_MC11g10300	-0.718652064431139	0.033618852659748
654	MvSl-1064-A1-R4_MC11g10305	-1.76994915702626	2.2661949166193e-09
655	MvSl-1064-A1-R4_MC11g10306	-4.27258836152117	1.47802614951274e-49
656	MvSl-1064-A1-R4_MC11g10353	-1.84678328666853	2.58399167712674e-08
657	MvSl-1064-A1-R4_MC11g10354	-1.31478826223315	4.50383202807242e-05
658	MvSl-1064-A1-R4_MC11g10369	-0.864813063095778	0.0235155220901166
659	MvSl-1064-A1-R4_MC11g10370	-5.9119175855254	1.58549235439467e-81
660	MvSl-1064-A1-R4_MC11g10378	-1.13264786533255	0.00261899549931791
661	MvSl-1064-A1-R4_MC11g10379	-0.830290878584231	0.0111652880130887
662	MvSl-1064-A1-R4_MC11g10394	-2.00321970863932	0.000186589005501707
663	MvSl-1064-A1-R4_MC11g10399	-4.74460324998476	8.90801349474367e-17
664	MvSl-1064-A1-R4_MC11g10421	-0.66625339615657	0.0199694272983321
665	MvSl-1064-A1-R4_MC11g10444	-3.96358038974708	2.96309925605881e-06
666	MvSl-1064-A1-R4_MC11g10477	-1.99496314667764	7.57002345757454e-05
667	MvSl-1064-A1-R4_MC11g10489	-1.0139987730382	0.00478540394984479
668	MvSl-1064-A1-R4_MC11g10490	-1.02812945197437	0.00515096588177269
669	MvSl-1064-A1-R4_MC11g10537	-0.757716397171887	0.0363154097044453
670	MvSl-1064-A1-R4_MC11g10542	-0.904742752727035	0.0106342512328873
671	MvSl-1064-A1-R4_MC11g10550	-1.25225480647215	1.80307849543085e-05
672	MvSl-1064-A1-R4_MC11g10572	-0.715076868648165	0.0179609245451444
673	MvSl-1064-A1-R4_MC11g10576	-6.83231719456264	7.56999668198703e-37
674	MvSl-1064-A1-R4_MC11g10605	-0.650901665070345	0.0406043309854973
675	MvSl-1064-A1-R4_MC11g10610	-1.22590949214043	0.0230398688391283
676	MvSl-1064-A1-R4_MC11g10617	-3.33736251856028	6.76927762374809e-09
677	MvSl-1064-A1-R4_MC11g10620	-0.943250578263933	0.0254242749927456
678	MvSl-1064-A1-R4_MC11g10624	-1.58282598511626	3.72918900009833e-08
679	MvSl-1064-A1-R4_MC11g10640	-1.3250925433362	0.0301544693976517
680	MvSl-1064-A1-R4_MC11g10647	-2.54461418302818	4.4419076940271e-05
681	MvSl-1064-A1-R4_MC11g10654	-1.31053877904535	0.0178040382254579
682	MvSl-1064-A1-R4_MC11g10722	-0.773732119404785	0.0348717495072019
683	MvSl-1064-A1-R4_MC12g10760	-1.3897123727481	1.9124832441056e-07
684	MvSl-1064-A1-R4_MC12g10761	-1.01777925752783	0.0125401596403982
685	MvSl-1064-A1-R4_MC12g10763	-1.56240351493916	1.28222152261798e-07
686	MvSl-1064-A1-R4_MC12g10764	-4.2606928633613	3.48199130508474e-09
687	MvSl-1064-A1-R4_MC12g10795	-1.41986195811219	1.08560952353311e-08
688	MvSl-1064-A1-R4_MC12g10807	-3.85280500358204	1.92600357570268e-07
689	MvSl-1064-A1-R4_MC12g10823	-0.680633499054141	0.0359821810801682
690	MvSl-1064-A1-R4_MC12g10824	-9.44941494259069	6.20017622688956e-114
691	MvSl-1064-A1-R4_MC12g10826	-1.11265687909829	0.00458243496321225
692	MvSl-1064-A1-R4_MC12g10827	-3.49934978747766	2.39828142657552e-05
693	MvSl-1064-A1-R4_MC12g10833	-0.969145402967969	0.0207291165120967
694	MvSl-1064-A1-R4_MC12g10837	-0.947694446210889	0.0177681886429125
695	MvSl-1064-A1-R4_MC12g10838	-0.663517327060242	0.0333833911153074
696	MvSl-1064-A1-R4_MC12g10840	-2.67191665413432	3.25127926340331e-14
697	MvSl-1064-A1-R4_MC12g10849	-1.14796921395077	0.00297398772048589
698	MvSl-1064-A1-R4_MC12g10850	-9.16511095158172	1.39981797706689e-118
699	MvSl-1064-A1-R4_MC12g10851	-1.88360253922276	1.14511995835667e-13
700	MvSl-1064-A1-R4_MC12g10859	-0.860859932029538	0.0264472343959804
701	MvSl-1064-A1-R4_MC12g10860	-2.68036819885634	1.62192455117156e-18
702	MvSl-1064-A1-R4_MC12g10872	-1.33053980910085	0.0101321460960897
703	MvSl-1064-A1-R4_MC12g10896	-0.931200415983153	0.000778918156563676
704	MvSl-1064-A1-R4_MC12g10905	-0.87950786973002	0.0112922537730938
705	MvSl-1064-A1-R4_MC12g10922	-1.11654949057662	0.0290230502111235
706	MvSl-1064-A1-R4_MC12g10923	-3.67459875259464	1.05856321091873e-28
707	MvSl-1064-A1-R4_MC12g10946	-1.22327904205861	0.00145570530209509
708	MvSl-1064-A1-R4_MC12g10958	-2.03679572074246	1.2032901987325e-06
709	MvSl-1064-A1-R4_MC12g10974	-1.54208377701846	0.00821336849171482
710	MvSl-1064-A1-R4_MC12g10985	-1.38993786769604	0.0066702908374238
711	MvSl-1064-A1-R4_MC12g10986	-2.52439354370114	3.14796151264875e-11
712	MvSl-1064-A1-R4_MC12g11020	-0.922768067131255	0.00154595865073514
713	MvSl-1064-A1-R4_MC12g11025	-0.948231789845798	0.0041283573398027
714	MvSl-1064-A1-R4_MC12g11038	-1.47040683369253	7.39254172259544e-06
715	MvSl-1064-A1-R4_MC12g11041	-10.0595987203777	4.43443230183974e-23
716	MvSl-1064-A1-R4_MC12g11043	-0.615021382997867	0.0468379218158153
717	MvSl-1064-A1-R4_MC12g11094	-0.729917902615	0.0263666414508977
718	MvSl-1064-A1-R4_MC12g11095	-2.45090165428878	5.87755910439935e-05
719	MvSl-1064-A1-R4_MC12g11124	-0.807982512619799	0.0172816634403224
720	MvSl-1064-A1-R4_MC12g11139	-3.8946608052632	2.50925172373028e-12
721	MvSl-1064-A1-R4_MC12g11142	-0.989010965597269	0.0122761683318588
722	MvSl-1064-A1-R4_MC12g11162	-1.28845479214544	2.03109296203902e-06
723	MvSl-1064-A1-R4_MC12g11183	-3.04111610988549	3.02779861697295e-12
724	MvSl-1064-A1-R4_MC12g11202	-0.691902817172283	0.048747689007488
725	MvSl-1064-A1-R4_MC12g11222	-1.0272416544191	0.0483416651753238
726	MvSl-1064-A1-R4_MC12g11232	-0.997478858492163	0.000477671808201853
727	MvSl-1064-A1-R4_MC12g11274	-1.41955608383211	3.20823825529517e-05
728	MvSl-1064-A1-R4_MC13g11315	-1.83104861062412	6.08186966581203e-07
729	MvSl-1064-A1-R4_MC13g11325	-1.14656873828731	0.000402440868561402
730	MvSl-1064-A1-R4_MC13g11379	-0.82812054862223	0.0222697543089981
731	MvSl-1064-A1-R4_MC13g11396	-2.16530425409676	4.8877446699503e-05
732	MvSl-1064-A1-R4_MC13g11400	-1.16911461324182	0.00473855293173028
733	MvSl-1064-A1-R4_MC13g11421	-8.11627055817664	1.89845776527929e-118
734	MvSl-1064-A1-R4_MC13g11422	-1.65624222261281	1.83755585815008e-09
735	MvSl-1064-A1-R4_MC13g11443	-2.09418021631088	4.26894481465989e-10
736	MvSl-1064-A1-R4_MC13g11449	-1.31794757554535	0.000543800787069592
737	MvSl-1064-A1-R4_MC13g11465	-4.15723186285936	1.54276902066286e-15
738	MvSl-1064-A1-R4_MC13g11466	-1.93753904640912	0.00317356793077856
739	MvSl-1064-A1-R4_MC13g11475	-3.49045308961028	0.00050572978718566
740	MvSl-1064-A1-R4_MC13g11538	-0.858094462124374	0.0387420714512581
741	MvSl-1064-A1-R4_MC13g11584	-2.05622192441763	8.77193572187675e-08
742	MvSl-1064-A1-R4_MC13g11610	-1.13242730228995	0.0494258734814192
743	MvSl-1064-A1-R4_MC13g11612	-4.23530659319402	6.77522866055474e-08
744	MvSl-1064-A1-R4_MC13g11613	-3.11048430443653	6.39265423091957e-12
745	MvSl-1064-A1-R4_MC13g11622	-2.04386216966665	0.00170844337670359
746	MvSl-1064-A1-R4_MC13g11629	-1.64356497360115	0.00041771552742404
747	MvSl-1064-A1-R4_MC13g11640	-0.957771398059332	0.00211476463756669
748	MvSl-1064-A1-R4_MC13g11654	-0.728802457931671	0.0168996372486142
749	MvSl-1064-A1-R4_MC13g11671	-1.53949233089619	2.49222674928909e-08
750	MvSl-1064-A1-R4_MC13g11692	-0.945873225182991	0.0116821436242053
751	MvSl-1064-A1-R4_MC13g11710	-1.04103820350171	0.0221355971712399
752	MvSl-1064-A1-R4_MC14g11735	-0.704758373491157	0.0220502375324904
753	MvSl-1064-A1-R4_MC14g11740	-5.10920381926017	7.36136551674506e-34
754	MvSl-1064-A1-R4_MC14g11760	-1.79560619906657	1.23196461895256e-11
755	MvSl-1064-A1-R4_MC14g11773	-1.07931114374588	3.71150038333133e-05
756	MvSl-1064-A1-R4_MC14g11774	-2.28983689209212	0.000503133877267662
757	MvSl-1064-A1-R4_MC14g11811	-0.852806582584373	0.00369864492286799
758	MvSl-1064-A1-R4_MC14g11851	-0.790275333039699	0.0470553282188075
759	MvSl-1064-A1-R4_MC14g11869	-1.71047149395893	1.87107714389733e-08
760	MvSl-1064-A1-R4_MC14g11871	-1.66241858576451	2.83957604344766e-05
761	MvSl-1064-A1-R4_MC14g11874	-0.807061269303489	0.011005174230678
762	MvSl-1064-A1-R4_MC14g11895	-0.614271636678057	0.0383902902322813
763	MvSl-1064-A1-R4_MC14g11899	-1.31054652874866	0.0414572923594388
764	MvSl-1064-A1-R4_MC14g11912	-1.00659577339567	0.0308460392116346
765	MvSl-1064-A1-R4_MC14g11916	-3.25989547244913	2.09414989594416e-34
766	MvSl-1064-A1-R4_MC14g11932	-1.19826445956389	0.00251387069814139
767	MvSl-1064-A1-R4_MC14g11937	-1.07406617784531	3.62527902270025e-05
768	MvSl-1064-A1-R4_MC14g11965	-1.82070081986275	6.13535577053396e-06
769	MvSl-1064-A1-R4_MC14g11969	-1.02260229801105	0.000267807187104891
770	MvSl-1064-A1-R4_MC14g11974	-1.56541283331051	0.00017328195474603
771	MvSl-1064-A1-R4_MC14g11983	-4.24300867233598	1.389658206485e-13
772	MvSl-1064-A1-R4_MC14g11984	-1.51990388829422	0.0142325616567461
773	MvSl-1064-A1-R4_MC15g12024	-1.11460248530233	0.00382777925258112
774	MvSl-1064-A1-R4_MC15g12034	-0.984305481607111	0.000174705874938539
775	MvSl-1064-A1-R4_MC15g12125	-1.84588480352205	1.45603103978995e-06
776	MvSl-1064-A1-R4_MC15g12138	-1.28036655565272	0.00153495411209849
777	MvSl-1064-A1-R4_MC15g12139	-1.17356837516694	0.00921383916238693
778	MvSl-1064-A1-R4_MC15g12147	-1.17466513922951	0.00520145799334319
779	MvSl-1064-A1-R4_MC16g12175	-2.54225970471104	0.000262867924453058
780	MvSl-1064-A1-R4_MC16g12196	-1.73379820860372	3.97169115808524e-09
781	MvSl-1064-A1-R4_MC17g12239	-1.55023321935675	8.9873114623729e-05
782	MvSl-1064-A1-R4_MC17g12240	-0.996261658612764	0.000865010487633163
783	MvSl-1064-A1-R4_MC18g12262	-2.02492931707462	5.01535421743326e-07
