gene	logFC	FDR
1	MvSl-1064-A1-R4_A1g00009	1.02270977633835	0.0415447692346733
2	MvSl-1064-A1-R4_A1g00040	1.64245156758732	0.0059892067581306
3	MvSl-1064-A1-R4_A1g00079	0.788452480127979	0.0322235785745707
4	MvSl-1064-A1-R4_A1g00080	1.00247144649594	0.0109782956784957
5	MvSl-1064-A1-R4_A1g00081	1.24897787292084	0.00127211794151267
6	MvSl-1064-A1-R4_A1g00270	0.711396256128474	0.0186645153108949
7	MvSl-1064-A1-R4_A1g00292	0.748970349331709	0.00938566760413742
8	MvSl-1064-A1-R4_A1g00312	3.15877035138245	5.59215724861286e-26
9	MvSl-1064-A1-R4_A1g00375	1.43156294048161	6.56919260739403e-05
10	MvSl-1064-A1-R4_A1g00380	0.941369755283002	0.000344377521454283
11	MvSl-1064-A1-R4_A1g00405	0.854221150817657	0.0372921391942878
12	MvSl-1064-A1-R4_A1g00495	0.895449910644099	0.00133778221714132
13	MvSl-1064-A1-R4_A1g00515	1.12151118430566	0.000247808059681083
14	MvSl-1064-A1-R4_A1g00516	1.33283975603224	3.13145548572813e-05
15	MvSl-1064-A1-R4_A1g00522	2.55977796328141	3.99316316648933e-07
16	MvSl-1064-A1-R4_A1g00594	0.749229648208696	0.0397159412544895
17	MvSl-1064-A1-R4_A1g00635	1.47719744070367	0.000181716659597071
18	MvSl-1064-A1-R4_A1g00646	0.880152070277961	0.0140077789374873
19	MvSl-1064-A1-R4_A1g00757	1.71610161456958	0.00703871553249507
20	MvSl-1064-A1-R4_A1g00869	1.03907784131144	0.0379744324390075
21	MvSl-1064-A1-R4_A1g00960	1.57335113553911	2.15413611589351e-09
22	MvSl-1064-A1-R4_A1g00977	1.46865372199284	0.000285199897692624
23	MvSl-1064-A1-R4_A1g01129	0.642851752684044	0.0284498906244262
24	MvSl-1064-A1-R4_A1g01136	0.952766698325226	0.0258730767741212
25	MvSl-1064-A1-R4_A1g01164	0.684156902568178	0.0261174339447581
26	MvSl-1064-A1-R4_A1g01219	1.29859553668689	0.00981155738025623
27	MvSl-1064-A1-R4_A1g01261	2.11690377086344	2.89085373435287e-06
28	MvSl-1064-A1-R4_A1g01389	0.678066644844505	0.0347804863559982
29	MvSl-1064-A1-R4_A1g01487	1.27150709349973	0.0176928134447142
30	MvSl-1064-A1-R4_MC01-1g01707	1.39445923117519	0.0222605692127014
31	MvSl-1064-A1-R4_MC01-1g01735	2.16775821523099	0.000220814387826554
32	MvSl-1064-A1-R4_MC01-1g01740	1.78836854188778	9.2328935095388e-05
33	MvSl-1064-A1-R4_MC01-1g01768	0.995490292472439	0.0168796833605871
34	MvSl-1064-A1-R4_MC01-1g01789	0.762035838217893	0.0329297914904859
35	MvSl-1064-A1-R4_MC01-1g01790	0.763874857964983	0.0111575993080545
36	MvSl-1064-A1-R4_MC01-1g01797	1.20429144525098	0.00477229238861751
37	MvSl-1064-A1-R4_MC01-1g01820	1.4144697170097	0.000262867924453058
38	MvSl-1064-A1-R4_MC01-1g01821	2.89347212429553	6.36563591963749e-10
39	MvSl-1064-A1-R4_MC01-1g01843	1.8092067147891	0.0385335835290727
40	MvSl-1064-A1-R4_MC01-1g01846	0.708099981751739	0.0215779626092047
41	MvSl-1064-A1-R4_MC01-1g01868	0.831861085892541	0.0193233816017136
42	MvSl-1064-A1-R4_MC01-1g01880	1.06167150565689	0.0033662621197034
43	MvSl-1064-A1-R4_MC01-1g01882	0.917895318769447	0.00226166769324509
44	MvSl-1064-A1-R4_MC01-1g01883	0.845235104240228	0.0485531591317714
45	MvSl-1064-A1-R4_MC01-1g01887	2.78536930791895	1.58477368336864e-10
46	MvSl-1064-A1-R4_MC01-1g01888	1.1636671507107	0.00892984088486227
47	MvSl-1064-A1-R4_MC01-1g01906	0.963477496362281	0.00115252133832976
48	MvSl-1064-A1-R4_MC01-1g01922	1.43951834423973	3.6416152751041e-05
49	MvSl-1064-A1-R4_MC01-1g01962	1.53549354082576	0.000421982118166009
50	MvSl-1064-A1-R4_MC01-1g01988	1.14845600066218	0.00152182226203141
51	MvSl-1064-A1-R4_MC01-1g01993	0.987081858120426	0.0199881181599604
52	MvSl-1064-A1-R4_MC01-1g02019	2.09140150369987	2.92605395837101e-06
53	MvSl-1064-A1-R4_MC01-1g02036	0.80588565648977	0.0337915287536124
54	MvSl-1064-A1-R4_MC01-1g02106	1.0362758544678	0.0274195549603904
55	MvSl-1064-A1-R4_MC01-1g02134	1.433078636902	0.00229484029412117
56	MvSl-1064-A1-R4_MC01-1g02135	0.83026581450799	0.00731259586084067
57	MvSl-1064-A1-R4_MC01-1g02139	0.687735273645557	0.0319546352807053
58	MvSl-1064-A1-R4_MC01-1g02145	1.17462409802526	0.00226166769324509
59	MvSl-1064-A1-R4_MC01-1g02147	0.762609905855973	0.0178917820925082
60	MvSl-1064-A1-R4_MC01-1g02176	1.09322091993769	0.00488962446954869
61	MvSl-1064-A1-R4_MC01-1g02211	0.673124435460084	0.0328283760930098
62	MvSl-1064-A1-R4_MC01-1g02267	1.56773080716265	0.000265438497830691
63	MvSl-1064-A1-R4_MC01-1g02271	0.758341236902192	0.0155126267926021
64	MvSl-1064-A1-R4_MC01-1g02274	0.746588799073404	0.0146003984918409
65	MvSl-1064-A1-R4_MC01-1g02302	0.648044702766462	0.0437380815125988
66	MvSl-1064-A1-R4_MC01-1g02313	0.792584953469248	0.0210785901535715
67	MvSl-1064-A1-R4_MC01-1g02317	1.8407895003013	8.46679675897932e-05
68	MvSl-1064-A1-R4_MC01-1g02322	1.40078614889673	3.88732574686842e-06
69	MvSl-1064-A1-R4_MC01-1g02335	3.02845994144871	2.52226039558344e-22
70	MvSl-1064-A1-R4_MC01-1g02351	1.1087482008616	0.000647296965151741
71	MvSl-1064-A1-R4_MC01-1g02365	0.675952669506552	0.0237281006813953
72	MvSl-1064-A1-R4_MC01-1g02400	3.97586952255055	1.28169668528944e-15
73	MvSl-1064-A1-R4_MC01-1g02401	2.49680737786229	3.95680548352139e-08
74	MvSl-1064-A1-R4_MC01-1g02438	1.25911854557929	0.00560927356614388
75	MvSl-1064-A1-R4_MC01-1g02439	0.728854671521613	0.011992332407793
76	MvSl-1064-A1-R4_MC01-1g02457	1.15012586385264	0.0193233816017136
77	MvSl-1064-A1-R4_MC01-1g02486	1.0935333445298	0.0382294628276292
78	MvSl-1064-A1-R4_MC01-1g02489	1.20858924952485	0.00127211794151267
79	MvSl-1064-A1-R4_MC01-1g02494	1.11194467177926	0.0202129412933049
80	MvSl-1064-A1-R4_MC01-1g02500	0.96942840671525	0.00190628783297174
81	MvSl-1064-A1-R4_MC01-1g02503	0.703817498575028	0.0335850532682708
82	MvSl-1064-A1-R4_MC01-1g02504	2.66804345420001	3.20709644469997e-17
83	MvSl-1064-A1-R4_MC01-1g02507	1.22254001074199	0.0356682237875328
84	MvSl-1064-A1-R4_MC01-1g02509	0.926017308287025	0.0181055550654005
85	MvSl-1064-A1-R4_MC01-1g02510	1.00588819170252	0.0005031187351426
86	MvSl-1064-A1-R4_MC01-1g02592	0.834708120910269	0.0110107481926298
87	MvSl-1064-A1-R4_MC01-1g02593	1.26419995928506	0.00154693306913598
88	MvSl-1064-A1-R4_MC01-1g02608	0.93718923984164	0.0122011573365238
89	MvSl-1064-A1-R4_MC01-1g02617	0.901002117557406	0.0285328386820985
90	MvSl-1064-A1-R4_MC01-1g02638	1.07861468279336	0.0032782978473506
91	MvSl-1064-A1-R4_MC01-1g02646	1.60153313362454	5.68899048704582e-05
92	MvSl-1064-A1-R4_MC01-1g02647	2.81327294373573	6.93636640693081e-18
93	MvSl-1064-A1-R4_MC01-1g02648	3.23789970267232	4.26161535850911e-19
94	MvSl-1064-A1-R4_MC01-1g02651	0.73410751760853	0.0395482551375609
95	MvSl-1064-A1-R4_MC01-1g02670	1.29337731874945	0.0129622673053706
96	MvSl-1064-A1-R4_MC01-1g02753	1.39389909510693	0.0076114346962775
97	MvSl-1064-A1-R4_MC01-1g02754	1.5841069561785	1.41207881023504e-05
98	MvSl-1064-A1-R4_MC01-1g02763	1.75012585842147	1.03817610529613e-08
99	MvSl-1064-A1-R4_MC01-1g02809	0.910897905319308	0.0210065133463144
100	MvSl-1064-A1-R4_MC01-1g02823	0.676529344221	0.0375283922066317
101	MvSl-1064-A1-R4_MC01-1g02824	1.80658194758756	1.90531675017841e-05
102	MvSl-1064-A1-R4_MC01-1g02837	2.1387048923462	0.00018313027514946
103	MvSl-1064-A1-R4_MC01-1g02838	0.940866571135506	0.0171711530072702
104	MvSl-1064-A1-R4_MC01-1g02849	1.13362455580567	0.0123010228960123
105	MvSl-1064-A1-R4_MC01-1g02861	1.56878411743645	0.00044619602377518
106	MvSl-1064-A1-R4_MC01-2g02961	1.1988876135425	0.00488962446954869
107	MvSl-1064-A1-R4_MC01-2g02962	1.37008532728551	0.00831141150210349
108	MvSl-1064-A1-R4_MC01-2g02971	1.04313497912576	0.0018862392339639
109	MvSl-1064-A1-R4_MC01-2g03038	0.808316147834807	0.0397159412544895
110	MvSl-1064-A1-R4_MC01-2g03039	0.850133876580393	0.00622415941194639
111	MvSl-1064-A1-R4_MC01-2g03057	1.06026612098568	0.00213610461444006
112	MvSl-1064-A1-R4_MC01-2g03063	1.11511050968219	0.00973839830606954
113	MvSl-1064-A1-R4_MC01-2g03064	1.81295467444257	3.34224998692238e-05
114	MvSl-1064-A1-R4_MC01-2g03082	1.01580272691555	0.00352542681333101
115	MvSl-1064-A1-R4_MC01-2g03083	0.977980776977069	0.046733124429821
116	MvSl-1064-A1-R4_MC01-2g03085	1.51860252635833	0.0219277630133857
117	MvSl-1064-A1-R4_MC01-2g03086	1.01521473763612	0.0302382237224182
118	MvSl-1064-A1-R4_MC01-2g03112	2.1221987202621	1.35060884119612e-07
119	MvSl-1064-A1-R4_MC01-2g03113	2.37734288779226	2.46019426230501e-07
120	MvSl-1064-A1-R4_MC01-2g03116	2.58941903585558	0.000203165347501909
121	MvSl-1064-A1-R4_MC01-2g03117	1.90876139358518	3.43757035962607e-08
122	MvSl-1064-A1-R4_MC01-2g03121	0.852878297140147	0.00186495755191921
123	MvSl-1064-A1-R4_MC01-2g03164	0.650884111790736	0.0465201654173476
124	MvSl-1064-A1-R4_MC01-2g03165	0.99000731380242	0.0433887474649187
125	MvSl-1064-A1-R4_MC02g03178	0.95292173312173	0.0328240623040407
126	MvSl-1064-A1-R4_MC02g03201	0.93337829830337	0.00109001043975498
127	MvSl-1064-A1-R4_MC02g03221	0.8035719530034	0.0362991669569622
128	MvSl-1064-A1-R4_MC02g03224	1.04720377063857	0.0398501811406229
129	MvSl-1064-A1-R4_MC02g03246	1.44476229427071	3.88732574686842e-06
130	MvSl-1064-A1-R4_MC02g03251	0.930371304651177	0.0177318708010772
131	MvSl-1064-A1-R4_MC02g03262	1.30535668407938	0.00062156847013444
132	MvSl-1064-A1-R4_MC02g03294	2.05736138418876	5.37063665280501e-08
133	MvSl-1064-A1-R4_MC02g03295	2.12419313961888	2.17558399468207e-09
134	MvSl-1064-A1-R4_MC02g03296	0.860291607426358	0.0110866510151325
135	MvSl-1064-A1-R4_MC02g03382	0.641669633253311	0.0274195549603904
136	MvSl-1064-A1-R4_MC02g03402	1.82751214247299	0.00646025167269699
137	MvSl-1064-A1-R4_MC02g03489	0.945645623469169	0.026653784899934
138	MvSl-1064-A1-R4_MC02g03498	1.57877525719372	1.5087014545385e-06
139	MvSl-1064-A1-R4_MC02g03505	0.985071348262343	0.00042978143270495
140	MvSl-1064-A1-R4_MC02g03548	0.875472448270996	0.0240875364275455
141	MvSl-1064-A1-R4_MC02g03613	1.68003562729348	0.000318457463008028
142	MvSl-1064-A1-R4_MC02g03640	0.918999474539755	0.00988752813366072
143	MvSl-1064-A1-R4_MC02g03644	2.28875767280406	1.75754953298465e-10
144	MvSl-1064-A1-R4_MC02g03654	1.5243912503387	0.00171164673328574
145	MvSl-1064-A1-R4_MC02g03664	2.04994592450614	0.000771296023485166
146	MvSl-1064-A1-R4_MC02g03698	0.789381459458342	0.0134970805529108
147	MvSl-1064-A1-R4_MC02g03699	0.956499488683435	0.0210552135020898
148	MvSl-1064-A1-R4_MC02g03700	0.835606617992274	0.0437685222027997
149	MvSl-1064-A1-R4_MC02g03770	0.73558182284588	0.0119735559993314
150	MvSl-1064-A1-R4_MC02g03795	0.917643622208788	0.013924313119625
151	MvSl-1064-A1-R4_MC02g03879	0.999619172459556	0.0269367472665319
152	MvSl-1064-A1-R4_MC02g03900	0.76668267794495	0.00646661612102759
153	MvSl-1064-A1-R4_MC02g03919	0.806893338294629	0.0190021009859922
154	MvSl-1064-A1-R4_MC02g03949	1.76460859447374	0.00973839830606954
155	MvSl-1064-A1-R4_MC02g03950	2.12710055150716	4.37331926880789e-06
156	MvSl-1064-A1-R4_MC02g03992	1.29593330500552	2.62506217018868e-05
157	MvSl-1064-A1-R4_MC02g04041	1.97325372834284	9.44781168967731e-08
158	MvSl-1064-A1-R4_MC02g04171	0.895149652391622	0.0459794897246883
159	MvSl-1064-A1-R4_MC02g04172	1.31640627718941	0.00118395997051406
160	MvSl-1064-A1-R4_MC02g04176	1.36534712796795	0.000572990824717851
161	MvSl-1064-A1-R4_MC02g04209	2.18315621395801	5.79061754317833e-08
162	MvSl-1064-A1-R4_MC03g04281	1.51827803615897	7.39809529438921e-06
163	MvSl-1064-A1-R4_MC03g04282	1.32642895198435	1.91065774242629e-05
164	MvSl-1064-A1-R4_MC03g04286	1.07156029895601	0.0141570382524049
165	MvSl-1064-A1-R4_MC03g04317	0.806226367774981	0.0193336341734748
166	MvSl-1064-A1-R4_MC03g04353	1.04389227190118	0.0233728578587727
167	MvSl-1064-A1-R4_MC03g04356	0.645609541863682	0.0387845324511796
168	MvSl-1064-A1-R4_MC03g04383	0.902233354333293	0.0108992459721977
169	MvSl-1064-A1-R4_MC03g04393	1.35992042203928	0.0406088512501904
170	MvSl-1064-A1-R4_MC03g04405	1.62550124014731	0.033618852659748
171	MvSl-1064-A1-R4_MC03g04416	1.52893223958466	3.15323242360197e-05
172	MvSl-1064-A1-R4_MC03g04417	1.46591340151303	0.000431599160144681
173	MvSl-1064-A1-R4_MC03g04442	1.20875059386863	0.000776248906902312
174	MvSl-1064-A1-R4_MC03g04480	0.768874786579328	0.0282478343735147
175	MvSl-1064-A1-R4_MC03g04522	0.968339070203249	0.026429394822992
176	MvSl-1064-A1-R4_MC03g04546	0.932088366921638	0.0275895191050851
177	MvSl-1064-A1-R4_MC03g04582	1.36373549334676	0.0287954668649582
178	MvSl-1064-A1-R4_MC03g04607	2.64449531691789	2.07597156157794e-10
179	MvSl-1064-A1-R4_MC03g04614	0.720182995118355	0.0274517558095526
180	MvSl-1064-A1-R4_MC03g04641	2.08066959080438	7.93196781995362e-10
181	MvSl-1064-A1-R4_MC03g04642	2.0637797715666	1.38530902173998e-09
182	MvSl-1064-A1-R4_MC03g04643	0.91893398436113	0.00522602416867124
183	MvSl-1064-A1-R4_MC03g04646	1.22300173932324	0.00152182226203141
184	MvSl-1064-A1-R4_MC03g04661	0.733370491500951	0.0139146557150476
185	MvSl-1064-A1-R4_MC03g04712	1.1369143021627	0.00119344029974785
186	MvSl-1064-A1-R4_MC03g04713	1.25365914388755	8.80081339396504e-05
187	MvSl-1064-A1-R4_MC03g04724	1.02207291232203	8.26848533985885e-05
188	MvSl-1064-A1-R4_MC03g04732	1.77899169174235	0.0112086691884017
189	MvSl-1064-A1-R4_MC03g04733	1.7482925034556	0.00281113694204967
190	MvSl-1064-A1-R4_MC03g04807	1.65245368593952	0.000397344626257513
191	MvSl-1064-A1-R4_MC03g04815	1.32823594243803	0.021725126339446
192	MvSl-1064-A1-R4_MC03g04846	0.786495175271923	0.0452468679209025
193	MvSl-1064-A1-R4_MC03g04857	1.20466027231689	0.000723105968292245
194	MvSl-1064-A1-R4_MC03g04864	1.02034230822001	0.0476028817765084
195	MvSl-1064-A1-R4_MC03g04929	1.2528094191568	0.0129865834656646
196	MvSl-1064-A1-R4_MC03g04979	1.33562217759928	2.70840630469667e-07
197	MvSl-1064-A1-R4_MC03g04986	1.24590661685681	0.00171164673328574
198	MvSl-1064-A1-R4_MC03g04993	1.23761569270984	0.000273745473979353
199	MvSl-1064-A1-R4_MC03g05017	0.845723628031083	0.0269367472665319
200	MvSl-1064-A1-R4_MC03g05034	0.676572825374368	0.0425223330979209
201	MvSl-1064-A1-R4_MC03g05075	2.18504308101651	3.09868042127362e-07
202	MvSl-1064-A1-R4_MC03g05076	1.40740946565507	0.0016886521649663
203	MvSl-1064-A1-R4_MC03g05077	1.58785735612108	0.0268376106188888
204	MvSl-1064-A1-R4_MC03g05082	2.54122963270133	1.23694870346942e-09
205	MvSl-1064-A1-R4_MC03g05090	0.634798860019965	0.0419702970389048
206	MvSl-1064-A1-R4_MC03g05092	1.24580662522657	2.49167052557945e-05
207	MvSl-1064-A1-R4_MC03g05119	0.932899875391398	0.0168739926319588
208	MvSl-1064-A1-R4_MC03g05120	0.869869807588716	0.0233728578587727
209	MvSl-1064-A1-R4_MC03g05131	0.862352986182716	0.0158335128960851
210	MvSl-1064-A1-R4_MC03g05141	0.859599118123831	0.0289933648709411
211	MvSl-1064-A1-R4_MC03g05143	2.16861298499783	8.99850889423264e-11
212	MvSl-1064-A1-R4_MC03g05154	1.80161610266655	2.02678394082456e-09
213	MvSl-1064-A1-R4_MC03g05159	0.668663096787394	0.026471339884421
214	MvSl-1064-A1-R4_MC03g05175	1.50610473819984	0.00890305270751604
215	MvSl-1064-A1-R4_MC03g05199	1.10497762768983	0.000811684887144268
216	MvSl-1064-A1-R4_MC03g05227	1.26343569301416	0.00149155555949414
217	MvSl-1064-A1-R4_MC03g05235	2.99181232002684	4.82589159408436e-06
218	MvSl-1064-A1-R4_MC04-1g05309	0.986927950248501	0.0305680120372483
219	MvSl-1064-A1-R4_MC04-1g05310	1.24020340429462	0.00134835096330986
220	MvSl-1064-A1-R4_MC04-1g05311	0.964149976808331	0.000946183529243988
221	MvSl-1064-A1-R4_MC04-1g05322	2.43569393335038	7.87316702387362e-07
222	MvSl-1064-A1-R4_MC04-1g05333	0.837051848530068	0.0206827739309264
223	MvSl-1064-A1-R4_MC04-1g05336	2.45926771050125	1.37205254305128e-08
224	MvSl-1064-A1-R4_MC04-1g05352	0.772658651720991	0.0287904004893875
225	MvSl-1064-A1-R4_MC04-1g05357	1.1583782754822	0.00704394285971021
226	MvSl-1064-A1-R4_MC04-1g05384	0.918705027826588	0.0242881641637304
227	MvSl-1064-A1-R4_MC04-1g05455	1.05035605373668	0.00510604997545514
228	MvSl-1064-A1-R4_MC04-1g05486	1.60122708809371	3.06121003782867e-05
229	MvSl-1064-A1-R4_MC04-1g05524	2.57538652382789	2.81888047835836e-09
230	MvSl-1064-A1-R4_MC04-1g05551	2.302379655946	1.00210591844857e-08
231	MvSl-1064-A1-R4_MC04-1g05604	2.37236033780588	3.06693948523155e-05
232	MvSl-1064-A1-R4_MC04-1g05605	1.9648384791892	8.51156818154184e-15
233	MvSl-1064-A1-R4_MC04-1g05618	1.3965849122932	0.000322901945999149
234	MvSl-1064-A1-R4_MC04-1g05626	1.35408005122562	0.00498932345165504
235	MvSl-1064-A1-R4_MC04-1g05678	1.80003459609509	0.00511306641773974
236	MvSl-1064-A1-R4_MC04-1g05687	1.22845796909319	0.0190693851950473
237	MvSl-1064-A1-R4_MC04-1g05688	1.23828819215362	0.00988752813366072
238	MvSl-1064-A1-R4_MC04-1g05689	0.967375782582954	0.0347624414092746
239	MvSl-1064-A1-R4_MC04-1g05690	0.951937285166782	0.00543166276399603
240	MvSl-1064-A1-R4_MC04-1g05697	1.2629238037985	0.00372685051803564
241	MvSl-1064-A1-R4_MC04-1g05700	0.905598762797958	0.0190267631526503
242	MvSl-1064-A1-R4_MC04-1g05709	1.42740509864393	1.83744611842519e-06
243	MvSl-1064-A1-R4_MC04-1g05782	0.631280697426474	0.0330452198961789
244	MvSl-1064-A1-R4_MC04-1g05873	0.798853013224262	0.00361000289569033
245	MvSl-1064-A1-R4_MC04-1g05886	0.809192728943243	0.0258608758230857
246	MvSl-1064-A1-R4_MC04-1g05888	0.922734476165167	0.0135901513939568
247	MvSl-1064-A1-R4_MC04-1g05922	0.627276290993195	0.0416993838789171
248	MvSl-1064-A1-R4_MC04-1g05945	1.60896401879262	2.23244166788898e-06
249	MvSl-1064-A1-R4_MC04-1g05972	1.07807572087632	0.00702400266478218
250	MvSl-1064-A1-R4_MC04-1g05988	0.769437231869264	0.0338756321107011
251	MvSl-1064-A1-R4_MC04-1g05989	0.763537344466243	0.0185159070993786
252	MvSl-1064-A1-R4_MC04-1g06065	1.30401741201581	0.0122011573365238
253	MvSl-1064-A1-R4_MC04-1g06070	2.03912698719687	0.0080487300859446
254	MvSl-1064-A1-R4_MC04-2g06098	1.80585882800768	4.1413532295044e-05
255	MvSl-1064-A1-R4_MC04-2g06106	1.04552862872442	0.00643835550073574
256	MvSl-1064-A1-R4_MC05-1g06160	2.36516221403849	1.22817630833947e-11
257	MvSl-1064-A1-R4_MC05-1g06191	0.942225933281488	0.00908305753174806
258	MvSl-1064-A1-R4_MC05-1g06203	1.04172747672506	0.00400056498082685
259	MvSl-1064-A1-R4_MC05-1g06212	1.71594318794044	1.87107714389733e-08
260	MvSl-1064-A1-R4_MC05-1g06213	1.96291448699333	1.36809404559391e-07
261	MvSl-1064-A1-R4_MC05-1g06220	2.07890994557508	9.75382848088976e-13
262	MvSl-1064-A1-R4_MC05-2g06334	0.977427122417725	0.0212173768369207
263	MvSl-1064-A1-R4_MC05-2g06370	0.931464420290647	0.0448231454063626
264	MvSl-1064-A1-R4_MC05-2g06371	1.06648041574324	0.0171711530072702
265	MvSl-1064-A1-R4_MC05-2g06387	0.847243690371745	0.0223494684405731
266	MvSl-1064-A1-R4_MC05-2g06388	1.81205550629788	8.47377188522755e-05
267	MvSl-1064-A1-R4_MC05-2g06389	1.5091249372115	1.03410717281466e-05
268	MvSl-1064-A1-R4_MC05-2g06390	1.23176250122283	0.00478540394984479
269	MvSl-1064-A1-R4_MC05-2g06430	0.793600229490287	0.026505322877181
270	MvSl-1064-A1-R4_MC05-3g06512	1.39432043220877	0.0382183375405124
271	MvSl-1064-A1-R4_MC05-3g06519	2.50896868457394	1.24465583869788e-20
272	MvSl-1064-A1-R4_MC05-3g06520	2.02958609972225	2.1991756933057e-08
273	MvSl-1064-A1-R4_MC05-3g06544	1.0257895165349	0.0172112352354558
274	MvSl-1064-A1-R4_MC05-3g06549	0.925948194807273	0.0178191865898539
275	MvSl-1064-A1-R4_MC05-3g06573	2.06094744692901	4.63237913562001e-14
276	MvSl-1064-A1-R4_MC05-3g06574	2.90688281604799	2.68683253959036e-24
277	MvSl-1064-A1-R4_MC05-3g06575	2.66663763911009	3.25459814007623e-18
278	MvSl-1064-A1-R4_MC05-3g06634	3.19290729307642	1.64043795275859e-14
279	MvSl-1064-A1-R4_MC05-3g06650	1.20902334923646	0.00525180109622809
280	MvSl-1064-A1-R4_MC05-3g06651	1.57475939077445	0.00115693200455067
281	MvSl-1064-A1-R4_MC05-3g06653	0.94273424882868	0.0434906648703577
282	MvSl-1064-A1-R4_MC05-3g06706	1.04400664486621	0.0193336341734748
283	MvSl-1064-A1-R4_MC05-3g06707	1.37221599646942	2.49264414640005e-08
284	MvSl-1064-A1-R4_MC05-3g06753	0.839529159960603	0.0471098888016253
285	MvSl-1064-A1-R4_MC05-3g06757	1.7600891456216	9.39106005253421e-09
286	MvSl-1064-A1-R4_MC05-3g06766	2.11136415219183	2.99195885333231e-05
287	MvSl-1064-A1-R4_MC05-3g06778	1.17176275827493	0.0014740216084816
288	MvSl-1064-A1-R4_MC05-3g06801	1.67575840251266	0.0416993838789171
289	MvSl-1064-A1-R4_MC05-3g06805	2.45305930610645	1.60281097942776e-05
290	MvSl-1064-A1-R4_MC05-3g06826	0.970495715214607	0.0224233823111395
291	MvSl-1064-A1-R4_MC06g06896	0.975038358915624	0.00268758092456235
292	MvSl-1064-A1-R4_MC06g06933	1.53668247030707	4.96101889170592e-05
293	MvSl-1064-A1-R4_MC06g06945	3.6613209336719	2.77032403608914e-19
294	MvSl-1064-A1-R4_MC06g06946	3.03844777365677	6.76296512559109e-32
295	MvSl-1064-A1-R4_MC06g06947	3.64708580091257	1.58005583653297e-31
296	MvSl-1064-A1-R4_MC06g06958	1.58902248034664	1.42147607658336e-07
297	MvSl-1064-A1-R4_MC06g06997	2.07358856559143	0.00031342554129705
298	MvSl-1064-A1-R4_MC06g06998	2.37801803986367	3.05127144345922e-05
299	MvSl-1064-A1-R4_MC06g07013	1.06362393847661	0.0127466970441046
300	MvSl-1064-A1-R4_MC06g07014	0.985815567754467	0.00259668502867666
301	MvSl-1064-A1-R4_MC06g07136	2.20665282367925	2.44520990915466e-19
302	MvSl-1064-A1-R4_MC06g07137	3.73968573450843	7.50883285578299e-30
303	MvSl-1064-A1-R4_MC06g07139	1.13593772453192	0.000465125800534735
304	MvSl-1064-A1-R4_MC06g07152	0.941821810254001	0.00114341380289197
305	MvSl-1064-A1-R4_MC06g07222	0.945986706798035	0.045145520622511
306	MvSl-1064-A1-R4_MC06g07256	0.695636790024459	0.0149196474685803
307	MvSl-1064-A1-R4_MC06g07261	0.616050303011691	0.0488063610196212
308	MvSl-1064-A1-R4_MC06g07267	1.18554449258324	4.47586357830356e-05
309	MvSl-1064-A1-R4_MC06g07283	1.30146583426099	0.00353246341509215
310	MvSl-1064-A1-R4_MC06g07311	1.05370147825798	3.92628333482819e-05
311	MvSl-1064-A1-R4_MC06g07335	0.722698173732849	0.011992332407793
312	MvSl-1064-A1-R4_MC06g07377	1.66211314798957	1.00210591844857e-08
313	MvSl-1064-A1-R4_MC06g07405	0.757233368257564	0.0302757640121158
314	MvSl-1064-A1-R4_MC06g07412	2.60473603751081	1.10994596691462e-09
315	MvSl-1064-A1-R4_MC06g07441	2.08851540093534	4.3328158083057e-13
316	MvSl-1064-A1-R4_MC06g07442	2.00181076570663	9.69812095287435e-15
317	MvSl-1064-A1-R4_MC06g07443	1.26910519763265	0.000686342237061121
318	MvSl-1064-A1-R4_MC06g07455	0.72097235241665	0.026851964396458
319	MvSl-1064-A1-R4_MC06g07466	0.902883007676006	0.0429483320194569
320	MvSl-1064-A1-R4_MC06g07489	2.9547763225599	2.03493627513021e-13
321	MvSl-1064-A1-R4_MC06g07502	0.69537667984992	0.0471232726649489
322	MvSl-1064-A1-R4_MC06g07522	1.14488430057553	0.0291681993968404
323	MvSl-1064-A1-R4_MC07g07550	0.755606437751108	0.0431403157699437
324	MvSl-1064-A1-R4_MC07g07561	2.11633612322728	7.97409851947362e-16
325	MvSl-1064-A1-R4_MC07g07586	1.12427464849307	0.0138541159691251
326	MvSl-1064-A1-R4_MC07g07657	1.1062979267568	0.000400334366765874
327	MvSl-1064-A1-R4_MC07g07676	2.5832677294929	8.94360531539706e-11
328	MvSl-1064-A1-R4_MC07g07677	2.3047169304593	2.76612954328713e-17
329	MvSl-1064-A1-R4_MC07g07678	2.32663110248782	2.35355505060934e-20
330	MvSl-1064-A1-R4_MC07g07689	0.733187234307744	0.0266536449962116
331	MvSl-1064-A1-R4_MC07g07698	0.899629970341489	0.0168239007887174
332	MvSl-1064-A1-R4_MC07g07745	0.955415478678145	0.0328240623040407
333	MvSl-1064-A1-R4_MC07g07806	0.941207011058925	0.00887872330484881
334	MvSl-1064-A1-R4_MC07g07807	1.56314629536431	0.000638004607185806
335	MvSl-1064-A1-R4_MC07g07808	0.907923927144573	0.0124725327824283
336	MvSl-1064-A1-R4_MC07g07828	0.927538586360876	0.00773961448372817
337	MvSl-1064-A1-R4_MC07g07839	1.16176035075765	0.0016476282784183
338	MvSl-1064-A1-R4_MC07g07891	0.794909900016232	0.0485531591317714
339	MvSl-1064-A1-R4_MC07g07911	0.808860192073364	0.0153241717573452
340	MvSl-1064-A1-R4_MC07g07993	0.866848104379337	0.0104906349300317
341	MvSl-1064-A1-R4_MC07g08057	2.14161071297765	2.40944041770402e-10
342	MvSl-1064-A1-R4_MC07g08063	2.36537955905855	7.34843029901697e-12
343	MvSl-1064-A1-R4_MC07g08094	0.784335928035672	0.00728693909628282
344	MvSl-1064-A1-R4_MC07g08097	2.38325687874331	6.60283568832218e-13
345	MvSl-1064-A1-R4_MC07g08104	0.820801451054435	0.00269375039272708
346	MvSl-1064-A1-R4_MC07g08118	0.907616324608937	0.0076114346962775
347	MvSl-1064-A1-R4_MC07g08138	0.904311797381777	0.0177343385190512
348	MvSl-1064-A1-R4_MC07g08189	2.41788558169073	9.73828920391299e-08
349	MvSl-1064-A1-R4_MC07g08211	1.598327879389	2.8901093579849e-05
350	MvSl-1064-A1-R4_MC08g08275	1.4054015804072	0.00106953220671375
351	MvSl-1064-A1-R4_MC08g08285	2.98331020064695	7.48370383886578e-06
352	MvSl-1064-A1-R4_MC08g08302	1.679164448414	1.93941662717073e-06
353	MvSl-1064-A1-R4_MC08g08306	1.35466510833915	0.00173471725993283
354	MvSl-1064-A1-R4_MC08g08307	1.24214595287782	0.0344526164926556
355	MvSl-1064-A1-R4_MC08g08318	2.1852977987775	1.97211685201175e-05
356	MvSl-1064-A1-R4_MC08g08332	1.49712803029698	0.000359926533014613
357	MvSl-1064-A1-R4_MC08g08333	0.679652886340882	0.0258730767741212
358	MvSl-1064-A1-R4_MC08g08350	1.98501429895446	4.61698345818621e-11
359	MvSl-1064-A1-R4_MC08g08351	1.18218515438342	2.04716615939463e-05
360	MvSl-1064-A1-R4_MC08g08372	0.856990987588311	0.0109653361576403
361	MvSl-1064-A1-R4_MC08g08383	0.725609696550704	0.0321452416120284
362	MvSl-1064-A1-R4_MC08g08392	0.750622353878534	0.00946887679691144
363	MvSl-1064-A1-R4_MC08g08429	0.813004637225517	0.0428834683266558
364	MvSl-1064-A1-R4_MC08g08450	1.22952728902763	0.0127491667935625
365	MvSl-1064-A1-R4_MC08g08478	1.4570479656054	0.00040410421724224
366	MvSl-1064-A1-R4_MC08g08498	1.79708504207365	0.000570185179407526
367	MvSl-1064-A1-R4_MC08g08499	1.4956292512636	0.0285328386820985
368	MvSl-1064-A1-R4_MC08g08567	0.862834651017078	0.00295898762120673
369	MvSl-1064-A1-R4_MC08g08590	1.47405652565987	0.00376908770862335
370	MvSl-1064-A1-R4_MC08g08591	1.00518532455313	0.00757467862524528
371	MvSl-1064-A1-R4_MC08g08608	0.72847189470934	0.0237376181389809
372	MvSl-1064-A1-R4_MC08g08629	0.868356695923287	0.0138541159691251
373	MvSl-1064-A1-R4_MC08g08632	1.28850296207683	0.00075778314596043
374	MvSl-1064-A1-R4_MC08g08636	1.238204774269	0.020527773833886
375	MvSl-1064-A1-R4_MC08g08646	1.04989560610315	0.00374137024477698
376	MvSl-1064-A1-R4_MC08g08647	2.30133448363387	4.4042699648022e-15
377	MvSl-1064-A1-R4_MC08g08649	1.89226865149651	8.60776983732554e-08
378	MvSl-1064-A1-R4_MC08g08656	0.651949507381124	0.0488554401385618
379	MvSl-1064-A1-R4_MC08g08667	3.60470949441401	0.00122358916116126
380	MvSl-1064-A1-R4_MC08g08685	0.914635845697548	0.00397132245541718
381	MvSl-1064-A1-R4_MC08g08692	0.859123552181961	0.023769195676536
382	MvSl-1064-A1-R4_MC08g08693	0.8703079674835	0.0120931198362109
383	MvSl-1064-A1-R4_MC08g08709	0.983604017923337	0.0148872572578266
384	MvSl-1064-A1-R4_MC08g08736	0.813288554861365	0.00561632287992129
385	MvSl-1064-A1-R4_MC08g08737	0.760585669455101	0.0301570784278333
386	MvSl-1064-A1-R4_MC08g08760	3.1782409960968	6.25307018943528e-28
387	MvSl-1064-A1-R4_MC08g08761	1.5472549522022	5.8886163342165e-10
388	MvSl-1064-A1-R4_MC08g08762	1.38002897644895	2.32367547386864e-05
389	MvSl-1064-A1-R4_MC08g08774	1.02412257484008	0.0105039466641688
390	MvSl-1064-A1-R4_MC08g08781	1.85938105142311	0.00638301562516346
391	MvSl-1064-A1-R4_MC08g08783	1.28162239807554	3.94602995323587e-07
392	MvSl-1064-A1-R4_MC09-2g08941	1.09420299812877	0.00282931220560709
393	MvSl-1064-A1-R4_MC09-2g08942	1.12334518050024	0.0385335835290727
394	MvSl-1064-A1-R4_MC09-2g09031	1.58074377565387	0.000308989456423866
395	MvSl-1064-A1-R4_MC09-2g09040	1.10289529573064	0.00410518107467619
396	MvSl-1064-A1-R4_MC09-2g09054	0.86879434641734	0.0486471169041982
397	MvSl-1064-A1-R4_MC09-2g09073	0.704020629699303	0.0422332400776719
398	MvSl-1064-A1-R4_MC09-2g09115	1.02772570227975	0.000353566369881333
399	MvSl-1064-A1-R4_MC09-2g09142	1.12081201008247	0.000303794629589073
400	MvSl-1064-A1-R4_MC09-2g09201	0.815019000179709	0.0286090071406971
401	MvSl-1064-A1-R4_MC09-2g09303	0.959022753121111	0.00281113694204967
402	MvSl-1064-A1-R4_MC09-2g09342	0.786870522662224	0.024655369346857
403	MvSl-1064-A1-R4_MC09-2g09343	1.31591343888682	0.00351204949028746
404	MvSl-1064-A1-R4_MC09-2g09357	1.0895280310943	0.0201075433300247
405	MvSl-1064-A1-R4_MC09-2g09380	1.62345543740875	2.0143911101707e-05
406	MvSl-1064-A1-R4_MC09-2g09413	0.730673151074774	0.0355238258293819
407	MvSl-1064-A1-R4_MC09-2g09464	1.56751637401609	4.46503884538061e-06
408	MvSl-1064-A1-R4_MC09-2g09471	0.954679254021451	0.000616632297563138
409	MvSl-1064-A1-R4_MC09-2g09472	0.870498447585146	0.00253081928367952
410	MvSl-1064-A1-R4_MC09-2g09521	1.37919478416866	0.0332512635585062
411	MvSl-1064-A1-R4_MC09-2g09529	0.755351922548004	0.0260804455184805
412	MvSl-1064-A1-R4_MC09-2g09531	1.31508568102924	0.000244666786202313
413	MvSl-1064-A1-R4_MC10-1g09620	1.14540928811308	0.0106698113027165
414	MvSl-1064-A1-R4_MC10-1g09640	1.0619803957258	0.000940342786973794
415	MvSl-1064-A1-R4_MC10-1g09645	1.04264142950274	0.000735687081002264
416	MvSl-1064-A1-R4_MC10-1g09695	0.631735669369763	0.0422502967286737
417	MvSl-1064-A1-R4_MC10-1g09718	1.21027221444226	0.0176928134447142
418	MvSl-1064-A1-R4_MC10-1g09734	1.31716107260176	3.13145548572813e-05
419	MvSl-1064-A1-R4_MC10-1g09746	0.831466130024752	0.00856382083484122
420	MvSl-1064-A1-R4_MC10-1g09754	1.4803941551021	0.0106827471067185
421	MvSl-1064-A1-R4_MC10-1g09761	1.21325209892809	0.00353246341509215
422	MvSl-1064-A1-R4_MC10-1g09766	0.881416593142806	0.0466154607301754
423	MvSl-1064-A1-R4_MC10-1g09814	1.68339449502561	0.000160829736958996
424	MvSl-1064-A1-R4_MC10-2g09915	1.25307987893719	0.0240718934333825
425	MvSl-1064-A1-R4_MC10-2g09921	1.54007471377747	0.0214849327912265
426	MvSl-1064-A1-R4_MC10-2g09922	1.2779340215189	0.037916557730352
427	MvSl-1064-A1-R4_MC10-2g09954	1.43475672361402	0.00281013275308446
428	MvSl-1064-A1-R4_MC10-2g09958	1.4179126685956	0.0219641441022115
429	MvSl-1064-A1-R4_MC10-2g09986	2.21842989575621	6.28495570050038e-08
430	MvSl-1064-A1-R4_MC10-2g10025	0.792495629034556	0.0329297914904859
431	MvSl-1064-A1-R4_MC10-2g10045	2.08381214199344	3.75004779735671e-05
432	MvSl-1064-A1-R4_MC10-2g10062	1.43102461796059	0.0161838636805993
433	MvSl-1064-A1-R4_MC10-2g10090	2.1642111732829	0.000535953315214375
434	MvSl-1064-A1-R4_MC10-2g10098	3.89501667695038	1.65983869093383e-21
435	MvSl-1064-A1-R4_MC10-2g10108	1.18107400743375	0.000388668805882417
436	MvSl-1064-A1-R4_MC10-2g10128	0.80494675652681	0.026429394822992
437	MvSl-1064-A1-R4_MC11g10198	0.849168305704085	0.0452468679209025
438	MvSl-1064-A1-R4_MC11g10208	0.673848401259161	0.0289730503379996
439	MvSl-1064-A1-R4_MC11g10230	1.30033248453694	0.0155272631394672
440	MvSl-1064-A1-R4_MC11g10245	0.686205579405113	0.0499311896244384
441	MvSl-1064-A1-R4_MC11g10261	1.53257354770921	0.000145143578488248
442	MvSl-1064-A1-R4_MC11g10264	0.831316778902274	0.0125044038400041
443	MvSl-1064-A1-R4_MC11g10308	0.663310299700697	0.0322235785745707
444	MvSl-1064-A1-R4_MC11g10315	2.36447067112536	0.00284412349422222
445	MvSl-1064-A1-R4_MC11g10342	1.36194030804478	3.68648509592799e-06
446	MvSl-1064-A1-R4_MC11g10343	1.28770011530569	0.000223528651375407
447	MvSl-1064-A1-R4_MC11g10367	0.85757564934581	0.0125967111474191
448	MvSl-1064-A1-R4_MC11g10383	0.707086548888212	0.0452468679209025
449	MvSl-1064-A1-R4_MC11g10385	1.02595803415065	0.00571727393049688
450	MvSl-1064-A1-R4_MC11g10386	1.47478330167114	0.0105253533623113
451	MvSl-1064-A1-R4_MC11g10398	0.850662999323625	0.0267005539706188
452	MvSl-1064-A1-R4_MC11g10404	0.836314414754828	0.0296073177643355
453	MvSl-1064-A1-R4_MC11g10412	0.812513240519214	0.0122011573365238
454	MvSl-1064-A1-R4_MC11g10427	3.35663584653943	3.48247469538533e-09
455	MvSl-1064-A1-R4_MC11g10435	1.17505521718574	0.0209897780586372
456	MvSl-1064-A1-R4_MC11g10438	0.700014996648889	0.0214849327912265
457	MvSl-1064-A1-R4_MC11g10452	1.54647651579505	2.68652260194274e-05
458	MvSl-1064-A1-R4_MC11g10453	1.31816655826155	0.000376371586829648
459	MvSl-1064-A1-R4_MC11g10482	1.06029472472774	0.00148429482897573
460	MvSl-1064-A1-R4_MC11g10536	1.27364168498424	1.37073253860638e-06
461	MvSl-1064-A1-R4_MC11g10543	1.0758678381241	0.00496086603254485
462	MvSl-1064-A1-R4_MC11g10584	0.846830457284282	0.00215323081813051
463	MvSl-1064-A1-R4_MC11g10585	3.21827269262991	7.66931748529804e-21
464	MvSl-1064-A1-R4_MC11g10606	2.48347248613502	1.44601078983189e-12
465	MvSl-1064-A1-R4_MC11g10608	1.74234354765381	3.2314858963572e-08
466	MvSl-1064-A1-R4_MC11g10613	0.924628004718765	0.00414710333381956
467	MvSl-1064-A1-R4_MC11g10634	1.01811431549234	0.00471830907210649
468	MvSl-1064-A1-R4_MC11g10635	0.784120694176565	0.00887045790741582
469	MvSl-1064-A1-R4_MC11g10648	1.56402816709486	0.000346188658916863
470	MvSl-1064-A1-R4_MC11g10658	1.14697284991195	0.0193938957039177
471	MvSl-1064-A1-R4_MC11g10659	1.58945667562857	0.0004394558271509
472	MvSl-1064-A1-R4_MC11g10660	1.39274064491163	0.00083768560516621
473	MvSl-1064-A1-R4_MC11g10661	1.06328086743227	0.00856382083484122
474	MvSl-1064-A1-R4_MC11g10680	1.48643035763399	0.00028365159133016
475	MvSl-1064-A1-R4_MC11g10681	1.36180962070006	0.00391586522728119
476	MvSl-1064-A1-R4_MC11g10696	1.12159298976226	0.000245003520610883
477	MvSl-1064-A1-R4_MC11g10719	0.74423502601841	0.0116597965629367
478	MvSl-1064-A1-R4_MC11g10727	1.81866364857549	0.0196081416392367
479	MvSl-1064-A1-R4_MC11g10733	0.860480347825918	0.0364235772948949
480	MvSl-1064-A1-R4_MC12g10749	1.17294998790376	0.00465652192772652
481	MvSl-1064-A1-R4_MC12g10751	2.82366576035757	3.43820584591591e-11
482	MvSl-1064-A1-R4_MC12g10757	3.30699259635245	7.31541052474998e-18
483	MvSl-1064-A1-R4_MC12g10758	1.83279630652602	3.99548632440675e-08
484	MvSl-1064-A1-R4_MC12g10778	3.02952197763026	1.68658093980551e-18
485	MvSl-1064-A1-R4_MC12g10779	1.83054256474425	4.44725021158631e-05
486	MvSl-1064-A1-R4_MC12g10808	1.29689162377517	0.000127031689397441
487	MvSl-1064-A1-R4_MC12g10810	2.3233219853786	1.91134694056831e-09
488	MvSl-1064-A1-R4_MC12g10841	0.773544439748609	0.0298238537997152
489	MvSl-1064-A1-R4_MC12g10848	0.692511269027412	0.0211386777832414
490	MvSl-1064-A1-R4_MC12g10876	1.25061497180714	0.0364235772948949
491	MvSl-1064-A1-R4_MC12g10904	0.73517620295805	0.0404765011049202
492	MvSl-1064-A1-R4_MC12g10910	1.34480891124274	0.000433890775049008
493	MvSl-1064-A1-R4_MC12g10920	1.59298187443172	0.000521405826894136
494	MvSl-1064-A1-R4_MC12g10979	1.33034281846277	0.0148051139123739
495	MvSl-1064-A1-R4_MC12g10988	1.15977349585768	0.00150015665298979
496	MvSl-1064-A1-R4_MC12g11002	0.737348868958077	0.0186333994389092
497	MvSl-1064-A1-R4_MC12g11008	0.742964373115762	0.00758216761187001
498	MvSl-1064-A1-R4_MC12g11010	0.758894050018065	0.0183494098655494
499	MvSl-1064-A1-R4_MC12g11028	1.1554885045383	0.0347624414092746
500	MvSl-1064-A1-R4_MC12g11030	1.39848439940815	0.000375050125949158
501	MvSl-1064-A1-R4_MC12g11036	1.58976713760942	0.00533350239237509
502	MvSl-1064-A1-R4_MC12g11048	0.9625233085126	0.0177527061511496
503	MvSl-1064-A1-R4_MC12g11088	1.19498212838116	0.000621076971713708
504	MvSl-1064-A1-R4_MC12g11126	0.828083560638017	0.0474675478415785
505	MvSl-1064-A1-R4_MC12g11135	1.51015017770539	0.0020766222429498
506	MvSl-1064-A1-R4_MC12g11148	1.28597542908177	0.00572873685707259
507	MvSl-1064-A1-R4_MC12g11164	1.40237039442141	0.0141271285847954
508	MvSl-1064-A1-R4_MC12g11170	1.10912335343153	0.0285328386820985
509	MvSl-1064-A1-R4_MC12g11186	1.78532221729104	0.00110470612843783
510	MvSl-1064-A1-R4_MC12g11187	0.671790811722805	0.0488212413629401
511	MvSl-1064-A1-R4_MC12g11198	1.224336845092	5.87774254163003e-05
512	MvSl-1064-A1-R4_MC12g11205	1.12443545216034	0.00809621345521763
513	MvSl-1064-A1-R4_MC12g11206	1.73757324867913	2.06515652643063e-08
514	MvSl-1064-A1-R4_MC13g11329	2.41052396468508	1.40534240820432e-07
515	MvSl-1064-A1-R4_MC13g11330	2.86976975800266	9.77357754176106e-18
516	MvSl-1064-A1-R4_MC13g11331	2.98537089425496	1.2969037074156e-21
517	MvSl-1064-A1-R4_MC13g11365	1.0455664475665	0.0416993838789171
518	MvSl-1064-A1-R4_MC13g11386	0.831703238167244	0.00530992639207772
519	MvSl-1064-A1-R4_MC13g11388	0.816466903850916	0.0172593296180225
520	MvSl-1064-A1-R4_MC13g11394	2.53711189180939	1.14850063649274e-08
521	MvSl-1064-A1-R4_MC13g11418	1.14158109561988	0.0272470700015381
522	MvSl-1064-A1-R4_MC13g11429	4.19360393948839	2.50484814678184e-18
523	MvSl-1064-A1-R4_MC13g11433	1.47608268373328	7.5746679352835e-06
524	MvSl-1064-A1-R4_MC13g11440	1.05547486643619	0.000262867924453058
525	MvSl-1064-A1-R4_MC13g11474	0.836443373434119	0.012741654694521
526	MvSl-1064-A1-R4_MC13g11519	1.42944436320773	0.00154269739550413
527	MvSl-1064-A1-R4_MC13g11520	1.30167746491155	0.00280135008828223
528	MvSl-1064-A1-R4_MC13g11521	1.15802814118133	3.6416152751041e-05
529	MvSl-1064-A1-R4_MC13g11530	1.55922662540271	0.0108257358355665
530	MvSl-1064-A1-R4_MC13g11541	2.36973617139798	0.0156276396516944
531	MvSl-1064-A1-R4_MC13g11579	0.691222251443861	0.0465124490076402
532	MvSl-1064-A1-R4_MC13g11588	0.874420619540543	0.0321452416120284
533	MvSl-1064-A1-R4_MC13g11597	1.11268227077899	0.0136601570278747
534	MvSl-1064-A1-R4_MC13g11598	1.7285936326906	0.00859002872443856
535	MvSl-1064-A1-R4_MC13g11599	1.5595751205601	0.00535383259158613
536	MvSl-1064-A1-R4_MC13g11607	1.20106834378763	0.000371297544383391
537	MvSl-1064-A1-R4_MC13g11608	0.955251193040681	0.0240505854290034
538	MvSl-1064-A1-R4_MC13g11616	1.14137460093513	0.00148429482897573
539	MvSl-1064-A1-R4_MC13g11645	1.4588957996083	0.00195358626099684
540	MvSl-1064-A1-R4_MC13g11653	1.03075734224138	0.00346640753585773
541	MvSl-1064-A1-R4_MC13g11664	0.812632178941855	0.0251307861721761
542	MvSl-1064-A1-R4_MC13g11680	2.12209729934597	0.00242541480276336
543	MvSl-1064-A1-R4_MC13g11703	1.66750016181997	1.00822215706736e-05
544	MvSl-1064-A1-R4_MC14g11750	1.25051951483722	2.22499640213899e-05
545	MvSl-1064-A1-R4_MC14g11751	0.601849787809949	0.0459297127281487
546	MvSl-1064-A1-R4_MC14g11820	1.14652512381813	0.0182795697360217
547	MvSl-1064-A1-R4_MC14g11832	1.47478371428077	0.0227051702432325
548	MvSl-1064-A1-R4_MC14g11907	0.909037632675428	0.0151921032891593
549	MvSl-1064-A1-R4_MC14g11939	0.99687730390383	0.0147334164317206
550	MvSl-1064-A1-R4_MC14g11962	0.871588211716037	0.0466839812587436
551	MvSl-1064-A1-R4_MC14g11972	1.06660311798804	0.00773961448372817
552	MvSl-1064-A1-R4_MC15g12015	1.16891292171952	0.00212532503337215
553	MvSl-1064-A1-R4_MC15g12019	1.54553187998067	5.06136267332877e-05
554	MvSl-1064-A1-R4_MC15g12072	5.08712286010846	4.90555250700718e-09
555	MvSl-1064-A1-R4_MC15g12082	2.23639946299269	4.66111722655356e-05
556	MvSl-1064-A1-R4_MC15g12083	2.94346586807032	8.08412763846635e-06
557	MvSl-1064-A1-R4_MC15g12102	1.29126428173209	0.00869246631382283
558	MvSl-1064-A1-R4_MC16g12181	1.12123682234446	0.00791550408045145
559	MvSl-1064-A1-R4_MC16g12183	0.894105089560238	0.00376949805455322
