gene	logFC	FDR
1	MvSl-1064-A1-R4_A1g00029	4.98899395461794	1.88075239987586e-84
2	MvSl-1064-A1-R4_A1g00030	2.63788847215524	4.35506027118814e-28
3	MvSl-1064-A1-R4_A1g00073	0.81147763696156	0.0257436078515382
4	MvSl-1064-A1-R4_A1g00106	1.29735483166464	0.0375718222056164
5	MvSl-1064-A1-R4_A1g01138	2.36543372638174	7.43825580824814e-20
6	MvSl-1064-A1-R4_A1g00246	1.48992197456472	1.02824619661979e-13
7	MvSl-1064-A1-R4_A1g00481	1.42978111118687	0.000511192216322105
8	MvSl-1064-A1-R4_A1g00718	1.04223984140124	0.00101330417756421
9	MvSl-1064-A1-R4_A1g00648	0.646589945723975	0.0115195314296969
10	MvSl-1064-A1-R4_A1g00779	0.677992554798653	0.0208014936563317
11	MvSl-1064-A1-R4_A1g00383	1.95826132639452	3.7717007227465e-05
12	MvSl-1064-A1-R4_A1g01375	0.846875735749152	0.0101112326068359
13	MvSl-1064-A1-R4_A1g01376	0.760387736827012	0.0186550824344956
14	MvSl-1064-A1-R4_A1g01383	1.91842935122488	1.27363234231882e-15
15	MvSl-1064-A1-R4_A1g00230	1.40267274639202	1.31808245661592e-07
16	MvSl-1064-A1-R4_A1g00745	1.86815355489501	2.95250533409837e-15
17	MvSl-1064-A1-R4_A1g01135	0.91701978600882	0.000281898969270758
18	MvSl-1064-A1-R4_A1g00242	0.6678946204786	0.0155764839777787
19	MvSl-1064-A1-R4_A1g01418	3.35122140360322	4.49841503110428e-17
20	MvSl-1064-A1-R4_A1g01290	1.44812184917338	9.03887829152261e-10
21	MvSl-1064-A1-R4_A1g01288	1.13732798221784	3.26411375544663e-05
22	MvSl-1064-A1-R4_A1g01162	5.63900876461223	2.0087048181123e-23
23	MvSl-1064-A1-R4_A1g01163	3.61722515080325	9.85348293186247e-28
24	MvSl-1064-A1-R4_A1g01049	0.997497082781669	7.38369321202038e-05
25	MvSl-1064-A1-R4_A1g00542	1.13599045279167	1.67362009077839e-06
26	MvSl-1064-A1-R4_A1g01007	3.10020839186857	1.6573121565107e-30
27	MvSl-1064-A1-R4_A1g01021	4.38716507976427	4.99929122267563e-09
28	MvSl-1064-A1-R4_A1g00350	0.902069080948187	0.0129753770663361
29	MvSl-1064-A1-R4_A1g00642	5.10281698205399	2.25557705464077e-94
30	MvSl-1064-A1-R4_A1g00349	2.44834575616446	8.58419690303687e-09
31	MvSl-1064-A1-R4_A1g00854	0.751578847712186	0.00685326054723919
32	MvSl-1064-A1-R4_A1g01432	1.19652808975305	0.000311293259367985
33	MvSl-1064-A1-R4_A1g00970	0.874880084523172	0.000192240811273027
34	MvSl-1064-A1-R4_A1g01220	3.39666455070441	4.64103050047977e-50
35	MvSl-1064-A1-R4_A1g00283	4.44953500383191	2.15856187917502e-36
36	MvSl-1064-A1-R4_A1g01302	6.30718683106387	2.06179650553882e-102
37	MvSl-1064-A1-R4_A1g01347	1.10200975814097	2.29177908273036e-07
38	MvSl-1064-A1-R4_A1g00923	1.12518111491411	0.00214846464273549
39	MvSl-1064-A1-R4_A1g00929	1.83408372147673	0.00287546441178902
40	MvSl-1064-A1-R4_A1g00118	1.36697613927196	1.45015385203846e-07
41	MvSl-1064-A1-R4_A1g01459	5.48360974426558	2.35303203860169e-12
42	MvSl-1064-A1-R4_MC06g07032	2.95217856373984	2.5157303380368e-10
43	MvSl-1064-A1-R4_MC06g07033	1.35701394868753	0.000126659999125437
44	MvSl-1064-A1-R4_MC01-1g01722	1.5775948886523	0.00401261645330755
45	MvSl-1064-A1-R4_MC01-1g01740	0.895446107542376	0.0375783348883176
46	MvSl-1064-A1-R4_MC01-1g01777	1.69655926134731	0.00426975519291838
47	MvSl-1064-A1-R4_MC01-1g01783	3.17905727678028	3.21492515625113e-09
48	MvSl-1064-A1-R4_MC01-1g01827	1.98851460250994	6.98411194174521e-10
49	MvSl-1064-A1-R4_MC01-1g01829	0.721753446305824	0.0196956419880545
50	MvSl-1064-A1-R4_MC01-1g01917	0.686271397975776	0.0133423131521317
51	MvSl-1064-A1-R4_MC01-1g01975	1.83145412408088	3.95654213578708e-11
52	MvSl-1064-A1-R4_MC01-1g01978	2.10500970635389	5.28223997092317e-14
53	MvSl-1064-A1-R4_MC01-1g01992	0.782766935310449	0.00774428236757441
54	MvSl-1064-A1-R4_MC01-1g02004	4.1683417427872	6.08704529297981e-17
55	MvSl-1064-A1-R4_MC01-1g02007	0.729014746769918	0.0387790254423892
56	MvSl-1064-A1-R4_MC01-1g02022	1.68438405775345	1.39192396752299e-05
57	MvSl-1064-A1-R4_MC01-1g02046	1.06833938990692	0.0101964082820823
58	MvSl-1064-A1-R4_MC01-1g02186	0.865460841444836	0.0068366345019444
59	MvSl-1064-A1-R4_MC01-1g02207	8.9328948771329	4.57159620949424e-07
60	MvSl-1064-A1-R4_MC01-1g02258	0.709559331164834	0.0293243400949418
61	MvSl-1064-A1-R4_MC01-1g02327	1.30208939348291	2.72885817356967e-05
62	MvSl-1064-A1-R4_MC01-1g02352	1.31388111209048	0.0205045321043697
63	MvSl-1064-A1-R4_MC01-1g02353	1.00210006312558	0.048619332170924
64	MvSl-1064-A1-R4_MC01-1g02382	1.01560034918587	0.0325314483476002
65	MvSl-1064-A1-R4_MC01-1g02398	1.47762746999123	0.000148119270768661
66	MvSl-1064-A1-R4_MC01-1g02419	1.58694582985597	0.0143177509159297
67	MvSl-1064-A1-R4_MC01-1g02422	1.30680223868804	0.0187615643800613
68	MvSl-1064-A1-R4_MC01-1g02440	1.36113381866955	0.0141932733243499
69	MvSl-1064-A1-R4_MC01-1g02509	0.92421790990648	0.0360596071256762
70	MvSl-1064-A1-R4_MC01-1g02511	1.26949428482688	0.0217314486041584
71	MvSl-1064-A1-R4_MC01-1g02545	0.713898684232401	0.0245993064821921
72	MvSl-1064-A1-R4_MC01-1g02647	0.68443681700071	0.0432734529952491
73	MvSl-1064-A1-R4_MC01-1g02686	1.06794888052148	0.00381217137815909
74	MvSl-1064-A1-R4_MC01-1g02725	1.20674615755228	0.000228581094452376
75	MvSl-1064-A1-R4_MC01-1g02736	1.78823182742148	9.66017196480195e-09
76	MvSl-1064-A1-R4_MC01-1g02744	0.98921115679224	0.0101262307109315
77	MvSl-1064-A1-R4_MC01-1g02763	0.787958755702714	0.0299750551412428
78	MvSl-1064-A1-R4_MC01-1g02764	0.947348825082406	0.000952398370324559
79	MvSl-1064-A1-R4_MC01-1g02787	2.28643332515574	1.89335442760988e-08
80	MvSl-1064-A1-R4_MC01-1g02832	5.80349037307582	3.13770779748461e-62
81	MvSl-1064-A1-R4_MC01-1g02833	9.42693284125416	1.24422409952836e-175
82	MvSl-1064-A1-R4_MC01-1g02843	1.67807745448683	2.72885817356967e-05
83	MvSl-1064-A1-R4_MC01-1g02853	0.836664945829479	0.0012473887819647
84	MvSl-1064-A1-R4_MC01-1g02870	2.90930574703867	1.01314950430686e-12
85	MvSl-1064-A1-R4_MC01-1g02871	2.40751466508176	1.8714626949388e-06
86	MvSl-1064-A1-R4_MC01-1g02873	0.998863033376518	0.0360596071256762
87	MvSl-1064-A1-R4_MC01-1g02885	4.06051059319346	1.40040657880003e-11
88	MvSl-1064-A1-R4_MC01-2g02957	2.55986319082185	1.87823112062253e-11
89	MvSl-1064-A1-R4_MC01-2g02960	2.87796983024957	5.62713129360796e-22
90	MvSl-1064-A1-R4_MC01-2g02966	2.75977420724543	1.2921405365626e-06
91	MvSl-1064-A1-R4_MC01-2g02969	3.83631345810619	1.07559928333103e-13
92	MvSl-1064-A1-R4_MC01-2g02970	1.64800222418025	7.39838517545587e-12
93	MvSl-1064-A1-R4_MC01-2g02987	1.27018574894459	3.01861592086939e-07
94	MvSl-1064-A1-R4_MC01-2g03005	1.22983109635536	6.09024620960815e-05
95	MvSl-1064-A1-R4_MC01-2g03006	7.96846527084097	1.72378118421971e-46
96	MvSl-1064-A1-R4_MC01-2g03070	1.34546219807531	8.79794488943418e-07
97	MvSl-1064-A1-R4_MC01-2g03077	0.562050943761734	0.039973894850118
98	MvSl-1064-A1-R4_MC01-2g03096	4.96459121253161	4.57193617450357e-44
99	MvSl-1064-A1-R4_MC01-2g03117	0.833389279112588	0.0136393575309404
100	MvSl-1064-A1-R4_MC01-2g03144	0.708243776263681	0.0414703215758946
101	MvSl-1064-A1-R4_MC01-2g03166	3.77786773545109	1.00602220637283e-27
102	MvSl-1064-A1-R4_MC02g03205	0.993299368411201	0.000147986081771958
103	MvSl-1064-A1-R4_MC02g03229	0.806135047455121	0.0178953799694294
104	MvSl-1064-A1-R4_MC02g03274	1.64634088718937	3.67226912960093e-05
105	MvSl-1064-A1-R4_MC02g03288	0.990964440606804	8.74864324490739e-06
106	MvSl-1064-A1-R4_MC02g03297	1.45837639487562	8.29667778201341e-08
107	MvSl-1064-A1-R4_MC02g03352	1.09483753807501	4.99559850503572e-07
108	MvSl-1064-A1-R4_MC02g03359	1.25206927453766	5.51446346645426e-07
109	MvSl-1064-A1-R4_MC02g03362	2.04236844747715	7.0133505293685e-08
110	MvSl-1064-A1-R4_MC02g03366	2.54812789529872	0.000335816162894052
111	MvSl-1064-A1-R4_MC02g03373	1.10586335350931	0.0234055587497929
112	MvSl-1064-A1-R4_MC02g03374	0.689665320979059	0.019126260217356
113	MvSl-1064-A1-R4_MC02g03384	2.46821859570815	4.13025229801387e-26
114	MvSl-1064-A1-R4_MC02g03394	1.8291713794906	2.51654319926576e-08
115	MvSl-1064-A1-R4_MC02g03455	2.51532292193645	1.8684663594311e-05
116	MvSl-1064-A1-R4_MC02g03469	2.57115330819563	1.31937078717786e-07
117	MvSl-1064-A1-R4_MC02g03482	1.17419778586814	3.35875970783289e-05
118	MvSl-1064-A1-R4_MC02g03493	0.873272705233076	0.00116270067797918
119	MvSl-1064-A1-R4_MC02g03495	1.67574264549019	3.99142500645919e-08
120	MvSl-1064-A1-R4_MC02g03579	5.13562295049679	6.08029697070269e-79
121	MvSl-1064-A1-R4_MC02g03584	1.42518762193602	0.00061973751053186
122	MvSl-1064-A1-R4_MC02g03606	1.35453939728501	7.67296454354162e-08
123	MvSl-1064-A1-R4_MC02g03617	0.854666214952727	0.00530068130685709
124	MvSl-1064-A1-R4_MC02g03663	3.42823119451393	1.92058456305463e-06
125	MvSl-1064-A1-R4_MC02g03676	2.18975381485717	0.000113628454504254
126	MvSl-1064-A1-R4_MC02g03772	1.34298624325271	0.0030406113144994
127	MvSl-1064-A1-R4_MC02g03808	1.72278790323278	6.72194518630433e-12
128	MvSl-1064-A1-R4_MC02g03872	1.13363561054279	0.00141211775094856
129	MvSl-1064-A1-R4_MC02g03891	2.2102657203855	3.36023068595026e-14
130	MvSl-1064-A1-R4_MC02g03893	1.92545197266448	9.19872635170408e-13
131	MvSl-1064-A1-R4_MC02g03915	0.900234537317137	0.0475457528006184
132	MvSl-1064-A1-R4_MC02g03922	1.25893494203609	0.00180661106953284
133	MvSl-1064-A1-R4_MC02g04109	1.27881048202208	0.000962841431191748
134	MvSl-1064-A1-R4_MC02g04198	1.9821770545965	0.00215692316831744
135	MvSl-1064-A1-R4_MC02g04206	1.29612334136398	0.0241331964141427
136	MvSl-1064-A1-R4_MC02g04208	0.905097022114573	0.00827690460044331
137	MvSl-1064-A1-R4_MC02g04224	1.16653932776559	0.00742384554881139
138	MvSl-1064-A1-R4_MC02g04245	3.56839097700268	2.74924784478867e-38
139	MvSl-1064-A1-R4_MC03g04350	9.70641994567156	6.48365647073505e-57
140	MvSl-1064-A1-R4_MC03g04419	2.35141110212316	1.58117986789372e-11
141	MvSl-1064-A1-R4_MC03g04423	0.84198783256242	0.000147986081771958
142	MvSl-1064-A1-R4_MC03g04424	3.05218517955297	6.37835129547342e-28
143	MvSl-1064-A1-R4_MC03g04565	1.62336498416116	1.61358215423113e-06
144	MvSl-1064-A1-R4_MC03g04585	1.84288017539863	1.04799501992828e-17
145	MvSl-1064-A1-R4_MC03g04650	0.794465155868086	0.00981162272189172
146	MvSl-1064-A1-R4_MC03g04706	8.66506492200682	1.31835739943764e-11
147	MvSl-1064-A1-R4_MC03g04707	4.42885232032605	1.19669632528793e-54
148	MvSl-1064-A1-R4_MC03g04730	0.941309491137301	0.00150537248752176
149	MvSl-1064-A1-R4_MC03g04760	4.06255446882817	5.27580161797412e-10
150	MvSl-1064-A1-R4_MC03g04777	0.860788237913363	0.0120064994270542
151	MvSl-1064-A1-R4_MC03g04791	0.942533901360706	7.10524342065646e-05
152	MvSl-1064-A1-R4_MC03g04792	1.50184606905893	5.92037975797909e-12
153	MvSl-1064-A1-R4_MC03g04822	1.69388929628054	8.62011868633343e-07
154	MvSl-1064-A1-R4_MC03g04831	1.04882610441441	0.00922372607241193
155	MvSl-1064-A1-R4_MC03g04877	5.33438664726455	2.61817434172443e-14
156	MvSl-1064-A1-R4_MC03g04884	3.48776383297331	1.8535603504259e-08
157	MvSl-1064-A1-R4_MC03g04909	1.96604302470054	1.79002348145738e-10
158	MvSl-1064-A1-R4_MC03g04931	1.21862616360536	5.36904879662718e-06
159	MvSl-1064-A1-R4_MC03g05014	1.55665767292756	1.24702481620359e-11
160	MvSl-1064-A1-R4_MC03g05016	1.58973385036498	0.00175138334026639
161	MvSl-1064-A1-R4_MC03g05022	3.40727600849623	2.94861589474792e-23
162	MvSl-1064-A1-R4_MC03g05037	1.58451122409062	0.038121948911344
163	MvSl-1064-A1-R4_MC03g05077	0.720775829237554	0.0293547436971632
164	MvSl-1064-A1-R4_MC03g05094	1.47614387229287	0.000496077567821534
165	MvSl-1064-A1-R4_MC03g05097	4.28724408890667	3.38662499896291e-34
166	MvSl-1064-A1-R4_MC03g05099	1.87196515343778	1.08680159639672e-09
167	MvSl-1064-A1-R4_MC03g05112	0.767192913631088	0.00325587402739225
168	MvSl-1064-A1-R4_MC03g05134	4.12487016893038	1.8535603504259e-08
169	MvSl-1064-A1-R4_MC03g05149	1.65530860970352	0.000168500355322582
170	MvSl-1064-A1-R4_MC03g05187	1.4367375430171	9.65573089561333e-08
171	MvSl-1064-A1-R4_MC03g05222	1.35089462509483	3.13207950456364e-06
172	MvSl-1064-A1-R4_MC03g05233	1.4413842707703	8.48713977588038e-07
173	MvSl-1064-A1-R4_MC03g05244	0.951125141841345	0.0360596071256762
174	MvSl-1064-A1-R4_MC03g05260	0.657698810230412	0.048619332170924
175	MvSl-1064-A1-R4_MC04-1g05282	5.17578500757522	5.71820671358056e-30
176	MvSl-1064-A1-R4_MC04-1g05308	0.991324396662131	0.00354190262575516
177	MvSl-1064-A1-R4_MC04-1g05312	2.56965734242555	4.00801623678259e-08
178	MvSl-1064-A1-R4_MC04-1g05313	2.98310856880211	8.08791456661611e-12
179	MvSl-1064-A1-R4_MC04-1g05315	5.66195953435766	2.06909380330717e-27
180	MvSl-1064-A1-R4_MC04-1g05323	0.644965671810006	0.0196956419880545
181	MvSl-1064-A1-R4_MC04-1g05376	1.73068495916776	2.77514834059543e-09
182	MvSl-1064-A1-R4_MC04-1g05378	0.970073277942242	0.000281898969270758
183	MvSl-1064-A1-R4_MC04-1g05382	1.25077328190393	0.0135504941519107
184	MvSl-1064-A1-R4_MC04-1g05388	2.15366335255815	0.00147483344739961
185	MvSl-1064-A1-R4_MC04-1g05389	3.43603395917806	4.12938781264332e-09
186	MvSl-1064-A1-R4_MC04-1g05411	1.22496415105049	1.54598149962745e-07
187	MvSl-1064-A1-R4_MC04-1g05437	3.22792630834556	7.54310773128238e-11
188	MvSl-1064-A1-R4_MC04-1g05493	0.591446877591488	0.0347593018086819
189	MvSl-1064-A1-R4_MC04-1g05546	1.26427803952724	0.0218843356362193
190	MvSl-1064-A1-R4_MC04-1g05592	1.00041343621947	0.00105075341678956
191	MvSl-1064-A1-R4_MC04-1g05677	0.976347781032325	0.0125766659832703
192	MvSl-1064-A1-R4_MC04-1g05801	1.3039889497008	0.00263783174371898
193	MvSl-1064-A1-R4_MC04-1g05803	4.49613082869736	2.0766714581624e-10
194	MvSl-1064-A1-R4_MC04-1g05832	4.67063768080153	6.95655066816768e-14
195	MvSl-1064-A1-R4_MC04-1g05833	4.10600514886401	3.162618021606e-39
196	MvSl-1064-A1-R4_MC04-1g05863	1.88689754609568	0.00465115726988528
197	MvSl-1064-A1-R4_MC04-1g05907	1.82004843836684	0.00259957524959655
198	MvSl-1064-A1-R4_MC04-1g05942	0.757018714805113	0.00394044991478109
199	MvSl-1064-A1-R4_MC04-1g06004	1.42096594476446	0.00158922239882502
200	MvSl-1064-A1-R4_MC04-1g06022	0.940585564189426	0.00069884566080108
201	MvSl-1064-A1-R4_MC04-1g06027	4.79907008639914	2.07496013714303e-10
202	MvSl-1064-A1-R4_MC04-1g06041	1.24047056955472	1.12301750223726e-05
203	MvSl-1064-A1-R4_MC04-2g06086	2.66829519104189	2.73629342100599e-31
204	MvSl-1064-A1-R4_MC05-1g06125	0.998850300708462	0.0121176983752423
205	MvSl-1064-A1-R4_MC05-1g06164	2.78779938946746	1.34557700972609e-09
206	MvSl-1064-A1-R4_MC05-1g06215	0.969286676067963	0.00122421687514557
207	MvSl-1064-A1-R4_MC05-1g06264	1.52513355137479	0.0291173845204455
208	MvSl-1064-A1-R4_MC05-2g06305	1.5299821220126	0.0158809595296575
209	MvSl-1064-A1-R4_MC05-2g06306	1.06695471343368	0.0325376701041967
210	MvSl-1064-A1-R4_MC05-2g06312	1.52440902191348	0.000648047439579141
211	MvSl-1064-A1-R4_MC05-2g06318	2.56192922381599	1.51364623490054e-19
212	MvSl-1064-A1-R4_MC05-2g06335	3.08965527786024	4.45228722836316e-24
213	MvSl-1064-A1-R4_MC05-2g06338	1.45658070491615	0.0217314486041584
214	MvSl-1064-A1-R4_MC05-2g06342	0.858692767740698	0.0177691877456579
215	MvSl-1064-A1-R4_MC05-2g06373	0.772612795335285	0.0120517515374145
216	MvSl-1064-A1-R4_MC05-2g06375	1.01430957681525	0.0202827172020775
217	MvSl-1064-A1-R4_MC05-2g06418	1.3606691132742	0.00474897190770079
218	MvSl-1064-A1-R4_MC05-2g06438	2.96775788446279	4.78762310066251e-26
219	MvSl-1064-A1-R4_MC05-3g06538	0.781271572060605	0.0059546454834029
220	MvSl-1064-A1-R4_MC05-3g06566	1.28682425759041	4.59850705199837e-05
221	MvSl-1064-A1-R4_MC05-3g06591	0.707273927393745	0.0168654725302666
222	MvSl-1064-A1-R4_MC05-3g06733	2.0744789682096	3.9418309167491e-22
223	MvSl-1064-A1-R4_MC05-3g06742	0.637597379402209	0.0127239152459575
224	MvSl-1064-A1-R4_MC05-3g06760	2.40650499996038	0.00443436510733021
225	MvSl-1064-A1-R4_MC05-3g06813	2.41257944935315	1.00485945071949e-17
226	MvSl-1064-A1-R4_MC06g06875	1.00724206122602	0.0341601219594607
227	MvSl-1064-A1-R4_MC06g06907	1.74039853378449	2.39334989780723e-10
228	MvSl-1064-A1-R4_MC06g06910	0.906455640087082	0.000992409049973028
229	MvSl-1064-A1-R4_MC06g06929	0.844566610762705	0.00296826888716647
230	MvSl-1064-A1-R4_MC06g06943	0.808477899233576	0.0068366345019444
231	MvSl-1064-A1-R4_MC06g07064	1.96096045813008	4.10360551052281e-05
232	MvSl-1064-A1-R4_MC06g07078	1.36420961774964	0.0227203010204631
233	MvSl-1064-A1-R4_MC06g07138	4.56158820480665	3.51638486132877e-34
234	MvSl-1064-A1-R4_MC06g07191	1.25873292272824	0.00102463502357025
235	MvSl-1064-A1-R4_MC06g07295	9.85054083532737	2.22091967344885e-19
236	MvSl-1064-A1-R4_MC06g07296	1.92954622100145	1.51203805328814e-09
237	MvSl-1064-A1-R4_MC06g07297	3.36402507466753	5.84550690010548e-05
238	MvSl-1064-A1-R4_MC06g07471	1.30414904970145	0.0036090790399861
239	MvSl-1064-A1-R4_MC06g07527	0.86931653116331	0.0172293716689751
240	MvSl-1064-A1-R4_MC07g07592	1.1445368874182	0.0146827260408753
241	MvSl-1064-A1-R4_MC07g07597	0.704108271182632	0.0276814838545314
242	MvSl-1064-A1-R4_MC07g07612	0.782407567290112	0.0224512034907218
243	MvSl-1064-A1-R4_MC07g07754	1.40043744197218	2.04854006371225e-08
244	MvSl-1064-A1-R4_MC07g07835	1.36278336380188	0.0256402704023863
245	MvSl-1064-A1-R4_MC07g07850	3.0690140885609	4.34631972342663e-08
246	MvSl-1064-A1-R4_MC07g07851	1.37840885720373	0.0164154267028205
247	MvSl-1064-A1-R4_MC07g07868	0.693606166215703	0.0289105257173011
248	MvSl-1064-A1-R4_MC07g07960	1.13416038582798	0.0367652882808594
249	MvSl-1064-A1-R4_MC07g07963	1.54374268298048	0.0293547436971632
250	MvSl-1064-A1-R4_MC07g07981	0.903544842301502	9.04493079031077e-05
251	MvSl-1064-A1-R4_MC07g07983	0.998664545607861	0.011062763383493
252	MvSl-1064-A1-R4_MC07g08004	2.0695792513435	4.24879112595106e-09
253	MvSl-1064-A1-R4_MC07g08076	1.37584391334086	6.71936736184346e-05
254	MvSl-1064-A1-R4_MC07g08078	1.09442826357721	0.0227627904715529
255	MvSl-1064-A1-R4_MC07g08153	1.76325700806009	9.99560899357781e-10
256	MvSl-1064-A1-R4_MC07g08235	1.21379431334558	1.43706843409442e-06
257	MvSl-1064-A1-R4_MC07g08249	1.46997367556699	0.0362695372118044
258	MvSl-1064-A1-R4_MC08g08310	1.26163565608457	0.0375783348883176
259	MvSl-1064-A1-R4_MC08g08311	3.4844635897415	9.60197844395649e-40
260	MvSl-1064-A1-R4_MC08g08367	2.15041462230895	4.85640267825963e-07
261	MvSl-1064-A1-R4_MC08g08368	1.65278207612099	1.95246891883486e-09
262	MvSl-1064-A1-R4_MC08g08369	3.92038622927848	1.8683081678908e-39
263	MvSl-1064-A1-R4_MC08g08472	0.805701023367372	0.00443985096058635
264	MvSl-1064-A1-R4_MC08g08498	1.02372658745202	0.0110694860419749
265	MvSl-1064-A1-R4_MC08g08595	0.627776268309025	0.0348092254612265
266	MvSl-1064-A1-R4_MC08g08762	1.02350939267561	2.41331887052725e-05
267	MvSl-1064-A1-R4_MC08g08800	2.90765464042272	0.000525997441432322
268	MvSl-1064-A1-R4_MC09-2g08943	1.79320771266166	9.86867503006881e-05
269	MvSl-1064-A1-R4_MC09-2g08965	1.34559313428403	5.84550690010548e-05
270	MvSl-1064-A1-R4_MC09-2g08966	2.0594993600769	1.15679982466774e-05
271	MvSl-1064-A1-R4_MC09-2g09067	5.75812979675912	4.80056887808527e-39
272	MvSl-1064-A1-R4_MC09-2g09089	0.762362079745633	0.0378542466075406
273	MvSl-1064-A1-R4_MC09-2g09143	0.924462066019655	0.000611171028922505
274	MvSl-1064-A1-R4_MC09-2g09144	11.7117665218123	1.52712257228358e-100
275	MvSl-1064-A1-R4_MC09-2g09242	0.607954176263269	0.0329612783345515
276	MvSl-1064-A1-R4_MC09-2g09380	1.27587796925559	0.000507423290858478
277	MvSl-1064-A1-R4_MC09-2g09466	1.39675601056866	0.00013041811191204
278	MvSl-1064-A1-R4_MC09-2g09478	1.50820340708602	0.00013041811191204
279	MvSl-1064-A1-R4_MC09-2g09490	1.28118867455344	0.00119304872213054
280	MvSl-1064-A1-R4_MC09-2g09506	1.05294003774257	0.0151524065167219
281	MvSl-1064-A1-R4_MC09-2g09524	0.618746270093142	0.0407348069652149
282	MvSl-1064-A1-R4_MC09-2g09527	0.662388126389448	0.0187615643800613
283	MvSl-1064-A1-R4_MC09-2g09545	1.01323271793663	7.10524342065646e-05
284	MvSl-1064-A1-R4_MC09-2g09566	3.77791673170405	9.66017196480195e-09
285	MvSl-1064-A1-R4_MC10-1g09726	0.803651532210473	0.00248983116306085
286	MvSl-1064-A1-R4_MC10-1g09729	0.95853364945069	0.0370277488571456
287	MvSl-1064-A1-R4_MC10-1g09730	4.87051834517548	2.88396345754691e-81
288	MvSl-1064-A1-R4_MC10-1g09732	1.14815928419999	0.000648047439579141
289	MvSl-1064-A1-R4_MC10-1g09794	1.94238593694621	9.02124274582058e-15
290	MvSl-1064-A1-R4_MC10-1g09796	1.22201679580056	1.17809797377623e-05
291	MvSl-1064-A1-R4_MC10-1g09803	2.80822843705829	9.34433451866117e-09
292	MvSl-1064-A1-R4_MC10-1g09809	1.03737118281847	2.02335672022725e-05
293	MvSl-1064-A1-R4_MC10-1g09822	3.35471610893193	2.95023813128695e-07
294	MvSl-1064-A1-R4_MC10-1g09823	2.05045178577381	0.000103703095782974
295	MvSl-1064-A1-R4_MC10-1g09827	2.93561419972844	2.69097158868325e-06
296	MvSl-1064-A1-R4_MC10-1g09833	1.3871410880672	1.45067250393367e-08
297	MvSl-1064-A1-R4_MC10-2g09889	1.25524264550564	8.37275403126748e-05
298	MvSl-1064-A1-R4_MC10-2g09908	1.88818434739747	3.87823943388622e-08
299	MvSl-1064-A1-R4_MC10-2g09910	2.74702188284507	2.35303203860169e-12
300	MvSl-1064-A1-R4_MC10-2g09942	0.918180282950872	0.000312180064678624
301	MvSl-1064-A1-R4_MC10-2g09962	1.07830416188961	0.0161218340648407
302	MvSl-1064-A1-R4_MC10-2g09967	0.656538064949397	0.0445608658066426
303	MvSl-1064-A1-R4_MC10-2g09980	1.101777121628	0.00541747054195982
304	MvSl-1064-A1-R4_MC10-2g09992	0.659899280350761	0.0211865242551377
305	MvSl-1064-A1-R4_MC10-2g10037	0.775713973166544	0.00263783174371898
306	MvSl-1064-A1-R4_MC10-2g10050	0.856270190913527	0.00154816441023064
307	MvSl-1064-A1-R4_MC10-2g10100	0.999784758807935	0.0382808455476581
308	MvSl-1064-A1-R4_MC10-2g10108	0.914203980660852	0.00700227348452105
309	MvSl-1064-A1-R4_MC10-2g10116	0.895618029870153	0.00418386879817902
310	MvSl-1064-A1-R4_MC10-2g10125	1.12738150829246	0.0255561239091976
311	MvSl-1064-A1-R4_MC11g10177	1.65676850816832	0.00280867849077686
312	MvSl-1064-A1-R4_MC11g10186	3.29234145501373	3.16782367160734e-10
313	MvSl-1064-A1-R4_MC11g10204	1.54706636623579	0.0451140572105535
314	MvSl-1064-A1-R4_MC11g10213	0.753413712040218	0.00395079743687014
315	MvSl-1064-A1-R4_MC11g10232	0.717466385270732	0.00756364528761471
316	MvSl-1064-A1-R4_MC11g10239	0.849148153221684	0.0313817661966167
317	MvSl-1064-A1-R4_MC11g10248	1.45645345303247	1.55954356108779e-08
318	MvSl-1064-A1-R4_MC11g10255	1.51415443341327	7.03457259666142e-08
319	MvSl-1064-A1-R4_MC11g10335	0.685980401307967	0.0178953799694294
320	MvSl-1064-A1-R4_MC11g10351	1.26674383801318	0.0498786030909701
321	MvSl-1064-A1-R4_MC11g10369	1.00020405502521	0.00266167449575
322	MvSl-1064-A1-R4_MC11g10384	1.4006247309719	4.59413807080335e-11
323	MvSl-1064-A1-R4_MC11g10390	1.20786004967277	0.0377553804412661
324	MvSl-1064-A1-R4_MC11g10508	1.47528111676872	0.0248756340645299
325	MvSl-1064-A1-R4_MC11g10517	0.693415900107414	0.00941719534046362
326	MvSl-1064-A1-R4_MC11g10554	1.58685102894048	2.59256411305069e-07
327	MvSl-1064-A1-R4_MC11g10558	0.950311916274637	4.84880445351318e-05
328	MvSl-1064-A1-R4_MC11g10573	2.37139711393535	1.39827380911138e-11
329	MvSl-1064-A1-R4_MC11g10576	7.06046185427664	1.35716591634879e-88
330	MvSl-1064-A1-R4_MC11g10592	1.28585728208236	0.0428513037986965
331	MvSl-1064-A1-R4_MC11g10617	2.91905100067382	1.41365206862419e-17
332	MvSl-1064-A1-R4_MC11g10624	1.14211525848395	4.98663631227651e-08
333	MvSl-1064-A1-R4_MC11g10626	1.12387655268973	0.000104555224974505
334	MvSl-1064-A1-R4_MC11g10627	1.83799983269153	6.6041328993959e-06
335	MvSl-1064-A1-R4_MC11g10628	1.96088937196972	0.00245849562701409
336	MvSl-1064-A1-R4_MC11g10629	1.5537884716631	0.0117611221413289
337	MvSl-1064-A1-R4_MC11g10630	1.99140759178139	0.000244238749718386
338	MvSl-1064-A1-R4_MC11g10647	2.92196318649659	9.47999094924354e-15
339	MvSl-1064-A1-R4_MC11g10654	1.56777631370516	0.0227203010204631
340	MvSl-1064-A1-R4_MC11g10656	0.836865651261465	0.000712999272078041
341	MvSl-1064-A1-R4_MC11g10686	3.56132444493628	3.8419716751163e-09
342	MvSl-1064-A1-R4_MC11g10721	0.913470448849348	0.0482618162908534
343	MvSl-1064-A1-R4_MC11g10735	2.00435725342481	9.55969577464246e-06
344	MvSl-1064-A1-R4_MC12g10779	1.346904255298	0.000452051055647257
345	MvSl-1064-A1-R4_MC12g10792	0.987346728953562	0.00280867849077686
346	MvSl-1064-A1-R4_MC12g10807	4.74169715783769	9.54673342062375e-14
347	MvSl-1064-A1-R4_MC12g10896	1.20604455214896	6.45314131520169e-07
348	MvSl-1064-A1-R4_MC12g10912	0.948054164897555	0.0414703215758946
349	MvSl-1064-A1-R4_MC12g10966	2.1262342599415	8.65609546328113e-09
350	MvSl-1064-A1-R4_MC12g11005	1.00991529275807	0.0437859454187535
351	MvSl-1064-A1-R4_MC12g11020	0.75355618731597	0.0032056688978488
352	MvSl-1064-A1-R4_MC12g11112	1.57814311430476	0.00474897190770079
353	MvSl-1064-A1-R4_MC12g11139	4.25145178116928	9.3684297278109e-19
354	MvSl-1064-A1-R4_MC12g11142	1.29484070806189	3.25723657838832e-06
355	MvSl-1064-A1-R4_MC12g11242	1.28214940425489	1.52616709341218e-05
356	MvSl-1064-A1-R4_MC13g11307	1.00224516021339	0.000458588758244145
357	MvSl-1064-A1-R4_MC13g11325	1.12885781376091	0.000501736750176826
358	MvSl-1064-A1-R4_MC13g11333	1.2365172721048	0.000608092402356793
359	MvSl-1064-A1-R4_MC13g11416	1.27726587737076	0.0251812785141728
360	MvSl-1064-A1-R4_MC13g11418	1.32440123074524	0.000664809264872807
361	MvSl-1064-A1-R4_MC13g11443	0.688327726115312	0.0242687338331816
362	MvSl-1064-A1-R4_MC13g11462	0.807174572896977	0.0391205293347789
363	MvSl-1064-A1-R4_MC13g11558	3.92068284592979	2.30466854436228e-23
364	MvSl-1064-A1-R4_MC13g11584	0.897924096786565	0.0112124164461661
365	MvSl-1064-A1-R4_MC13g11612	4.33819316462852	2.2879254449929e-23
366	MvSl-1064-A1-R4_MC13g11616	0.56101111402457	0.0348092254612265
367	MvSl-1064-A1-R4_MC13g11692	0.760498249851223	0.0156333135206212
368	MvSl-1064-A1-R4_MC13g11715	2.72048439593382	6.89157954084244e-28
369	MvSl-1064-A1-R4_MC14g11747	1.35537025600405	0.0068366345019444
370	MvSl-1064-A1-R4_MC14g11772	1.07840577407246	0.0202827172020775
371	MvSl-1064-A1-R4_MC14g11775	0.871340088810414	0.0136895126720407
372	MvSl-1064-A1-R4_MC14g11805	0.621999684682841	0.0229833474579364
373	MvSl-1064-A1-R4_MC14g11878	3.08452624921904	2.02335672022725e-05
374	MvSl-1064-A1-R4_MC14g11916	0.959937245554348	0.00192130396921879
375	MvSl-1064-A1-R4_MC14g11962	2.96397666211011	2.29534235507561e-33
376	MvSl-1064-A1-R4_MC14g11964	1.28373794359892	0.00206252432403534
377	MvSl-1064-A1-R4_MC14g11965	2.03426795245823	2.17396505016886e-08
378	MvSl-1064-A1-R4_MC14g11969	1.39565135955638	9.66017196480195e-09
379	MvSl-1064-A1-R4_MC14g11979	1.48706902671499	2.67275372914668e-06
380	MvSl-1064-A1-R4_MC14g11984	1.85852420706465	3.68576555478108e-06
381	MvSl-1064-A1-R4_MC14g11989	2.30665056472855	2.28852810902119e-05
382	MvSl-1064-A1-R4_MC15g12018	1.41400783547062	3.41976416776217e-10
383	MvSl-1064-A1-R4_MC15g12050	1.60882408390822	8.63794033777902e-05
384	MvSl-1064-A1-R4_MC15g12121	1.9090677976516	4.10231108851155e-10
385	MvSl-1064-A1-R4_MC15g12135	1.52774749487421	4.38511010910024e-05
386	MvSl-1064-A1-R4_MC15g12144	7.97079506166159	9.41370855856502e-28
387	MvSl-1064-A1-R4_MC15g12147	1.02012342352399	0.000328200321240282
388	MvSl-1064-A1-R4_MC15g12148	3.53981899113962	6.22970271300118e-11
389	MvSl-1064-A1-R4_MC16g12187	1.47363740052748	1.04261414142394e-05
390	MvSl-1064-A1-R4_MC16g12190	0.759085014616238	0.020323077248507
391	MvSl-1064-A1-R4_MC16g12194	2.21843181507639	0.00346168427834561
392	MvSl-1064-A1-R4_MC18g12262	3.60067182737007	3.83711839849817e-29
