gid	gname	chr	start	end	logCPM	logFC.water.rich	logFC.water.diploid	logFC.rich.diploid	PV.water.rich	PV.water.diploid	PV.rich.diploid	FDR.water.rich	FDR.water.diploid	FDR.rich.diploid	water1	water2	rich1	rich2	di1	di2	average	ward.D
MvSl-1064-A2-R4_A2g00138	MvSl-1064-A1-R4_A2	MAT	319144	319700	4.9269628297687	2.0216591213072	2.45424847804277	0.432589356735572	0.0115117471846349	0.00596944003290995	0.660604962710235	0.0288911324973605	0.0154310024850722	0.807133926004664	6.2925565079114	5.49305542726264	4.21929664976079	4.57117390382962	3.75970206774396	4.44961854339828	1	1
MvSl-1064-A2-R4_A2g00149	MvSl-1064-A1-R4_A2	MAT	337797	338222	11.3213458422934	1.78884204666775	1.12386064960305	-0.664981397064693	2.02885298786315e-12	7.10984777602273e-06	0.00802259860902566	2.68953075570576e-11	3.25291265504757e-05	0.0326589250461911	12.3015923318529	11.8796004445903	10.2780452141895	10.3670551300206	10.9397054886894	11.0285922705117	1	1
MvSl-1064-A2-R4_A2g00152	MvSl-1064-A1-R4_A2	MAT	341812	342213	8.86702741964918	-2.47572741234385	-1.99005062297384	0.485676789370002	2.10555341330283e-10	4.59343773228937e-07	0.148491054572162	2.05390776354257e-09	2.52639075275915e-06	0.310809211391935	6.93972379509448	7.21059856188909	9.29189798510816	9.65597438819101	8.76148798967149	9.21338061469574	2	2
MvSl-1064-A2-R4_A2g00155	MvSl-1064-A1-R4_A2	MAT	349696	351551	14.7213771518139	-3.10072489851168	-1.12772088892259	1.97300400958909	9.31924263708261e-19	0.000595965919277716	3.83997128055777e-09	2.00752018473821e-17	0.0019019406189295	4.61689570243807e-08	12.6363740745374	12.855691234861	15.9623670811673	15.726978327003	13.9697358221222	13.7780394775486	2	2
MvSl-1064-A2-R4_A2g00156	MvSl-1064-A1-R4_A2	MAT	352283	352621	9.27197939055131	-1.54106854183459	0.505243230960422	2.04631177279501	0.00249193047973691	0.327179352197263	7.59349615332903e-05	0.00749027940711617	0.448678315877944	0.000623148811312875	7.14750984527376	9.3473788993308	10.1146721931957	10.1954215410587	8.19084246781072	8.09036061788473	2	2
MvSl-1064-A2-R4_A2g00159	MvSl-1064-A1-R4_A2	MAT	358917	359140	8.66507304461589	3.77111263410799	5.12256819796097	1.35145556385298	4.6964378108625e-21	6.96287092210477e-28	0.00927855279125292	1.21402917410796e-19	2.9470623064343e-26	0.0357985954707296	9.98050110544226	10.3377609121277	6.09757355772434	6.83874952311778	5.04877165571176	5.59215562254963	1	1
MvSl-1064-A2-R4_A2g00165	MvSl-1064-A1-R4_A2	MAT	382553	383213	8.74683430671558	1.80226238740956	1.65282177991886	-0.1494406074907	1.99217868902222e-08	4.13883381921011e-07	0.653886645471893	1.46321004082511e-07	2.32584465709959e-06	0.806824333434293	9.73432455332673	9.61615948892542	7.72373663448924	8.06953441767111	8.06480823969498	8.04303019815368	1	1
MvSl-1064-A2-R4_A2g00166	MvSl-1064-A1-R4_A2	MAT	383269	384665	8.85808413258178	2.56793630315429	0.800197232616543	-1.76773907053775	1.10298018609285e-12	0.0169475519178949	8.85054292492688e-07	1.54119123300001e-11	0.0370334729734601	9.73559721741957e-06	9.42406737490654	9.88025688818733	6.96551519945528	7.34725060781612	9.02784844258469	8.72138927221786	1	1
MvSl-1064-A2-R4_A2g00167	MvSl-1064-A1-R4_A2	MAT	385448	386018	7.42275618323978	-2.33611029620525	-0.755215961726308	1.58089433447894	1.87810189423001e-07	0.131435442984014	6.97008386457215e-05	1.18412034063039e-06	0.218495575635804	0.000590743173439967	6.2925565079114	5.83704955838672	7.93440135630771	8.53692828510558	6.92003699327468	6.5942477650845	2	2
MvSl-1064-A2-R4_A2g00175	MvSl-1064-A1-R4_A2	MAT	403800	403973	6.53514454451484	-3.4305063202391	-1.24209217523698	2.18841414500212	1.73793344291816e-07	0.116017050906657	4.70750393500682e-05	1.10927356788727e-06	0.194742906879031	0.000412505005830259	4.41513525817813	4.7466851328021	7.74624240707773	7.20669962098159	5.96423727374493	4.93768418498214	2	2
MvSl-1064-A2-R4_A2g00177	MvSl-1064-A1-R4_A2	MAT	405893	406045	8.82047388009821	-1.0285032525992	-0.738061180319589	0.290442072279611	0.00859428856458899	0.0624289213923184	0.436844978960711	0.0227858830148334	0.114860328682664	0.610402308439696	8.10278192037794	8.22740307945139	9.3880616625361	8.92570912961615	8.30674545628857	9.29645539104775	2	2
MvSl-1064-A2-R4_A2g00188	MvSl-1064-A1-R4_A2	MAT	421930	422088	6.85455298087092	-1.68767006572315	-1.21621321898009	0.471456846743062	0.000494226579391832	0.0179857366699685	0.243878683460701	0.00177325485300736	0.0386985138712745	0.421349474685689	5.33458399057208	6.11460935776829	7.3938742537172	7.23592661383925	6.73378975641784	6.99330168727163	2	2
MvSl-1064-A2-R4_A2g00189	MvSl-1064-A1-R4_A2	MAT	422636	426797	12.8447649334863	-1.26487185859325	-0.431700814997633	0.833171043595619	8.80808456201121e-05	0.176133517718666	0.00900143412763196	0.000370225993378845	0.275942511092577	0.0352556169998919	11.9296051831579	12.3936435443903	13.6573424676443	13.1930744493147	12.2649964688019	12.8900953993088	2	2
MvSl-1064-A2-R4_A2g00190	MvSl-1064-A1-R4_A2	MAT	427011	427244	8.38263517146067	-1.3165064000511	-0.214961288237862	1.10154511181324	0.00101880244006295	0.605472748693449	0.00446357147450689	0.0034397777200121	0.754287737528947	0.020421827011682	7.76719530991025	7.7056519251537	9.41640564317426	8.47698887264069	8.14174196364501	7.72091062553756	2	2
MvSl-1064-A2-R4_A2g00191	MvSl-1064-A1-R4_A2	MAT	427669	428365	11.0479634408939	1.70998009679794	0.426303882957406	-1.28367621384054	6.76682566591303e-05	0.307238497878857	0.0025011892053858	0.000296478717735342	0.423579475742317	0.0129311481918446	10.6550646996856	12.1689265550514	10.2068069889571	9.51406541523701	10.8160571503045	11.4655087585105	1	1
MvSl-1064-A2-R4_A2g00212	MvSl-1064-A1-R4_A2	MAT	476809	477301	10.0668927096343	1.59610898817313	1.39648927641944	-0.199619711753692	1.6105471570567e-07	4.90683058886155e-06	0.512595496242083	1.04081610024789e-06	2.30621037676493e-05	0.688342523525083	10.8559347543429	10.9195031152465	9.29952708640513	9.30932354912833	9.81123968814727	9.11382063508958	1	1
MvSl-1064-A2-R4_A2g00213	MvSl-1064-A1-R4_A2	MAT	477435	478433	10.4291018090238	1.18570240218314	1.05729363794361	-0.128408764239534	2.11046178374799e-05	0.000161649927251812	0.645290051956672	0.00010010171946768	0.000601244693447387	0.803183388739073	11.1932107736426	10.9551900775719	9.9595928020791	9.83854016286474	10.2825324001883	9.72162853602049	1	1
MvSl-1064-A2-R4_A2g00219	MvSl-1064-A1-R4_A2	MAT	492996	494714	8.35839967011609	-2.16578156291447	-1.58322593920575	0.582555623708716	2.41120174811321e-06	0.000680830243641105	0.154232803935429	1.34042075674681e-05	0.00212041708411115	0.320234376042637	7.43859280241935	5.98249414802178	8.54779905755355	9.28855138167556	8.55196009405941	8.22369254216919	2	2
MvSl-1064-A2-R4_A2g00230	MvSl-1064-A1-R4_A2	MAT	507700	508508	10.4090796440378	2.19368989174488	1.63243087840683	-0.561259013338057	1.34303229410951e-14	6.15047485692671e-09	0.0467379839855035	2.04219910604299e-13	4.54256500147302e-08	0.131323574567964	11.3273849549734	11.4344001655021	9.3880616625361	8.99572966969898	9.95318216002352	9.53751291138476	1	1
MvSl-1064-A2-R4_A2g00233	MvSl-1064-A1-R4_A2	MAT	510742	511356	7.91934339223406	1.90554374871553	-4.4015184101993	-6.30706215891483	0.0161382612721173	4.39647230860312e-20	3.0270502495406e-33	0.0386272272115029	1.19368249757074e-18	2.60830829835415e-31	5.33458399057208	5.28443966949091	3.11375692647303	4.57117390382962	9.24100256506263	9.53751291138476	1	1
MvSl-1064-A2-R4_A2g00234	MvSl-1064-A1-R4_A2	MAT	511659	511943	3.633004962053	4.57458252230878	2.16518509579686	-2.40939742651192	0.00737915497516565	0.138499456150439	0.189307659677056	0.0200790690640034	0.228038913470627	0.362489111307548	3.90646337539499	4.7466851328021	3.11375692647303	3.11375692647303	3.75970206774396	3.11375692647303	1	1
MvSl-1064-A2-R4_A2g00236	MvSl-1064-A1-R4_A2	MAT	514910	515908	12.2715713579886	-0.937205645466114	-0.457209579114196	0.479996066351918	0.000354751154683293	0.0808187488653711	0.0641690849631942	0.00131947012209541	0.14309346973766	0.165051825502345	11.797102028021	11.7124087224988	12.5778566987721	12.7956051911028	12.3911516840513	12.0072209106289	2	2
MvSl-1064-A2-R4_A2g00243	MvSl-1064-A1-R4_A2	MAT	529899	530311	7.04253796324052	1.44764382183247	1.67892127733816	0.231277455505693	0.0010246146400036	0.000320751213272053	0.62979761980355	0.0034397777200121	0.00106986049846227	0.79415943765472	7.84880472383317	7.97267850670368	6.96551519945528	5.97892052572903	6.59476558357498	6.04073078641844	1	1
MvSl-1064-A2-R4_A2g00252	MvSl-1064-A1-R4_A2	MAT	550433	551245	6.11462605019756	-1.42636675422619	0.306621682269713	1.7329884364959	0.0167903641707478	0.66293529901259	0.00306166409551978	0.0400028491994315	0.810254254348721	0.0152200032440743	6.03802611450082	4.7466851328021	6.75968176463946	6.80013472039565	5.24751257020298	5.30171818947846	2	2
MvSl-1064-A2-R4_A2g00254	MvSl-1064-A1-R4_A2	MAT	552863	554296	14.7484352464009	1.73353155670307	1.31735022722404	-0.416181329479029	1.3575485621479e-06	0.000204663184457197	0.233958803303973	7.71266600692819e-06	0.000724731961399801	0.410022716298828	15.6176589384672	15.5138752971835	14.1361160745153	13.4508318100081	14.3473912409354	14.144972520162	1	1
MvSl-1064-A2-R4_A2g00282	MvSl-1064-A1-R4_A2	MAT	617938	618266	9.06432786110402	-3.74136231221655	-2.80417107377276	0.937191238443798	2.87980415572265e-18	1.10210768184614e-10	0.00632983464644951	5.7263798019562e-17	9.99631002656938e-10	0.0270456571257388	6.50884379736078	6.11460935776829	9.93040760240328	9.91281142434334	8.60726326385225	9.29645539104775	2	2
MvSl-1064-A2-R4_A2g00287	MvSl-1064-A1-R4_A2	MAT	625729	626241	4.15000765672887	4.02578037193126	5.99289674383979	1.96711637190853	0.000759884182183828	0.000273018136320346	0.315930603985491	0.00265446028506107	0.000947317962937039	0.496478900167674	4.79045923691204	5.83704955838672	3.11375692647303	3.54589589354536	3.11375692647303	3.11375692647303	1	1
MvSl-1064-A2-R4_A2g00291	MvSl-1064-A1-R4_A2	MAT	634520	634708	11.1071334811033	0.78248838336017	0.629880481920213	-0.152607901439957	0.00173735221769724	0.0119534078975308	0.540479356396828	0.00544370361545134	0.0279634021856265	0.718323463386015	11.4270711612897	11.6429871976225	10.6232590521487	10.8834137048241	10.768330248173	11.0406912205063	1	1
MvSl-1064-A2-R4_A2g00302	MvSl-1064-A1-R4_A2	MAT	663291	663440	6.87725009718109	4.0906567075892	3.94980573325654	-0.140850974332654	2.91014372173715e-16	6.54976029105587e-14	0.840991086146129	5.18808380737278e-15	9.15196235263753e-13	0.935037401156019	8.48104640813873	8.33967141889802	4.65955535130125	4.89810488338009	5.42216103452088	4.12537751991138	1	1
MvSl-1064-A2-R4_A2g00321	MvSl-1064-A1-R4_A2	MAT	697625	699622	9.46555001260056	1.14646832086186	0.819290979557523	-0.32717734130434	0.0197068722883998	0.0947422004511493	0.503369337324086	0.0454328410615645	0.162729958914433	0.677713404678522	9.14595179551523	10.5969285723308	9.22936777184456	8.51325050877536	9.69692038335807	8.56263587776647	1	1
MvSl-1064-A2-R4_A2g00330	MvSl-1064-A1-R4_A2	MAT	734714	735851	11.89055171649	-1.5559113446539	-1.02329203027806	0.532619314375834	5.25817752963531e-08	0.000312301231720742	0.0546701851461198	3.53049062704085e-07	0.00104855632765413	0.148760451160758	10.8006071208541	10.985708056861	12.1405866416807	12.7011809594551	11.6748448446649	12.1227019025991	2	2
MvSl-1064-A2-R4_A2g00331	MvSl-1064-A1-R4_A2	MAT	735912	736700	11.0055597436387	-1.3809005726354	-1.13815321575724	0.242747356878157	1.40858930640842e-05	0.000342916257225589	0.429308101689717	6.80598758330049e-05	0.00112922105086388	0.605535964015497	10.2216964856202	9.86157220824575	10.9914891458361	11.7594945025417	10.8848116325106	11.4314528739422	2	2
MvSl-1064-A2-R4_A2g00340	MvSl-1064-A1-R4_A2	MAT	757429	758038	12.7041608193314	-1.00716926009074	-0.517766970624645	0.489402289466097	0.000373566349214176	0.0661836089382258	0.0803448446853604	0.00137952716102663	0.119222738052483	0.192944259944383	12.3826079579498	11.8419685721754	13.1852291983758	13.0997745094028	12.7081421347103	12.5983521338464	2	2
MvSl-1064-A2-R4_A2g00342	MvSl-1064-A1-R4_A2	MAT	760547	760705	7.70012658068828	1.08690723345325	0.708935464099952	-0.377971769353296	0.00298666319715412	0.0549204037558644	0.308826013245501	0.00892546169322936	0.103250359061025	0.496478900167674	8.50641735691375	7.93742682888562	7.00337878001164	7.37378932944004	7.52867086010051	7.59529269972062	1	1
MvSl-1064-A2-R4_A2g00344	MvSl-1064-A1-R4_A2	MAT	763085	763512	9.26514696983912	-2.51724370630915	-2.05765693449492	0.459586771814231	4.86408096658039e-11	9.13001880055848e-08	0.171168212024765	5.71529513573196e-10	5.97496167074524e-07	0.344035140697386	6.86323330341461	7.82618882937228	10.048300114629	9.70904727778502	9.41639476362721	9.44949933532168	2	2
MvSl-1064-A2-R4_A2g00346	MvSl-1064-A1-R4_A2	MAT	764732	765421	9.592897222449	-3.42951155763809	-3.34796823758815	0.0815433200499399	2.13150458356833e-21	2.97955652329707e-20	0.774827541393951	5.79993615634118e-20	8.55794845858102e-19	0.874641569652124	6.60593016582419	6.95260623233791	10.1059970320961	10.1385200894271	9.93167795543154	10.1423510923979	2	2
MvSl-1064-A2-R4_A2g00350	MvSl-1064-A1-R4_A2	MAT	767280	767564	6.4283068247689	1.16336306995168	0.671375150941096	-0.491987919010585	0.0160101630884161	0.166140025379934	0.31781786066853	0.0384988572870285	0.261873149760445	0.496478900167674	6.93972379509448	7.02155676422563	5.95026672415938	5.90805890555209	6.07300196808057	6.5942477650845	1	1
MvSl-1064-A2-R4_A2g00359	MvSl-1064-A1-R4_A2	MAT	789050	790537	12.1963873261705	-2.47185382279755	-1.06918419037466	1.40266963242289	4.70991594329939e-16	0.000288124588953561	1.4487697940203e-06	8.11675514228595e-15	0.000993069416593273	1.49802796701699e-05	10.7377267682235	10.5969285723308	12.8098960614611	13.3996890336853	11.4787349898422	11.9506354194926	2	2
MvSl-1064-A2-R4_A2g00360	MvSl-1064-A1-R4_A2	MAT	790696	790899	4.35254754366094	-5.2483281916532	-4.18103833378349	1.06728985786971	0.00899273445642525	0.0565621677917162	0.356213612496173	0.0236002218983343	0.105884095770713	0.533804167131946	3.11375692647303	3.11375692647303	3.58252916129815	5.48971102399969	4.20429070958875	4.12537751991138	2	2
MvSl-1064-A2-R4_A2g00361	MvSl-1064-A1-R4_A2	MAT	790960	791484	6.191103863144	-1.97718287861077	-3.27948865231076	-1.30230577369999	0.00880318835426558	2.58724773050498e-06	0.00853813915294122	0.0232206549956903	1.29864764725347e-05	0.0339555226313124	4.41513525817813	4.37735967579641	5.60103090296026	6.1109860688087	7.08496620637616	7.04226413471125	2	2
MvSl-1064-A2-R4_A2g00362	MvSl-1064-A1-R4_A2	MAT	791527	791997	7.1636748069818	-2.02048930691408	-5.17575548362162	-3.15526617670754	0.0109265043243577	3.27251723058521e-17	1.46867028601437e-13	0.0276911898808477	7.04954753421897e-16	2.81223162173862e-12	3.90646337539499	4.37735967579641	5.13929950101204	5.90805890555209	8.57063102746026	8.4401045331639	2	2
MvSl-1064-A2-R4_A2g00364	MvSl-1064-A1-R4_A2	MAT	796232	797581	6.67240657533743	1.38809277008927	1.23023714218297	-0.157855627906296	0.00386129561583851	0.0128347398190711	0.756295518872764	0.0111524571697682	0.029623037885981	0.871765174499364	7.21061468565967	7.61930858400792	6.51951520675309	5.6718420428437	6.35734389832423	6.22166396653778	1	1
MvSl-1064-A2-R4_A2g00390	MvSl-1064-A1-R4_A2	MAT	858779	859620	10.4667926207067	3.38357053409215	2.25425621855482	-1.12931431553733	6.97897547767882e-33	5.90417304024028e-17	4.99136858947087e-05	5.15447188851422e-31	1.22098298472169e-15	0.000430089593459407	11.7447645783528	11.6209368035462	8.39949905916065	8.2665089031449	9.54470071954512	9.33626514032871	1	1
MvSl-1064-A2-R4_A2g00402	MvSl-1064-A1-R4_A2	MAT	882526	883458	8.79082776159714	3.08146392255795	-0.148584571726858	-3.23004849428481	1.91860902874975e-13	0.682609177068956	8.36424841257264e-15	2.83405962246748e-12	0.826582381523737	1.72972657172002e-13	8.9747458665162	9.47578573413928	6.71474084632553	5.75495319512767	9.15701102208812	9.59607590432147	1	1
MvSl-1064-A2-R4_A2g00404	MvSl-1064-A1-R4_A2	MAT	887878	890361	11.4364628662633	-1.76253249162744	-2.10161536020304	-0.339082868575606	2.26895368263291e-11	2.78037899549274e-15	0.171138471494995	2.79297393790765e-10	4.79151980223248e-14	0.344035140697386	10.1102763619484	9.67084356140496	11.5474267672525	11.7645175417321	12.1012863232298	11.8883960376899	2	2
MvSl-1064-A2-R4_A2g00415	MvSl-1064-A1-R4_A2	MAT	916222	918081	9.81394026483272	1.40821849994915	0.782533044568065	-0.625685455381086	7.69203659574215e-06	0.0120150791179641	0.0460290814070658	3.97678291999869e-05	0.0279810626305742	0.131323574567964	10.5058101086118	10.3711693199094	8.85787969055305	9.20972080985403	9.87271525208835	9.42201304295975	1	1
MvSl-1064-A2-R4_A2g00424	MvSl-1064-A1-R4_A2	MAT	939408	940261	11.0510692583091	1.43800586156132	1.52192189926611	0.0839160377047982	1.52022385864359e-08	3.13506662937632e-09	0.741002568540377	1.15581725723343e-07	2.41914842893666e-08	0.86283407192652	11.8574993427125	11.8656032716852	10.323655253918	10.5263501340998	10.1209151711565	10.5376488099474	1	1
MvSl-1064-A2-R4_A2g00433	MvSl-1064-A1-R4_A2	MAT	957508	959884	12.2426027568277	0.578196341945886	0.993583903318444	0.415387561372558	0.0218121892399119	9.70142376575079e-05	0.100147057778099	0.0491636660498742	0.000382872983732302	0.226096195944442	12.6802298469528	12.7376968023018	12.2450266744801	12.0095000883959	11.8436259024583	11.5797827663755	1	1
MvSl-1064-A2-R4_A2g00450	MvSl-1064-A1-R4_A2	MAT	1002310	1002988	6.68400555525943	-1.20446783595627	-0.620936096255895	0.583531739700378	0.0184689685425936	0.254709771511018	0.205516139860018	0.042945813923798	0.368865411403911	0.375283007286459	5.54509296768742	6.34728824592358	6.80326493159549	7.34725060781612	6.66595164183787	6.45653516355591	2	2
MvSl-1064-A2-R4_A2g00460	MvSl-1064-A1-R4_A2	MAT	1018365	1019889	12.7544452849659	1.30823752092765	1.19848058042328	-0.109756940504371	7.43808081874391e-07	5.69342894265794e-06	0.674132269619921	4.36987248101205e-06	2.65180429131005e-05	0.818137050219482	13.4823806264873	13.4404855067661	12.2400795108072	12.0645016059699	12.3073581874531	12.2203422568992	1	1
MvSl-1064-A2-R4_A2g00461	MvSl-1064-A1-R4_A2	MAT	1019996	1020424	7.59618170306549	1.49087082367075	2.41690490330326	0.926034079632505	0.000305019949579498	1.21959451381135e-07	0.0460817758604866	0.00116811343653778	7.5063138528627e-07	0.131323574567964	8.13567238861653	8.92977681236433	6.80326493159549	7.42544564111716	6.66595164183787	5.83380778142036	1	1
MvSl-1064-A2-R4_A2g00483	MvSl-1064-A1-R4_A2	MAT	1046736	1047926	12.4220064925609	-0.893892548295422	-0.399678973814484	0.494213574480938	0.00673774046613644	0.223966901410921	0.130889575579704	0.0186278707004949	0.331779048794975	0.283137701149402	11.3763698238004	12.3490679243929	12.9774000316462	12.6794051468254	12.1486556925807	12.5129960905589	2	2
MvSl-1064-A2-R4_A2g00502	MvSl-1064-A1-R4_A2	MAT	1064673	1065546	9.93438870222676	-2.60580823483245	-1.33133468967787	1.27447354515458	7.87101134303527e-12	0.000420126886115038	0.000297405794054286	1.01732821608731e-10	0.0013747189881106	0.00199686747436449	8.3186699157841	8.19791573376227	10.5483950153413	11.0694452160026	9.96734226223898	9.01915904250924	2	2
MvSl-1064-A2-R4_A2g00503	MvSl-1064-A1-R4_A2	MAT	1065697	1066723	9.21038801340177	-2.53365260229382	-1.52925811813466	1.00439448415916	5.72087388459763e-11	8.832483659154e-05	0.00384489991279888	6.2929612730574e-10	0.000351261080906355	0.0182368188524497	7.38488598446531	7.66312609968091	9.67287064441905	10.2855374214726	9.20560320931813	8.8088802642105	2	2
MvSl-1064-A2-R4_A2g00504	MvSl-1064-A1-R4_A2	MAT	1066834	1067992	9.27708332243985	-2.29375575560745	-1.24613684145575	1.0476189141517	3.00834111670502e-08	0.00266367516972815	0.00624412738600902	2.14036495785734e-07	0.00736427841042488	0.0269017821547222	7.72459150998776	7.90129217006273	9.73044685520683	10.340391087098	9.43689220822982	8.4761881480873	2	2
MvSl-1064-A2-R4_A2g00510	MvSl-1064-A1-R4_A2	MAT	1082337	1082885	4.88873557338829	-3.07013517943504	-2.70567520811376	0.364459971321274	0.00714594648214123	0.0266664487398648	0.620212680293204	0.0195473774141112	0.0549265099542236	0.787837729021096	3.11375692647303	3.87969287971631	5.13929950101204	5.38922813008979	5.04877165571176	4.93768418498214	2	2
MvSl-1064-A2-R4_A2g00524	MvSl-1064-A1-R4_A2	MAT	1109191	1109470	4.44995698820549	-5.37605011826321	-4.4815332789091	0.894516839354107	0.00335315547054033	0.0280889361497132	0.344569876919245	0.00979424507496808	0.0571731495645737	0.51999444237225	3.11375692647303	3.11375692647303	4.45615513094595	5.28121920625784	4.20429070958875	4.44961854339828	2	2
MvSl-1064-A2-R4_A2g00538	MvSl-1064-A1-R4_A2	MAT	1137626	1138144	11.5813153216921	2.17206083078678	2.56861573538162	0.396554904594845	1.01092255185035e-05	2.92801646696543e-07	0.40502816881051	5.07424232336536e-05	1.72020967434219e-06	0.5800541918976	11.6904567491728	13.2835277019928	11.0332686374627	9.75519884412071	10.4278546578015	9.77329907143523	1	1
MvSl-1064-A2-R4_A2g00540	MvSl-1064-A1-R4_A2	MAT	1142170	1142576	8.36679340148937	1.35342553585245	0.823503068759571	-0.529922467092883	0.000862024370540473	0.0415170474463186	0.193803636114695	0.00299105100382164	0.0809974095462139	0.362533355562047	8.34703375598912	9.45100242793496	7.55552491929411	7.80280482151599	7.92670046880482	8.42171854752673	1	1
MvSl-1064-A2-R4_A2g00550	MvSl-1064-A1-R4_A2	MAT	1155317	1156000	9.91291778502976	-1.15795648115074	-1.90771196476219	-0.74975548361145	0.000250805059351114	2.21550067238982e-09	0.0112327140008597	0.000974933952515231	1.76217515019314e-08	0.0414808081317463	8.42892545173963	8.92977681236433	9.92548548150643	9.76023683569423	10.74796842896	10.4128815047565	2	2
MvSl-1064-A2-R4_A2g00564	MvSl-1064-A1-R4_A2	MAT	1180202	1180762	12.01051817275	1.16345328038775	1.42984466277299	0.266391382385245	1.44643593071926e-06	4.91614217494232e-09	0.268501568944862	8.12834104545495e-06	3.68354420934084e-08	0.452167137278481	12.7667608049129	12.7040064434204	11.6833851223781	11.4568916434106	11.3332444339911	11.2840291816996	1	1
MvSl-1064-A2-R4_A2g00572	MvSl-1064-A1-R4_A2	MAT	1205655	1206504	7.83682536146803	-4.63240159845455	-3.70071561201431	0.931685986440239	2.19275123912203e-17	2.24452334244977e-10	0.00861202347610926	4.19871255787441e-16	2.00072166904574e-09	0.0339879094438816	5.08802365842333	3.87969287971631	8.39949905916065	8.88938179260151	7.74136905217033	7.77984261217	2	2
MvSl-1064-A2-R4_A2g00594	MvSl-1064-A1-R4_A2	MAT	1260063	1261146	10.1935500102167	3.35672596851023	3.78713455749799	0.430408588987757	9.54300085559444e-26	1.29948358413167e-29	0.194239341374637	3.79517803257102e-24	9.59761447137246e-28	0.362533355562047	11.2913486337791	11.8106529812856	8.08325583880276	8.40161118350482	7.80582802265304	7.86395890222948	1	1
MvSl-1064-A2-R4_A2g00595	MvSl-1064-A1-R4_A2	MAT	1261314	1261646	8.7867153596572	1.29307793152916	1.65320886539589	0.360130933866736	0.000182442230159604	4.11228089690527e-06	0.314772737642163	0.000727824251523659	1.98696189130843e-05	0.496478900167674	9.88700873191183	9.25017002408827	8.49561851970173	8.14850777717312	8.11655049691123	7.83646149124531	1	1
MvSl-1064-A2-R4_A2g00598	MvSl-1064-A1-R4_A2	MAT	1264422	1265205	9.74213210756159	1.86544639517867	1.58235898198018	-0.283087413198484	1.81450395906629e-09	3.45263271957703e-07	0.363539805718956	1.53786647022504e-08	1.98334568446814e-06	0.538538909904585	10.7161425049201	10.5969285723308	8.71686307042852	8.89854974203723	8.87098882100611	9.27613085005219	1	1
MvSl-1064-A2-R4_A2g00607	MvSl-1064-A1-R4_A2	MAT	1285920	1286808	10.9109258184519	0.852238009000018	1.18871819879885	0.33648018979883	0.000701858479742128	3.44984682344406e-06	0.184144377920278	0.00246844104780055	1.71133185690828e-05	0.357722849604032	11.3094793079922	11.6754434680163	10.6323496997516	10.6778020767319	10.4632574306624	10.1646352788869	1	1
MvSl-1064-A2-R4_A2g00612	MvSl-1064-A1-R4_A2	MAT	1296553	1297195	8.86192917530409	1.17089491614534	0.852887080878522	-0.318007835266816	0.00173262476595122	0.0227811309412431	0.39650341367832	0.00544370361545134	0.0474913092605754	0.574208024850676	9.02827401507351	9.79420169118507	8.37081762550203	8.25227589173033	8.30674545628857	8.87794295556525	1	1
MvSl-1064-A2-R4_A2g00620	MvSl-1064-A1-R4_A2	MAT	1318107	1318262	3.44673646649688	4.17389353307056	4.17389353307056	0	0.0209086244753697	0.0397164676374767	1	0.0474112230428339	0.0777780824567251	1	3.11375692647303	4.7466851328021	3.11375692647303	3.11375692647303	3.11375692647303	3.11375692647303	1	1
MvSl-1064-A2-R4_A2g00625	MvSl-1064-A1-R4_A2	MAT	1335133	1335486	10.6857667515911	-4.91535035746957	-3.13571671749915	1.77963363997042	9.0431585586728e-23	5.08955657193663e-11	1.97383228424449e-05	2.92207060927115e-21	4.69875133516292e-10	0.000182227016241858	6.93972379509448	7.0873617173818	10.8531857853737	12.4216618909722	9.8190689250573	10.2814012061179	2	2
MvSl-1064-A2-R4_A2g00627	MvSl-1064-A1-R4_A2	MAT	1337297	1338622	9.15808121760614	-2.58905959546944	-5.09648841253087	-2.50742881706143	3.40908176306831e-08	2.90858163564113e-30	1.30374176483217e-13	2.38175036690043e-07	2.50622784271077e-28	2.59244035545473e-12	5.08802365842333	5.98249414802178	7.87436763249397	8.085678719934	10.407227481751	10.4987094299809	2	2
MvSl-1064-A2-R4_A2g00628	MvSl-1064-A1-R4_A2	MAT	1339386	1339705	5.92564253106418	-2.24854646675893	-4.10976183588291	-1.86121536912398	0.0180629528960022	7.15716545142749e-07	0.000865208700506742	0.0424479393056051	3.89500477725054e-06	0.0051415275650803	3.90646337539499	3.87969287971631	4.99640720462562	5.58364873635161	6.97713419078295	6.94261899031198	2	2
MvSl-1064-A2-R4_A2g00631	MvSl-1064-A1-R4_A2	MAT	1343145	1343477	3.94183703210423	4.18194336762031	-0.579118033835754	-4.76106140145607	0.0176332074046317	0.626357099784743	0.00355997811906967	0.0418182028816266	0.776562639301468	0.0172319264638261	3.90646337539499	4.37735967579641	3.11375692647303	3.11375692647303	5.04877165571176	3.70647688030895	1	1
MvSl-1064-A2-R4_A2g00634	MvSl-1064-A1-R4_A2	MAT	1348074	1348327	3.44673646649688	4.17389353307056	4.17389353307056	0	0.0209086244753697	0.0397164676374767	1	0.0474112230428339	0.0777780824567251	1	3.11375692647303	4.7466851328021	3.11375692647303	3.11375692647303	3.11375692647303	3.11375692647303	1	1
MvSl-1064-A2-R4_A2g00637	MvSl-1064-A1-R4_A2	MAT	1353677	1354074	11.7001124359951	-0.813955907939416	0.482103609126217	1.29605951706563	0.0124726190964068	0.140522047776267	8.1226767928868e-05	0.0310016541963574	0.230634599048666	0.000656159984675386	11.0452664700725	11.8227780156226	12.6134881709993	11.8950682530165	11.195678214829	10.7878426992551	2	2
MvSl-1064-A2-R4_A2g00662	MvSl-1064-A1-R4_A2	MAT	1412057	1412248	8.23111824669628	-2.98233427490414	-2.81696101705687	0.16537325784727	6.92318225044158e-13	2.92182393790381e-11	0.595753340104148	9.94245895410638e-12	2.79737588128939e-10	0.764279098843287	5.54509296768742	6.23563455386319	8.73947548721996	8.7443754676193	8.69497007867275	8.45825914975131	2	2
MvSl-1064-A2-R4_A2g00665	MvSl-1064-A1-R4_A2	MAT	1417896	1419666	10.5772474760728	-1.8727364852926	-1.44145625973022	0.431280225562379	1.56592938129825e-12	5.79423296731984e-08	0.0799317195328312	2.1304881319242e-11	3.94160321592679e-07	0.192944259944383	9.17788330920395	9.37399086626363	11.0671837997759	11.2067894298501	10.7273151093052	10.6913719590599	2	2
MvSl-1064-A2-R4_A2g00667	MvSl-1064-A1-R4_A2	MAT	1421125	1422227	13.4619506148882	-2.01406803947862	-1.69031984629539	0.32374819318323	8.44299313039359e-11	3.82030227354969e-08	0.276813629610947	8.73005489682697e-10	2.63346170056692e-07	0.460169281378969	12.1807254437392	11.7935048903122	13.9186685099616	14.0993115432344	13.4617612579078	13.8838260331474	2	2
MvSl-1064-A2-R4_A2g00685	MvSl-1064-A1-R4_A2	MAT	1457173	1457415	13.5809506352019	-1.0794025080226	0.520674192446416	1.60007670046902	0.0039777120545794	0.162025910117995	2.50448497136905e-05	0.0114248729567642	0.25791616936882	0.000227161180736456	12.8396871645994	13.5451829385485	14.5261996475916	14.0651148923997	13.0926158661771	12.202951606689	2	2
MvSl-1064-A2-R4_A2g00688	MvSl-1064-A1-R4_A2	MAT	1464767	1464975	10.8571650713477	1.53326765031281	2.70696286149131	1.1736952111785	2.50119282353442e-10	1.8814481609126e-25	3.55531603153751e-06	2.3946605366061e-09	6.48472466127877e-24	3.53480459289402e-05	11.9505524419338	11.776150520219	10.3966069999184	10.2785317113327	9.1936077362625	9.15891974284835	1	1
MvSl-1064-A2-R4_A2g00692	MvSl-1064-A1-R4_A2	MAT	1472398	1472658	3.9011827207551	-4.61067432815417	-2.40706046972298	2.20361385843119	0.0182479099200554	0.297069149480487	0.0884226404789882	0.0426885494509893	0.421946117816138	0.207793205125622	3.11375692647303	3.11375692647303	4.45615513094595	4.37494468529484	3.75970206774396	3.11375692647303	2	2
MvSl-1064-A2-R4_A2g00696	MvSl-1064-A1-R4_A2	MAT	1477968	1478285	9.9907631884109	-4.20742158635544	-1.40784690761361	2.79957467874183	3.24709191303806e-32	0.000120166829131943	4.19122278181394e-19	2.09843314880085e-30	0.000460194449342331	1.203812321221e-17	7.08151797708001	7.21059856188909	11.0671837997759	11.4568916434106	8.51387730619541	8.49389706719081	2	2
MvSl-1064-A2-R4_A2g00697	MvSl-1064-A1-R4_A2	MAT	1478454	1479989	18.7595621875613	-9.00763776219734	-5.92551049170399	3.08212727049335	3.35229302347589e-50	4.01148936597197e-29	2.44826699193097e-11	4.33283873284259e-48	2.59242500275938e-27	3.95548135883847e-10	11.2618571185245	11.0897153339716	20.0944217581262	20.2624516871254	17.1368169187082	17.0598133294013	2	2
MvSl-1064-A2-R4_A2g00701	MvSl-1064-A1-R4_A2	MAT	1489848	1491337	10.7478307285609	1.21479226649906	1.04592300859165	-0.168869257907412	0.00478728691256098	0.0150301607823488	0.692242161681768	0.0135247395289291	0.0336389312747806	0.834240553821617	10.360337606637	11.9976777024999	10.5322971008983	9.74506977274271	10.4781680791742	10.2294941589456	1	1
MvSl-1064-A2-R4_A2g00716	MvSl-1064-A1-R4_A2	MAT	1519880	1522626	7.29562917372139	3.18955941867912	3.47156482330503	0.282005404625908	5.56509260338372e-11	2.58386174366418e-11	0.629242341446998	6.25468016510736e-10	2.56895484898919e-10	0.79415943765472	8.86133568804583	8.54097319970835	5.87055994549376	5.58364873635161	3.75970206774396	6.22166396653778	1	1
MvSl-1064-A2-R4_A2g00729	MvSl-1064-A1-R4_A2	MAT	1548865	1549318	13.6153166781285	-0.864195031411624	-0.398562112818707	0.465632918592917	0.00230278854147627	0.157991360977327	0.0981727194865624	0.00704462530143923	0.25288400503182	0.22261094725681	13.1892050532881	13.1113448541302	13.9902426755094	14.0381471890968	13.4617612579078	13.6312449435575	2	2
MvSl-1064-A2-R4_A2g00730	MvSl-1064-A1-R4_A2	MAT	1550852	1551019	7.50159620933924	1.95541336410603	1.67134822204986	-0.284065142056169	7.79847891474591e-06	0.00016109165683012	0.538331211417923	3.99189465239964e-05	0.000601244693447387	0.717312464698624	7.88794111662086	8.89344759818736	6.92663104272105	6.23196958987485	6.92003699327468	6.83557746355547	1	1
MvSl-1064-A2-R4_A2g00739	MvSl-1064-A1-R4_A2	MAT	1566368	1567059	11.9784404744265	-6.51571050775942	-3.13228005770422	3.38343045005521	2.87551926285386e-61	2.73513431594527e-17	4.63741470065802e-26	7.43321729447724e-59	6.14810626671177e-16	2.17958490930927e-24	7.14750984527376	6.80395475986214	12.987471843334	13.7281511105771	10.1209151711565	9.93759919296573	2	2
MvSl-1064-A2-R4_A2g00740	MvSl-1064-A1-R4_A2	MAT	1567430	1567678	12.4515427876357	-8.36869625471061	-4.57970450653875	3.78899174817185	5.05182932441942e-82	7.41040812062783e-28	2.50685524084687e-32	2.61179576072484e-79	2.9470623064343e-26	1.81052630115392e-30	5.33458399057208	6.11460935776829	13.6292378938234	14.1663143277456	10.1272352887116	10.159096418469	2	2
MvSl-1064-A2-R4_A2g00752	MvSl-1064-A1-R4_A2	MAT	1592302	1592888	6.62253861771309	5.46087285943921	4.94113522290242	-0.519737636536793	1.23263760505578e-18	4.52274778819561e-15	0.608258560605481	2.54909456725536e-17	7.30706439530353e-14	0.776468335390206	8.2897372311707	8.25629978322439	3.11375692647303	4.37494468529484	4.20429070958875	4.12537751991138	1	1
MvSl-1064-A2-R4_A2g00758	MvSl-1064-A1-R4_A2	MAT	1608378	1608889	10.0724045238343	2.15899164343761	-2.43042293005809	-4.5894145734957	1.04492518198052e-09	2.66339856807484e-14	6.41835325591323e-38	9.00377198473218e-09	4.0499325285138e-13	6.63657726661428e-36	8.7595023870371	9.11471587627477	7.14561510470333	6.54384274945573	11.1866287377068	11.5140467246673	1	1
MvSl-1064-A2-R4_A2g00760	MvSl-1064-A1-R4_A2	MAT	1610153	1610348	4.44394350090977	-3.01649709312697	2.74699217212964	5.7634892652566	0.0178868139974195	0.202665329320466	0.00047656623135551	0.0422259490258716	0.31091387317116	0.00307980927013498	3.11375692647303	3.87969287971631	5.60103090296026	4.74388042717658	3.11375692647303	3.11375692647303	2	2
MvSl-1064-A2-R4_A2g00761	MvSl-1064-A1-R4_A2	MAT	1611085	1612825	11.1292291269099	1.66883878284375	1.71617456045688	0.0473357776131278	5.03693114005534e-11	2.25698404620103e-11	0.851636537475112	5.78687422090802e-10	2.31151054036146e-10	0.942818179603068	12.0829286488592	11.9652283966194	10.4072384306496	10.3166488171114	10.507534873679	10.0967227330183	1	1
MvSl-1064-A2-R4_A2g00762	MvSl-1064-A1-R4_A2	MAT	1613152	1614450	9.35034057551042	1.32360238865876	1.08991023109561	-0.233692157563153	0.00011185337144042	0.00154199753381868	0.497232311706083	0.000455340102635409	0.00452961775559238	0.672955772649333	10.1102763619484	9.97890887807418	8.65873106538127	8.81386211952445	9.32037209926826	8.51139124457411	1	1
MvSl-1064-A2-R4_A2g00763	MvSl-1064-A1-R4_A2	MAT	1614506	1615183	9.0285354462307	0.800696991768321	0.552897840498831	-0.24779915126949	0.0150179967553434	0.0952515992364815	0.45188370229315	0.0364521329695425	0.163063168229341	0.621340090653082	9.65713635179428	9.20641664748964	8.80526093758392	8.5012642814344	8.91548763138288	8.89136744682339	1	1
MvSl-1064-A2-R4_A2g00767	MvSl-1064-A1-R4_A2	MAT	1618078	1618667	10.528203472937	0.835140672710233	0.50907484610718	-0.326065826603053	0.00124234671689419	0.0491514019110427	0.206151593944592	0.00409103982569614	0.0937685416531699	0.375283007286459	10.7642607638332	11.0937236288075	10.048300114629	10.1653536121116	10.3810217329065	10.4810598458843	1	1
MvSl-1064-A2-R4_A2g00786	MvSl-1064-A1-R4_A2	MAT	1654749	1655046	7.52827312264388	1.57371314754346	0.90290148204041	-0.670811665503049	1.27640047900545e-05	0.0113330812263425	0.0714928366841994	6.28475283472206e-05	0.0268846331658956	0.180915579872181	8.19928584417129	8.28462904271584	6.92663104272105	6.54384274945573	7.27909986179056	7.45768471655827	1	1
MvSl-1064-A2-R4_A2g00787	MvSl-1064-A1-R4_A2	MAT	1655253	1656169	11.4520425011277	1.28587525254136	1.40535835719753	0.119483104656175	9.58820750719691e-07	1.11732124630677e-07	0.647577993785076	5.50789253468978e-06	7.04457419927564e-07	0.803183388739073	12.1162696332088	12.2839028030197	11.1768729360642	10.6096559216967	10.7231487266222	10.8748899571352	1	1
MvSl-1064-A2-R4_A2g00816	MvSl-1064-A1-R4_A2	MAT	1727524	1728459	13.8035373694538	1.02708025003568	1.40929206706412	0.382211817028445	0.00245405834480777	3.85218049506508e-05	0.256087151937074	0.00741957990798606	0.000163244042290873	0.436953985318373	14.4503158242374	14.5251290840268	13.8140285007177	12.9946873365462	13.1976975750303	12.951462224151	1	1
MvSl-1064-A2-R4_A2g00824	MvSl-1064-A1-R4_A2	MAT	1744886	1746488	10.0632475550115	0.626219662350173	0.0898326692229094	-0.536386993127264	0.0218716502736384	0.741650860134971	0.047750237959554	0.0491636660498742	0.877422184644806	0.133288017406836	10.3810598374392	10.1732567571395	9.68457117842469	9.63418621599148	10.1460311983303	10.2347697150416	1	1
MvSl-1064-A2-R4_A2g00830	MvSl-1064-A1-R4_A2	MAT	1754739	1754921	8.56730542831868	-1.856936923414	-1.73514698875222	0.121789934661786	2.96471588509412e-07	2.39697034069115e-06	0.697756618651035	1.80324483834548e-06	1.2149349668013e-05	0.835046694080059	7.27107455058873	7.0873617173818	8.87840133814439	9.07064266184747	8.62523637960006	9.05538888292196	2	2
MvSl-1064-A2-R4_A2g00838	MvSl-1064-A1-R4_A2	MAT	1771787	1772240	13.2056520965042	2.41052408157076	2.49065119580201	0.0801271142312468	4.91018286363572e-17	6.57070045331332e-18	0.770935365137861	9.06630193035595e-16	1.61764387350618e-16	0.87325513995555	14.3838505807182	14.3007829945592	12.039427224269	11.8222643333299	11.9419110013432	11.7625559655933	1	1
MvSl-1064-A2-R4_A2g00840	MvSl-1064-A1-R4_A2	MAT	1773353	1773866	10.6290076869958	1.58011492581382	0.903942150068425	-0.676172775745397	4.60160810994989e-10	0.00029987630132834	0.00729659410569017	4.1017782635243e-09	0.00101997399859705	0.0304220899406598	11.2729872042611	11.3631298963435	9.8495645143329	9.63966418541981	10.4978122107625	10.3364213807558	1	1
MvSl-1064-A2-R4_A2g00843	MvSl-1064-A1-R4_A2	MAT	1782285	1783322	11.4248015449871	1.06028873396201	-1.10007029937959	-2.16035903334159	1.10992540487927e-05	3.55390406860461e-06	7.77753752136123e-19	5.51760994540946e-05	1.73336641836659e-05	2.1163088939704e-17	11.0879067502611	11.2201123057225	10.1614749663792	10.0383938010173	12.2863328054367	12.219011931871	1	1
MvSl-1064-A2-R4_A2g00844	MvSl-1064-A1-R4_A2	MAT	1784111	1784371	9.7707173823805	4.50652088509659	5.01704100115863	0.510520116062048	8.76139904991574e-37	1.80584665346161e-39	0.215871677832576	9.05928661761287e-35	1.86724543967931e-37	0.384931756679758	11.2087502775258	11.3598051581713	6.75968176463946	6.98363496428368	6.35734389832423	6.45653516355591	1	1
MvSl-1064-A2-R4_A2g00848	MvSl-1064-A1-R4_A2	MAT	1789098	1789286	5.34071971647509	-2.65714339967703	-0.302927930139763	2.35421546953726	0.00138260159549252	0.780293587924976	0.00153490203145686	0.0044675314054352	0.904510728603615	0.00826608698190832	4.41513525817813	3.87969287971631	6.02579942615664	6.23196958987485	4.5436632405532	4.12537751991138	2	2
MvSl-1064-A2-R4_A2g00851	MvSl-1064-A1-R4_A2	MAT	1793528	1793970	9.1436340336853	-1.56859298312026	-1.13756092209292	0.431032061027343	2.44252546475641e-06	0.000760085565596901	0.160732997854102	1.34338900561603e-05	0.00235307926594969	0.332034400029987	8.10278192037794	8.10565532882087	9.77490859560367	9.50208598458534	9.28688979407227	9.14777644591591	2	2
MvSl-1064-A2-R4_A2g00852	MvSl-1064-A1-R4_A2	MAT	1794013	1794201	7.82294514128903	-1.10747990056499	-1.00055215379999	0.106927746765003	0.00597730273137073	0.0152586585607467	0.769256377418977	0.0167041379033442	0.034003131361664	0.87325513995555	6.86323330341461	7.21059856188909	8.08325583880276	8.13305516411865	8.37206584185741	7.52812876222803	2	2
MvSl-1064-A2-R4_A2g00875	MvSl-1064-A1-R4_A2	MAT	1846746	1847566	9.84963471476027	0.907892331660299	1.31860243992784	0.41071010826754	0.00184659043260768	1.08497604819906e-05	0.16619074822798	0.00571669014166568	4.83562600792167e-05	0.338270145015219	10.3533635210424	10.6137743069955	9.51799595895223	9.65597438819101	9.09387471921533	9.26586018746394	1	1
MvSl-1064-A2-R4_A2g00884	MvSl-1064-A1-R4_A2	MAT	1868700	1869209	7.96694527696939	1.08060345943534	0.666399450998097	-0.414204008437242	0.00107620654358695	0.0450805263109921	0.215919167189806	0.00358168842888658	0.0872907569392619	0.384931756679758	8.40214140787366	8.58719693058656	7.55552491929411	7.34725060781612	7.83700872079834	7.86395890222948	1	1
MvSl-1064-A2-R4_A2g00906	MvSl-1064-A1-R4_A2	MAT	1932492	1934423	11.4836261148853	-0.97455974720564	-0.345766079284191	0.628793667921449	9.14158182187831e-05	0.165941233852934	0.0103978336379454	0.000381144984025087	0.261873149760445	0.0389542028320127	11.1656072614536	10.7772166497688	11.8614503246792	12.0439918775074	11.2488144787065	11.403617241013	2	2
MvSl-1064-A2-R4_A2g00909	MvSl-1064-A1-R4_A2	MAT	1939366	1940814	9.4409000306629	1.11202525178072	1.64901984020831	0.536994588427588	0.000183011900769972	1.02048243085723e-07	0.0804984899852636	0.000727824251523659	6.51344958954554e-07	0.192944259944383	10.3393133880289	10.0548899127524	9.09553781245712	9.11063933711595	8.58906341110543	8.56263587776647	1	1
MvSl-1064-A2-R4_A2g00929	MvSl-1064-A1-R4_A2	MAT	1982422	1983799	11.9243828322094	3.12260905719851	2.3260473073527	-0.79656174984581	5.47398877424239e-29	8.45492629810611e-18	0.00269520670688358	2.83005219628332e-27	1.98690768005494e-16	0.0136609987005766	13.3493743404443	12.8509627402778	10.0796540963223	9.93525834963697	10.7884086810152	10.8127499964961	1	1
MvSl-1064-A2-R4_A2g00940	MvSl-1064-A1-R4_A2	MAT	2012628	2012780	6.6516928291523	-4.64568835550563	-3.51441225114101	1.13127610436462	4.14664327358707e-08	0.000118164617184073	0.0441824430653642	2.85841942992602e-07	0.000455903784210193	0.129785926504507	3.11375692647303	4.37735967579641	7.99203642546378	6.63442743198923	6.35734389832423	6.45653516355591	2	2
MvSl-1064-A2-R4_A2g00945	MvSl-1064-A1-R4_A2	MAT	2022358	2024079	10.4653110575934	-1.25202045650774	-0.0408130583400954	1.21120739816764	2.72125608086866e-06	0.880213737057188	4.30684429106199e-06	1.48093620400958e-05	0.991439002306245	4.20120471411141e-05	9.71268894514236	10.0712446149943	11.0959455287241	11.1993896818273	9.84996778805038	10.0315300382961	2	2
MvSl-1064-A2-R4_A2g00946	MvSl-1064-A1-R4_A2	MAT	2024263	2024860	3.94626183399483	3.56800900004161	5.52774092855157	1.95973192850995	0.01977251303453	0.00555174103133183	0.329181507477726	0.0454328410615645	0.014496212692922	0.503511359070959	3.11375692647303	5.83704955838672	3.11375692647303	3.54589589354536	3.11375692647303	3.11375692647303	1	1
MvSl-1064-A2-R4_A2g00986	MvSl-1064-A1-R4_A2	MAT	2128636	2129629	11.3538141991804	1.58939165476845	1.94638378968139	0.356992134912939	1.9434633161176e-11	9.43325115909339e-16	0.132943647166155	2.45065984008e-10	1.74178244616117e-14	0.285194463007893	12.2518307484916	12.294389741287	10.6915327860922	10.6857674567005	10.4227254466453	10.2400260500824	1	1
MvSl-1064-A2-R4_A2g00997	MvSl-1064-A1-R4_A2	MAT	2150048	2151803	13.6424717132804	-0.690682275001357	1.36300922670008	2.05369150170143	0.0222763512469712	9.21061399219297e-06	5.39131197862007e-11	0.0498565956479831	4.14077168170762e-05	8.44638876650477e-10	13.8672651392265	13.3711748928965	14.278993517988	14.3806235444428	12.3739807961279	12.1771513641961	2	2
MvSl-1064-A2-R4_A2g01006	MvSl-1064-A1-R4_A2	MAT	2174840	2175472	7.55289107678049	1.08067292496836	0.73501110283347	-0.345661822134886	0.00347414721517117	0.0496767713679982	0.358867894097717	0.0100906410687837	0.0944223926369672	0.53567984326911	8.2897372311707	7.90129217006273	6.80326493159549	7.29266211890285	7.52867086010051	7.26487547282784	1	1
MvSl-1064-A2-R4_A2g01007	MvSl-1064-A1-R4_A2	MAT	2176103	2177263	5.3322753638544	2.7177422640311	5.07195861657193	2.35421635254082	0.000211307398661576	7.58215285898949e-07	0.0561140842846289	0.00083393835960332	4.08330523760163e-06	0.151098862370589	6.50884379736078	6.88019423146693	3.93576293256661	4.89810488338009	3.75970206774396	3.11375692647303	1	1
MvSl-1064-A2-R4_A2g01013	MvSl-1064-A1-R4_A2	MAT	2194008	2194852	8.833756974407	-1.10874197487023	-1.98403950849959	-0.875297533629352	0.00319552356992301	1.34222255354163e-07	0.00995423077366408	0.00944048963228684	8.16387129624735e-07	0.0378407155145907	7.99935699084493	7.0873617173818	8.50884165329035	8.84264723658806	9.52568892892227	9.5712679873482	2	2
MvSl-1064-A2-R4_A2g01018	MvSl-1064-A1-R4_A2	MAT	2213635	2214925	10.9160043109608	2.77931767469547	1.86156183355163	-0.917755841143838	1.56846631200283e-27	4.83521013157812e-14	0.000247868231240776	7.37179166641328e-26	7.1422961086454e-13	0.00168615625725633	12.0765905164589	11.9297919475926	9.34447341103901	9.13411568931504	10.1707174493385	10.1310785782795	1	1
MvSl-1064-A2-R4_A2g01026	MvSl-1064-A1-R4_A2	MAT	2240650	2241764	8.20586836924278	-1.01861102572332	-0.375090516957336	0.643520508765981	0.00828121981560416	0.347411167443851	0.0803289726900965	0.022183371215893	0.472662035706503	0.192944259944383	7.43859280241935	7.8642291576485	8.29651561376046	8.94353543501106	7.74136905217033	8.26553202392614	2	2
MvSl-1064-A2-R4_A2g01030	MvSl-1064-A1-R4_A2	MAT	2256927	2257413	10.9850915020087	4.56644885498707	3.9864206785055	-0.580028176481572	1.47914871131643e-57	4.43968343309199e-46	0.0426258979706038	2.54906627916865e-55	5.73829083727139e-44	0.127384908964174	12.3566864086165	12.521147277317	7.83291078554813	8.00308757366181	8.51387730619541	8.45825914975131	1	1
MvSl-1064-A2-R4_A2g01034	MvSl-1064-A1-R4_A2	MAT	2266194	2267443	10.5347151825976	0.693943791680318	1.45453974036915	0.760595948688837	0.0185240164506904	1.70665765928329e-06	0.0111854616014104	0.042945813923798	9.00286802892342e-06	0.0414808081317463	11.2126091407261	11.0531305462423	10.0972693900995	10.7223685668408	9.92443806304412	9.41273332959386	1	1
MvSl-1064-A2-R4_A2g01037	MvSl-1064-A1-R4_A2	MAT	2271999	2272163	3.54344850937932	4.5670650053937	4.5670650053937	0	0.00928461779711715	0.0202823275614394	1	0.0242431686924726	0.0428607206870803	1	3.11375692647303	5.0404742153898	3.11375692647303	3.11375692647303	3.11375692647303	3.11375692647303	1	1
MvSl-1064-A2-R4_A2g01039	MvSl-1064-A1-R4_A2	MAT	2277923	2278410	8.63201093561016	1.04266430369646	-0.123161466840217	-1.16582577053668	0.0151559578061502	0.76976602159757	0.00609679739135397	0.0366150943260731	0.902364000933048	0.0264877668178992	8.88086735933156	8.85617987628289	8.18561194603033	7.42544564111716	9.44703274650235	8.32610054102245	1	1
MvSl-1064-A2-R4_A2g01040	MvSl-1064-A1-R4_A2	MAT	2278645	2279789	6.93981429189654	-1.80247680553929	-1.2799351315977	0.52254167394159	0.000483146397834842	0.0184837220390224	0.23333362419694	0.00174676005371058	0.0394549882106921	0.410022716298828	6.40474955728763	4.7466851328021	7.33569861842837	7.52352016971765	7.18529597904435	6.65846899643627	2	2
MvSl-1064-A2-R4_A2g01054	MvSl-1064-A1-R4_A2	MAT	2297255	2297921	15.4504721037694	-1.96408745903925	0.383427263368484	2.34751472240773	7.71791162449077e-08	0.278229747058623	2.36326881845666e-10	5.05083583526801e-07	0.397361268589249	3.39391660872803e-09	14.7492351583819	14.2767442780219	16.4868650293735	16.504965696757	14.2153173439455	14.0794080962176	2	2
MvSl-1064-A2-R4_A2g01055	MvSl-1064-A1-R4_A2	MAT	2297984	2298706	14.0367368563913	-1.37065897709923	0.876705694694601	2.24736467179383	9.39125066954942e-05	0.0118043726707788	4.72550703656962e-10	0.000388422127692564	0.0277402757763302	6.60293821055809e-09	13.8562069638089	13.2244302989151	14.7216461538186	15.1377017467646	12.909486712624	12.4520187716067	2	2
MvSl-1064-A2-R4_A2g01056	MvSl-1064-A1-R4_A2	MAT	2299480	2299803	12.7066721193337	-3.0828501031163	-1.38338582665374	1.69946427646256	3.17370984593207e-27	3.62268680966774e-07	2.23389421103702e-10	1.36733999195573e-25	2.05816382483321e-06	3.29978087744611e-09	10.5853460468674	10.8019270621348	13.7601005322297	13.7888837582151	12.0671773418569	12.0866855313963	2	2
MvSl-1064-A2-R4_A2g01057	MvSl-1064-A1-R4_A2	MAT	2300250	2300420	10.2940159642614	-4.66714775900789	-1.97686544090225	2.69028231810564	5.85791065799644e-33	3.33477296814737e-07	8.89228402121044e-16	5.04756635030694e-31	1.93716587026089e-06	1.91554618290242e-14	6.40474955728763	7.42937868084259	11.3055751228286	11.8258729871373	9.13208707268505	8.67557014486768	2	2
MvSl-1064-A2-R4_A2g01063	MvSl-1064-A1-R4_A2	MAT	2313804	2314247	7.25562222909614	2.22631413149272	3.33541717822119	1.10910304672847	4.01348871058449e-09	9.07304765852043e-14	0.0254852320597462	3.24214634901904e-08	1.23441201038291e-12	0.0850055804831535	8.55585874660447	8.4687362202181	6.23122328370897	6.54384274945573	5.7185106536739	5.13115290357423	1	1
MvSl-1064-A2-R4_A2g01065	MvSl-1064-A1-R4_A2	MAT	2316448	2317266	10.9547810192313	0.86503301846301	0.941756389799294	0.0767233713362839	0.000475243191862307	0.000165446141550209	0.757103604159022	0.00174023756162281	0.000610968965581845	0.871765174499364	11.3832338394731	11.5957204707125	10.4524235891242	10.7904371931807	10.5691835712003	10.5419112376634	1	1
MvSl-1064-A2-R4_A2g01067	MvSl-1064-A1-R4_A2	MAT	2318831	2319016	8.12765676812058	-7.52764664924295	-4.48386327590296	3.04378337333999	1.05496812308902e-30	4.5087779990876e-07	3.23183732769348e-16	6.06020577374469e-29	2.50649271562182e-06	7.59481772007968e-15	3.11375692647303	3.87969287971631	9.30711605645205	9.50208598458534	6.35734389832423	6.5942477650845	2	2
MvSl-1064-A2-R4_A2g01074	MvSl-1064-A1-R4_A2	MAT	2331461	2331763	4.37488351164887	-4.79391099888714	-5.13158774446183	-0.33767674557469	0.0149746821889715	0.00857292024699885	0.727750847034716	0.0364521329695425	0.0215155328529049	0.853695012061037	3.11375692647303	3.11375692647303	4.99640720462562	3.87798840270851	4.5436632405532	4.93768418498214	2	2
MvSl-1064-A2-R4_A2g01086	MvSl-1064-A1-R4_A2	MAT	2355648	2355991	9.45494511803278	-2.38568051297708	-8.23954125139584	-5.85386073841876	0.0065098033677556	2.60783398401589e-47	2.43491360170728e-45	0.0180944534469336	4.49416723245404e-45	4.19616777360888e-43	4.41513525817813	3.11375692647303	5.13929950101204	5.6718420428437	11.0097920167992	10.9885548878413	2	2
MvSl-1064-A2-R4_A2g01087	MvSl-1064-A1-R4_A2	MAT	2356982	2358396	12.732753218596	-1.10176760606984	-0.884502127131515	0.217265478938329	6.30091473214224e-05	0.00128612618699306	0.422304669009693	0.00027842503559979	0.00384351005014688	0.599902878968181	12.1728242019341	11.7984251785856	13.1748969000605	13.0164313490958	12.921355022202	12.8390503771682	2	2
MvSl-1064-A2-R4_A2g01092	MvSl-1064-A1-R4_A2	MAT	2367563	2369773	11.0272666871456	1.39725403978313	0.906053051865844	-0.491200987917288	1.25310065298978e-08	0.000199848659231063	0.0440250838715397	9.66944832232409e-08	0.000712563840154893	0.129785926504507	11.6049581993022	11.7535265493677	10.1698238073858	10.3997067719221	10.689377285689	10.8613105334625	1	1
MvSl-1064-A2-R4_A2g01100	MvSl-1064-A1-R4_A2	MAT	2391139	2391339	6.31734119122018	2.45040294336288	2.13632591418979	-0.314077029173085	0.00178271074464548	0.00690492163925178	0.701851735292161	0.00555217743964888	0.0176724974628375	0.838007730129439	6.17089730123376	8.13706894105601	5.60103090296026	4.89810488338009	6.17413861769827	4.44961854339828	1	1
MvSl-1064-A2-R4_A2g01115	MvSl-1064-A1-R4_A2	MAT	2418928	2419654	9.26382521681003	-0.964114904868866	-0.0995782514260991	0.864536653442766	0.00568243915751955	0.779675564839792	0.0115652622616545	0.0159664187197696	0.904510728603615	0.0424059616260666	8.9747458665162	8.67542541474378	10.066300026121	9.43435971731538	9.06782568504357	8.78030210383596	2	2
MvSl-1064-A2-R4_A2g01116	MvSl-1064-A1-R4_A2	MAT	2420197	2421548	8.47706234942176	1.17005886489413	0.414226904259615	-0.755831960634519	0.000234039589924707	0.186673017932613	0.0170907832690881	0.000916655060538437	0.289819670483966	0.0585161254974738	9.07988696252958	8.79840860049409	7.72373663448924	7.87889046989283	8.51387730619541	8.56263587776647	1	1
MvSl-1064-A2-R4_A2g01141	MvSl-1064-A1-R4_A2	MAT	2468201	2469609	11.8266248455275	-1.47005478901144	-2.19773922287434	-0.727684433862903	0.0010807415762211	1.72395345234704e-06	0.0973577239282295	0.00358168842888658	9.00286802892342e-06	0.222195302850424	9.06288698755277	11.0198131285846	11.9281776246529	11.6938689147448	12.289153956981	12.7570959059714	2	2
MvSl-1064-A2-R4_A2g01148	MvSl-1064-A1-R4_A2	MAT	2481405	2481672	7.65708713596907	2.20026736433646	3.10430412084863	0.904036756512169	5.05290797138402e-08	7.02028512125306e-12	0.0585626092348867	3.43730713316518e-07	7.4071171585466e-11	0.155265994740699	9.19358788770776	8.49321930607644	7.07624913036864	6.39631717001451	6.17413861769827	5.71803540581464	1	1
MvSl-1064-A2-R4_A2g01150	MvSl-1064-A1-R4_A2	MAT	2483005	2483970	11.4102664174835	-0.617083605195825	0.0484795232206789	0.665563128416504	0.0203426695658145	0.856137893136085	0.0119973613509395	0.0465361069271065	0.968541117617847	0.0436805339326461	11.1775020670619	11.1942122762468	11.7572687333565	11.8437820889152	10.7763951847141	11.4245441535461	2	2
MvSl-1064-A2-R4_A2g01163	MvSl-1064-A1-R4_A2	MAT	2509665	2510369	11.3722570258004	-0.742161417281724	-0.583773130794421	0.158388286487303	0.00689169139906356	0.0340064920751044	0.558022352529499	0.0189521513474248	0.0678816849530077	0.731310002700514	10.9968590185751	10.7871516608138	11.9306361960477	11.2646595239533	11.4233145631397	11.5291543365032	2	2
MvSl-1064-A2-R4_A2g01167	MvSl-1064-A1-R4_A2	MAT	2516737	2517698	5.95409315551787	-2.80468253949449	-1.69821973559327	1.10646280390121	0.000132934466259166	0.039075166174595	0.0491863166878438	0.000536930617624912	0.0774017659473779	0.135985699078156	4.79045923691204	3.87969287971631	6.51951520675309	6.71965890240082	5.42216103452088	5.83380778142036	2	2
MvSl-1064-A2-R4_A2g01171	MvSl-1064-A1-R4_A2	MAT	2526936	2527205	7.06092575554818	-2.0469102663557	-1.27786156215592	0.769048704199787	9.39924090461632e-06	0.0105947764471711	0.0438384211124069	4.76412504675161e-05	0.0253587936258679	0.129785926504507	5.89166464130039	5.67528098043046	7.81172689697765	7.49961946976756	6.97713419078295	6.8900907496904	2	2
MvSl-1064-A2-R4_A2g01174	MvSl-1064-A1-R4_A2	MAT	2530580	2530952	7.56579930180104	2.76703053812957	2.01730275061667	-0.749727787512903	6.75605449976298e-10	4.27922363277809e-06	0.117046240959055	5.92013589216519e-09	2.04848020198729e-05	0.25850195751185	8.5799582376491	8.87493407143968	6.62042775423698	5.38922813008979	7.1360030749403	6.38241352323196	1	1
MvSl-1064-A2-R4_A2g01176	MvSl-1064-A1-R4_A2	MAT	2535423	2536801	13.8200073041046	2.16276811477393	2.43472060337633	0.2719524886024	3.5276251808891e-11	1.69381779839511e-13	0.387091772062609	4.24135399655735e-10	2.24539436351352e-12	0.566930442369317	15.0405299653624	14.771781222809	12.9290357527818	12.5479303207203	12.6555486441463	12.2789716725961	1	1
MvSl-1064-A2-R4_A2g01177	MvSl-1064-A1-R4_A2	MAT	2537040	2538086	13.5779848948319	0.919930188503757	0.567712989594836	-0.352217198908921	0.00242534615642213	0.0600708721245838	0.242458133684514	0.00737590566394261	0.110916574601464	0.421042124375403	14.1643333482609	13.8683651473627	13.3263500710453	12.8426761340093	13.3721388986266	13.536166180051	1	1
MvSl-1064-A2-R4_A2g01178	MvSl-1064-A1-R4_A2	MAT	2538206	2538679	12.2674915496867	1.70381239852465	1.94379909624272	0.23998669771807	3.04672063125565e-10	1.26639611830202e-12	0.367567865387035	2.81277601135567e-09	1.45494842924920e-11	0.542950246871706	13.3012612050657	13.1073852860818	11.719378616098	11.2575514418783	11.3167491049719	11.2163051475502	1	1
MvSl-1064-A2-R4_A2g01185	MvSl-1064-A1-R4_A2	MAT	2549999	2550414	9.6263233328928	-1.73764690997897	-1.67589103917884	0.0617558708001358	3.02217876061095e-08	1.14527430211887e-07	0.828532025043441	2.14036495785734e-07	7.13381703849949e-07	0.925164269864922	8.53134983693676	8.04069847664228	10.0528211903866	9.97913085485638	9.95318216002352	9.95688098972022	2	2
MvSl-1064-A2-R4_A2g01200	MvSl-1064-A1-R4_A2	MAT	2591127	2591291	5.03214863082895	3.51421452332579	3.92486296205097	0.410648438725179	0.000100677430923627	0.000105255726771819	0.743765511489349	0.000413097077678691	0.000412251596522958	0.864105099865154	6.93972379509448	5.67528098043046	3.93576293256661	3.87798840270851	3.75970206774396	3.70647688030895	1	1
MvSl-1064-A2-R4_A2g01220	MvSl-1064-A1-R4_A2	MAT	2625926	2626225	6.66565272146252	-3.75668083123335	-4.65960208580165	-0.902921254568302	3.61411593771091e-06	1.40208204819265e-09	0.0501543170825787	1.92628653587272e-05	1.20812736485933e-08	0.137924371977091	3.11375692647303	4.37735967579641	6.71474084632553	6.54384274945573	7.03205743136477	7.80842978640506	2	2
MvSl-1064-A2-R4_A2g01224	MvSl-1064-A1-R4_A2	MAT	2631665	2632900	10.3564666153315	0.774679075682365	1.0303952736591	0.25571619797673	0.0103504327946735	0.00078405563312387	0.39999115951107	0.0264909591824068	0.00241283787098238	0.575102586958156	10.8608608939494	10.9240125610816	9.73608008743514	10.425306238613	10.0888924849558	9.61238064920207	1	1
MvSl-1064-A2-R4_A2g01225	MvSl-1064-A1-R4_A2	MAT	2633500	2635945	9.90218226186753	0.950798852224024	0.250039454488405	-0.700759397735618	0.000889266837765792	0.37804809743028	0.0136942554839913	0.00306500636749943	0.508986631175663	0.0491661811473853	10.2140170645145	10.2966220287869	9.18886377774533	9.42804216727317	9.93167795543154	10.0792330566503	1	1
MvSl-1064-A2-R4_A2g01239	MvSl-1064-A1-R4_A2	MAT	2664094	2664525	5.3084604868349	-3.75577967466112	-3.10081839213137	0.654961282529747	0.00132058875472355	0.0130684698991846	0.400458281054035	0.00432116700121568	0.0300284397239041	0.575102586958156	3.11375692647303	3.87969287971631	5.38855891474641	6.17274565839417	5.84659931656025	4.44961854339828	2	2
MvSl-1064-A2-R4_A2g01245	MvSl-1064-A1-R4_A2	MAT	2683100	2683291	8.48670998286126	1.01571071290662	2.59681552867493	1.58110481576831	0.00850374651902079	1.65064346763338e-09	0.000206808971496204	0.022662046135741	1.37642366575235e-08	0.0014448680846424	8.71666738772647	9.79420169118507	8.48227306645936	8.22338156312756	6.79858074601232	6.8900907496904	1	1
MvSl-1064-A2-R4_A2g01255	MvSl-1064-A1-R4_A2	MAT	2705623	2706610	12.6237675594559	1.10391720124072	0.588046390359959	-0.51587081088076	2.68559654273831e-05	0.0241951323234833	0.0479527490090358	0.000122871983415549	0.0502364795632162	0.133288017406836	13.034301263567	13.1986083693131	12.1148733798219	11.9110115155464	12.5780786758248	12.483383717796	1	1
MvSl-1064-A2-R4_A2g01257	MvSl-1064-A1-R4_A2	MAT	2708529	2708787	9.15227208470429	1.12281796831102	0.34535448007069	-0.777463488240325	0.000497334533241908	0.277939978681988	0.0152868194942101	0.00177325485300736	0.397361268589249	0.0537638481531061	9.70174823870463	9.45100242793496	8.56055454242986	8.38865625890498	9.16931336518821	9.30651128654965	1	1
MvSl-1064-A2-R4_A2g01263	MvSl-1064-A1-R4_A2	MAT	2721660	2722144	9.81923012182723	1.24133647178599	0.930734673559542	-0.310601798226447	8.09306468056075e-05	0.00314154837313104	0.32403866601605	0.000342960199987697	0.00859354766618385	0.497115698309489	10.4740125609656	10.4294215011373	8.99575460092668	9.41532346302256	9.73879624332151	9.28632891151228	1	1
MvSl-1064-A2-R4_A2g01272	MvSl-1064-A1-R4_A2	MAT	2754912	2755521	9.89348655487895	-2.44115110653244	-4.32567117459799	-1.88452006806555	3.55535101192245e-10	4.41373434584674e-28	5.49206853074929e-09	3.22476574239282e-09	2.07445514254797e-26	6.45318052363042e-08	7.27107455058873	6.23563455386319	9.02365976384201	9.34329271573072	11.2195362627148	10.8883427548951	2	2
MvSl-1064-A2-R4_A2g01281	MvSl-1064-A1-R4_A2	MAT	2777733	2777960	10.1639246932892	1.23142491569298	-0.672559379500113	-1.90398429519309	1.30853391206774e-05	0.0139039367684226	1.21095848346177e-11	6.38218898621717e-05	0.0313901105208493	2.08688511983245e-10	10.1185266960569	10.2032471938543	8.89863516444008	8.98716071056814	10.6591645394073	10.9822954651242	1	1
MvSl-1064-A2-R4_A2g01282	MvSl-1064-A1-R4_A2	MAT	2779342	2780037	10.9224250373334	2.23499760923855	2.05870960686129	-0.176288002377262	1.0281717042457e-14	1.0644177935372e-12	0.535333428771019	1.6108023366516e-13	1.25069090740621e-11	0.716885133648844	11.7096978968094	12.204576986065	9.4849210488091	9.97913085485638	9.79545258633504	10.0496040136728	1	1
MvSl-1064-A2-R4_A2g01283	MvSl-1064-A1-R4_A2	MAT	2780356	2780517	8.79392140067772	1.5901974610534	1.39310427275274	-0.197093188300657	2.75724238626346e-07	8.97749877834392e-06	0.536623881474086	1.69701704011692e-06	4.07137444596825e-05	0.716885133648844	9.59935867829663	9.64921802100583	7.95387000315156	8.16379663075899	8.32884916203994	8.18060334386827	1	1
MvSl-1064-A2-R4_A2g01297	MvSl-1064-A1-R4_A2	MAT	2825660	2826820	10.5200871172308	-3.42863493957659	-1.16330206515222	2.26533287442437	9.14374219966498e-24	0.000514476679833799	5.55663712378007e-13	3.15154314481786e-22	0.00166240277171296	1.02599335464082e-11	8.55585874660447	8.00708932896956	11.3337131819075	11.9914044715009	9.33136238542727	9.55448916904844	2	2
MvSl-1064-A2-R4_A2g01302	MvSl-1064-A1-R4_A2	MAT	2834759	2835394	5.61104122593885	-4.34878103329118	-2.93415309494286	1.41462793834832	7.67654010339341e-05	0.0178576068293821	0.0554832838055372	0.000327997622599536	0.0386292164468224	0.150182501190904	3.90646337539499	3.11375692647303	6.02579942615664	6.63442743198923	4.20429070958875	5.71803540581464	2	2
MvSl-1064-A2-R4_A2g01304	MvSl-1064-A1-R4_A2	MAT	2838533	2838880	9.4392891563462	1.04577473020679	1.62127711782424	0.575502387617444	0.00154986339282073	2.25800822837134e-06	0.0894910332978385	0.00491582438090994	1.15583193472077e-05	0.209352326764627	10.2369337732096	10.1192249003749	8.92846356621836	9.32980087554722	8.19084246781072	8.87794295556525	1	1
MvSl-1064-A2-R4_A2g01324	MvSl-1064-A1-R4_A2	MAT	2890613	2891088	11.7186187320409	1.5784528249227	1.34798779947578	-0.23046502544692	1.16616791667946e-10	3.48676911955328e-08	0.341162413899405	1.18217414298683e-09	2.43602653352574e-07	0.51999444237225	12.6704428119081	12.3490679243929	10.9701367474587	10.9176368107735	11.1121137528489	11.2322183177573	1	1
MvSl-1064-A2-R4_A2g01327	MvSl-1064-A1-R4_A2	MAT	2894190	2894940	9.13024951129171	-0.88610843464352	-0.989326099806645	-0.103217665163125	0.011321555549009	0.00504999906531379	0.755770435547528	0.0285524108235982	0.013253043232321	0.871765174499364	8.78045220881375	8.00708932896956	9.34447341103901	9.2815603274952	9.32037209926826	9.50294910000177	2	2
MvSl-1064-A2-R4_A2g01351	MvSl-1064-A1-R4_A2	MAT	2964970	2966008	4.36115741936281	-5.02897645299598	-4.72814298159205	0.300833471403938	0.00976873157288853	0.0203111732462953	0.765166672196078	0.0253790664481576	0.0428607206870803	0.87325513995555	3.11375692647303	3.11375692647303	3.93576293256661	5.16446493342177	4.20429070958875	4.7141928441488	2	2
MvSl-1064-A2-R4_A2g01380	MvSl-1064-A1-R4_A2	MAT	3049436	3049886	4.9615279920887	-6.31275335216386	-4.73864114076254	1.57411221140132	7.34756295718737e-05	0.0146415303792581	0.0464736451483446	0.000319217651165199	0.0329116139394628	0.131323574567964	3.11375692647303	3.11375692647303	5.38855891474641	5.90805890555209	4.5436632405532	4.44961854339828	2	2
MvSl-1064-A2-R4_A2g01385	MvSl-1064-A1-R4_A2	MAT	3065290	3065475	8.61235381220036	2.35434686067278	2.183417985279	-0.170928875393781	1.41827003140159e-10	4.65092125804156e-09	0.6559394909902	1.41008770429735e-09	3.53606807412865e-08	0.807000853268314	9.71268894514236	9.75424292436437	7.3650796525158	7.49961946976756	8.01114099267524	7.04226413471125	1	1
MvSl-1064-A2-R4_A2g01386	MvSl-1064-A1-R4_A2	MAT	3065537	3065855	8.0078236237939	-1.14218244361516	-1.17579018861592	-0.0336077450007606	0.00415006048182593	0.00365166690284483	0.925389637327547	0.0118540401607956	0.00988435491503024	1	7.43859280241935	6.80395475986214	8.54779905755355	7.87889046989283	8.19084246781072	8.36511145692855	2	2
MvSl-1064-A2-R4_A2g01389	MvSl-1064-A1-R4_A2	MAT	3072959	3073240	11.4299896434556	-1.12965733752479	-1.75836669868583	-0.628709361161035	5.17666926686837e-06	2.351164173308e-12	0.00835882066678681	2.73095715405199e-05	2.64250408173964e-11	0.0337617990994436	10.3393133880289	10.2614201680482	11.5791145708897	11.2539842246283	12.1140710054129	11.9886045951989	2	2
MvSl-1064-A2-R4_A2g01391	MvSl-1064-A1-R4_A2	MAT	3077909	3078073	7.4233749699447	4.50040744204826	0.481741450188685	-4.01866599185958	5.49124790606009e-20	0.171357989954696	7.05617314800794e-16	1.35189293687289e-18	0.269276841357379	1.58610500761744e-14	8.40214140787366	8.10565532882087	4.21929664976079	4.57117390382962	7.83700872079834	7.75067750863969	1	1
MvSl-1064-A2-R4_A2g01405	MvSl-1064-A1-R4_A2	MAT	3110671	3111496	10.3592823312767	0.67122698325304	0.912107828596627	0.240880845343588	0.0104375576868617	0.000624023485873432	0.361584019735226	0.0265823513502833	0.00197926467605254	0.537180856905494	10.6264235737028	11.0198131285846	10.1232955007819	10.21390066441	9.90984836199928	9.95048231520428	1	1
MvSl-1064-A2-R4_A2g01406	MvSl-1064-A1-R4_A2	MAT	3112335	3113282	9.73814786757716	-0.77667367000588	-0.372816289111542	0.403857380894338	0.0146222126009672	0.246650957434613	0.193519573302049	0.0359984948319049	0.359207168996323	0.362533355562047	9.26964445395253	9.36074624250282	9.74728099069153	10.3571137752122	9.74702750706708	9.62046443719905	2	2
MvSl-1064-A2-R4_A2g01407	MvSl-1064-A1-R4_A2	MAT	3113684	3114631	11.8606692239606	-1.03397700754842	-1.57891411525658	-0.54493710770816	7.54645633792076e-05	2.25142709523281e-09	0.0323359956799135	0.000325126493892086	1.7636178912657e-08	0.103195739299477	11.0879067502611	10.5741571780227	11.8156302007828	11.9490127995005	12.3458041144112	12.5053769798026	2	2
MvSl-1064-A2-R4_A2g01408	MvSl-1064-A1-R4_A2	MAT	3115139	3115754	8.70097603715132	-4.21003320091324	-3.21425397463821	0.995779226275031	1.22757187345742e-15	1.57804602154222e-09	0.0143036162358777	2.04727309218544e-14	1.33745867727431e-08	0.0506504766708821	5.89166464130039	5.28443966949091	8.99575460092668	9.99203659740643	8.32884916203994	8.82295982230377	2	2
MvSl-1064-A2-R4_A2g01418	MvSl-1064-A1-R4_A2	MAT	3134582	3135198	6.3044284310483	1.66870360342893	2.3059318554535	0.637228252024571	0.00139830709820701	7.43574094592016e-05	0.298710002113862	0.00449021596132313	0.000302699060554388	0.485638588342348	6.93972379509448	7.61930858400792	5.49870283851681	6.04646394408337	5.42216103452088	5.13115290357423	1	1
MvSl-1064-A2-R4_A2g01420	MvSl-1064-A1-R4_A2	MAT	3144331	3144775	12.223635889494	2.08369237358154	2.21083328811642	0.127140914534873	8.97134839905737e-15	3.58407519228854e-16	0.627739264697931	1.44943347572271e-13	6.86284027560434e-15	0.79415943765472	13.4385698811393	13.0894315041234	11.31877454065	11.0592618765892	11.1436306798032	10.9885548878413	1	1
MvSl-1064-A2-R4_A2g01422	MvSl-1064-A1-R4_A2	MAT	3145711	3146208	7.21851606260938	1.81781945319691	0.633093830147507	-1.18472562304941	5.79489616552499e-06	0.0963001326729396	0.0035663754963818	3.0262235531075e-05	0.164314087762078	0.0172319264638261	8.10278192037794	7.66312609968091	6.09757355772434	6.28885789032341	7.23296017600828	7.3451168144153	1	1
MvSl-1064-A2-R4_A2g01438	MvSl-1064-A1-R4_A2	MAT	3184589	3185623	4.59530554096265	6.63661983916635	2.81722119209586	-3.81939864707049	3.78559690481555e-05	0.0185446076116019	0.0339798684849551	0.000170394568476044	0.0394549882106921	0.105828867510372	6.60593016582419	4.7466851328021	3.11375692647303	3.11375692647303	4.5436632405532	3.11375692647303	1	1
MvSl-1064-A2-R4_A2g01446	MvSl-1064-A1-R4_A2	MAT	3205571	3205876	11.4251137503647	1.44031989765468	1.78086069751722	0.340540799862543	9.65561581867782e-09	3.40655642899971e-12	0.174980551949553	7.56356572463096e-08	3.74721207189968e-11	0.345910503949224	12.4479020310803	12.0988627640426	10.9653485454251	10.7197847739745	10.483104245169	10.5333737516062	1	1
MvSl-1064-A2-R4_A2g01448	MvSl-1064-A1-R4_A2	MAT	3208501	3208976	8.44199837982286	1.5216873144164	1.99885457433772	0.477167259921323	1.45034858027342e-05	6.90870747013291e-08	0.201124382352794	6.94287237038294e-05	4.5792330282804e-07	0.368728034313455	9.64576444791633	9.0501749279062	7.65403286527156	8.085678719934	7.27909986179056	7.56210154357375	1	1
MvSl-1064-A2-R4_A2g01475	MvSl-1064-A1-R4_A2	MAT	3273786	3275036	8.50129445113479	1.16308581399264	0.506019370568305	-0.657066443424338	0.000290110647415275	0.111553292194503	0.0406553589110864	0.00111930749786341	0.188474026354765	0.122917079280887	9.09668894928787	8.89344759818736	8.02921912548769	7.68057889866026	8.45479921884216	8.54575577406776	1	1
MvSl-1064-A2-R4_A2g01479	MvSl-1064-A1-R4_A2	MAT	3279518	3279981	6.73637897054857	2.88773344938458	1.40115190577414	-1.48658154361044	3.26602751767501e-09	0.00173979817572243	0.00458220492827616	2.6802162327587e-08	0.00499708698249164	0.0207807012975331	7.76719530991025	7.82618882937228	4.99640720462562	5.38922813008979	6.17413861769827	6.7199528555078	1	1
MvSl-1064-A2-R4_A2g01481	MvSl-1064-A1-R4_A2	MAT	3281806	3282401	7.86375683610103	-1.37322522696662	-0.979848532316635	0.393376694649987	0.000332296502381704	0.0136115400736956	0.249959397991725	0.00126321538037751	0.0311379036199143	0.427910625038814	6.50884379736078	7.3241318173787	8.23418959992956	8.34907852371476	8.01114099267524	7.80842978640506	2	2
MvSl-1064-A2-R4_A2g01482	MvSl-1064-A1-R4_A2	MAT	3282483	3283010	9.47570874481672	-1.57549520114047	-1.27889049729908	0.296604703841386	8.83419192118693e-07	7.81356665629294e-05	0.317477915031962	5.13177216095915e-06	0.000313148369093291	0.496478900167674	8.26021241772344	8.49321930607644	9.96440011331631	9.90373394199899	9.81123968814727	9.44949933532168	2	2
MvSl-1064-A2-R4_A2g01483	MvSl-1064-A1-R4_A2	MAT	3283327	3283912	11.1193214422822	-0.964651644212402	-1.11251060216445	-0.147858957952045	0.000351032383272744	4.10599657563105e-05	0.572586342604718	0.00131509958081166	0.000172585384520427	0.745660300067101	10.4014886331201	10.2966220287869	10.9891322034387	11.5716689084042	11.4078229595538	11.505342237833	2	2
MvSl-1064-A2-R4_A2g01484	MvSl-1064-A1-R4_A2	MAT	3285286	3286579	9.60350925170541	-1.8499431161313	-2.30748995304682	-0.457546836915519	2.00943738681979e-08	3.62302148264129e-12	0.118051064871004	1.46321004082511e-07	3.90229605526155e-11	0.25861186668775	7.99935699084493	7.90129217006273	9.53748294967113	9.96174162288089	10.1829039565231	10.255681116847	2	2
MvSl-1064-A2-R4_A2g01485	MvSl-1064-A1-R4_A2	MAT	3286655	3287279	7.82781858310361	-2.81361046470786	-2.4138260843267	0.399784380381158	2.92687126640278e-10	1.71531772421622e-07	0.242689657763772	2.75125899041862e-09	1.01933248668941e-06	0.421042124375403	6.03802611450082	5.49305542726264	8.16904898223664	8.6057156256024	8.06480823969498	7.96898930772097	2	2
MvSl-1064-A2-R4_A2g01489	MvSl-1064-A1-R4_A2	MAT	3290499	3291386	15.4728008715613	0.900500156820024	1.5155963525263	0.615096195706278	0.0102732210936348	2.0586388150361e-05	0.0784501229436029	0.0264241557483045	8.94383417961062e-05	0.192221391288354	16.2012040336918	16.0823895411841	15.1053519545086	15.368007753994	14.492142969402	14.751607780944	1	1
MvSl-1064-A2-R4_A2g01496	MvSl-1064-A1-R4_A2	MAT	3298098	3298294	6.35035449210465	-1.65042830732224	-1.69139020084484	-0.0409618935226074	0.0099256326304427	0.0095623601173311	0.937266779119148	0.0256577603496944	0.0235416199079056	1	5.33458399057208	5.0404742153898	6.66835485258431	6.54384274945573	5.96423727374493	7.08961928521463	2	2
MvSl-1064-A2-R4_A2g01498	MvSl-1064-A1-R4_A2	MAT	3300463	3301692	9.8529700047007	-1.37117187291292	-0.040248502902457	1.33092337001046	5.34573454329327e-05	0.906846357989501	7.19184657139244e-05	0.000238253858524364	1	0.000599707206033853	8.7595023870371	9.57086903562703	10.7650107308694	10.3736448448801	9.33136238542727	9.19184233611587	2	2
MvSl-1064-A2-R4_A2g01539	MvSl-1064-A1-R4_A2	MAT	3385274	3385982	9.27381617849363	3.21230086354263	2.60198574806611	-0.610315115476525	6.82622725503124e-19	2.38675811945897e-13	0.0971023145614774	1.53441716993528e-17	3.08488486940072e-12	0.222195302850424	10.8006071208541	10.2398792479561	7.42210537455664	7.37378932944004	7.83700872079834	8.11345599511226	1	1
MvSl-1064-A2-R4_A2g01540	MvSl-1064-A1-R4_A2	MAT	3386449	3386788	5.85558086227792	2.07934977712656	3.09305542951056	1.01370565238399	0.00425406309887562	0.000183545212496917	0.244496793821483	0.0120843440775753	0.000668259682119058	0.421349474685689	5.89166464130039	7.66312609968091	5.38855891474641	5.03742334516175	4.5436632405532	4.44961854339828	1	1
MvSl-1064-A2-R4_A2g01541	MvSl-1064-A1-R4_A2	MAT	3386914	3387183	5.90033280646503	2.65193376227417	5.72637031690471	3.07443655463054	3.79020800285204e-05	1.9942497814375e-09	0.00661657831799338	0.000170394568476044	1.61097990156748e-08	0.0278111462634356	6.86323330341461	7.66312609968091	4.65955535130125	5.28121920625784	3.75970206774396	3.11375692647303	1	1
MvSl-1064-A2-R4_A2g01550	MvSl-1064-A1-R4_A2	MAT	3399843	3400036	4.6779111121465	-6.14055989185098	-2.40766498655073	3.73289490530025	0.000342661754113756	0.297693036850528	0.00145880539342613	0.00129311041515921	0.421946117816138	0.00802342966384372	3.11375692647303	3.11375692647303	5.13929950101204	5.83353613689966	3.75970206774396	3.11375692647303	2	2
MvSl-1064-A2-R4_A2g01551	MvSl-1064-A1-R4_A2	MAT	3400602	3400894	5.0482489132969	3.03055218846171	1.26531748507497	-1.76523470338674	0.00061978672406725	0.108253960235199	0.0627475677799576	0.00219472422152581	0.183499335874091	0.163017550463508	6.2925565079114	5.67528098043046	4.21929664976079	3.54589589354536	4.5436632405532	5.30171818947846	1	1
MvSl-1064-A2-R4_A2g01570	MvSl-1064-A1-R4_A2	MAT	3443558	3444743	11.1854189692254	1.96687160940105	0.908835028417992	-1.05803658098306	7.29867219445575e-11	0.00194970441761484	0.000361911814740278	7.70084392761964e-10	0.00553844606542238	0.00236846086355346	12.046638724138	11.8203611473775	9.58195436703767	10.2890275603377	11.25170988409	10.7734144803191	1	1
MvSl-1064-A2-R4_A2g01571	MvSl-1064-A1-R4_A2	MAT	3444795	3445097	7.82432358200933	2.0888243480483	0.29693570905099	-1.79188863899731	1.95987916298788e-08	0.383002065935722	1.22087782464453e-06	1.46321004082511e-07	0.514245280746268	1.31498715696088e-05	8.50641735691375	8.31241271519875	6.4662822887127	6.39631717001451	8.32884916203994	7.89094200663328	1	1
MvSl-1064-A2-R4_A2g01574	MvSl-1064-A1-R4_A2	MAT	3449068	3449912	7.8323896608411	-3.76954893375333	-2.29742940298176	1.47211953077157	6.07103734602429e-11	0.000138484971684453	0.00134559755814056	6.539013141447e-10	0.000526446546771047	0.00756167323433335	5.72876078214831	4.7466851328021	8.37081762550203	9.09477347948204	6.59476558357498	7.83646149124531	2	2
MvSl-1064-A2-R4_A2g01576	MvSl-1064-A1-R4_A2	MAT	3460083	3461198	10.2492202670163	3.70101517836544	2.27197475147775	-1.42904042688769	1.546795558648e-21	4.10054243968876e-10	0.000119494846340483	4.44274057678341e-20	3.59318718867642e-09	0.000936042963000451	11.2355480477716	11.7124087224988	7.30570676731824	8.22338156312756	9.55411348154531	8.83690330203645	1	1
MvSl-1064-A2-R4_A2g01581	MvSl-1064-A1-R4_A2	MAT	3473396	3474561	7.95619102186094	0.879322317054031	1.4780173653927	0.598695048338667	0.00794909018954514	3.40283787829758e-05	0.0916664917833191	0.0214045813958064	0.000146605598589987	0.213475568702594	8.45522129208216	8.77862572671478	7.65403286527156	7.87889046989283	7.03205743136477	7.3451168144153	1	1
MvSl-1064-A2-R4_A2g01592	MvSl-1064-A1-R4_A2	MAT	3504089	3505707	6.72528160108223	1.49179520131546	0.00917225955713327	-1.48262294175833	0.00136815126300056	0.983034211896596	0.000997334712966925	0.00444864278598296	1	0.00585934143868068	7.08151797708001	7.1502956207499	5.78619063115995	5.75495319512767	6.97713419078295	7.22301666717398	1	1
MvSl-1064-A2-R4_A2g01597	MvSl-1064-A1-R4_A2	MAT	3512419	3512649	4.08972135612224	-4.92063066445215	-3.25729142727861	1.66333923717354	0.00770851086018934	0.143171697616521	0.118785813672675	0.0208654456267952	0.234239771100447	0.259123483834485	3.11375692647303	3.11375692647303	4.65955535130125	4.57117390382962	3.75970206774396	3.70647688030895	2	2
MvSl-1064-A2-R4_A2g01603	MvSl-1064-A1-R4_A2	MAT	3524930	3525520	12.274678957064	-2.9816932938475	-2.16746270896322	0.814230584884276	1.05122086400296e-21	9.75591320247778e-13	0.00442584411655138	3.19694815699723e-20	1.17297840132117e-11	0.020421827011682	10.3533635210424	9.84264235995221	12.9756153310542	13.2000431884764	12.0050456182162	12.5086472412929	2	2
MvSl-1064-A2-R4_A2g01616	MvSl-1064-A1-R4_A2	MAT	3553425	3553947	8.61317034463742	-1.91108114780714	-3.95816969294835	-2.04708854514122	2.25370412027799e-05	4.61772726332976e-20	3.02263849561257e-09	0.000104032591980689	1.19368249757074e-18	3.81147342007732e-08	5.72876078214831	6.23563455386319	7.55552491929411	7.96868011951539	9.96734226223898	9.57958478156025	2	2
MvSl-1064-A2-R4_A2g01655	MvSl-1064-A1-R4_A2	MAT	3651159	3652583	10.3883958607564	1.35060271595251	1.71607215930821	0.365469443355705	7.33636943370601e-08	3.00756923696206e-11	0.152855893070289	4.86269615028975e-07	2.82711508274433e-10	0.31865522869895	11.2393359881074	11.1979408699614	9.87531798606659	9.87615368490165	9.51608824937324	9.51166799421354	1	1
MvSl-1064-A2-R4_A2g01659	MvSl-1064-A1-R4_A2	MAT	3658072	3658420	4.94032691308921	7.22711780480495	3.96982558114175	-3.2572922236632	4.30099754713803e-09	1.91185069233605e-05	0.0638769675326961	3.42094727980055e-08	8.37649837235373e-05	0.165051825502345	6.40474955728763	6.54760032690326	3.11375692647303	3.11375692647303	3.75970206774396	3.70647688030895	1	1
MvSl-1064-A2-R4_A2g01660	MvSl-1064-A1-R4_A2	MAT	3658473	3658671	4.93384092022335	5.20633314811745	3.92743320152429	-1.27889994659316	4.26709919186699e-07	4.55653409797094e-05	0.389736563489256	2.53573595654625e-06	0.000188458250292078	0.569191534813406	6.60593016582419	6.23563455386319	3.11375692647303	3.54589589354536	3.11375692647303	4.12537751991138	1	1
MvSl-1064-A2-R4_A2g01676	MvSl-1064-A1-R4_A2	MAT	3703262	3704013	9.69687680618239	3.27971904254484	2.22624853849746	-1.05347050404738	6.52688008750149e-24	7.82878154926795e-13	0.00119018656434323	2.41028357517019e-22	9.63685728802746e-12	0.00683696059739391	10.7430727519791	11.0613410505142	7.81172689697765	7.54703135803544	8.85584556048427	8.54575577406776	1	1
MvSl-1064-A2-R4_A2g01677	MvSl-1064-A1-R4_A2	MAT	3704056	3704652	4.48731727454118	4.35310307526937	2.52063689420495	-1.83246618106442	0.000477976274178799	0.0225243998954541	0.213013878786803	0.00174023756162281	0.0471462135463553	0.383415447838343	5.08802365842333	6.11460935776829	3.58252916129815	3.11375692647303	4.5436632405532	3.11375692647303	1	1
MvSl-1064-A2-R4_A2g01685	MvSl-1064-A1-R4_A2	MAT	3722329	3722894	10.8667700436983	1.76162979096507	1.60272061009039	-0.158909180874684	2.66468918830843e-09	6.34821839112599e-08	0.587602041925794	2.22200695218622e-08	4.26237520547031e-07	0.755697153421979	11.5511161984892	11.9409596251226	10.323655253918	9.60087427557633	10.2597018200824	10.0615287497274	1	1
MvSl-1064-A2-R4_A2g01689	MvSl-1064-A1-R4_A2	MAT	3727423	3728413	11.5184499749252	1.13442789004599	0.22790588811921	-0.906522001926785	3.40723608937829e-06	0.344255508250639	0.000190234907699525	1.8349386023006e-05	0.46960447959256	0.00134728009973499	11.7893714296612	11.9998152581275	10.8788752664683	10.6482135532376	11.7667712423023	11.5693806934156	1	1
MvSl-1064-A2-R4_A2g01691	MvSl-1064-A1-R4_A2	MAT	3730392	3730556	7.61817645707069	1.11159862101707	1.09278496222442	-0.0188136587926449	0.00305615385974204	0.00477365838361209	0.961483245491706	0.00908064106601515	0.0127215535274611	1	8.37485068922403	8.1678130962759	7.55552491929411	6.76045787226148	7.08496620637616	7.3451168144153	1	1
MvSl-1064-A2-R4_A2g01699	MvSl-1064-A1-R4_A2	MAT	3746727	3748518	9.61766477000666	0.982821160791327	0.393607265944974	-0.589213894846353	0.0032686713572016	0.235884405182083	0.0763254476392336	0.00960172211177969	0.346455220111184	0.190065002153858	10.3251250766426	9.66007131082372	8.85787969055305	9.2316507521711	9.42667988843299	9.82318282168941	1	1
MvSl-1064-A2-R4_A2g01702	MvSl-1064-A1-R4_A2	MAT	3751517	3752054	7.06670132938434	-2.1892458405035	-4.54033006922717	-2.35108422872366	0.00207058653575456	5.68820878832383e-14	2.26057445912749e-08	0.00637198356538753	8.16889984323173e-13	2.54068912036721e-07	4.79045923691204	3.87969287971631	6.02579942615664	6.1109860688087	7.95539997022392	8.52867582590007	2	2
MvSl-1064-A2-R4_A2g01703	MvSl-1064-A1-R4_A2	MAT	3752179	3752331	7.04585930534529	2.26899924998618	-3.77049429346222	-6.0394935434484	0.0148127272028936	2.82220225030331e-11	7.39126174401281e-21	0.0362946917720188	2.75297842152229e-10	2.24781313038507e-19	5.54509296768742	4.37735967579641	3.11375692647303	4.14775951663943	8.0909113228767	8.76579789354246	1	1
MvSl-1064-A2-R4_A2g01707	MvSl-1064-A1-R4_A2	MAT	3757436	3757846	4.43060476197318	-5.80212578273361	0	5.80212578273361	0.00146478793863111	1	0.000493506665363699	0.00467466274242151	1	0.00311149934137844	3.11375692647303	3.11375692647303	4.65955535130125	5.6718420428437	3.11375692647303	3.11375692647303	2	2
MvSl-1064-A2-R4_A2g01708	MvSl-1064-A1-R4_A2	MAT	3758404	3758689	6.31029121743631	-8.23191208392247	-4.9594896056828	3.27242247823967	4.14471280353386e-07	0.0137296500243977	0.000565020482749393	2.4916471156128e-06	0.0311724593663575	0.00347756654263615	3.11375692647303	3.11375692647303	5.38855891474641	8.22338156312756	4.81821117806819	4.44961854339828	2	2
MvSl-1064-A2-R4_A2g01709	MvSl-1064-A1-R4_A2	MAT	3758851	3759567	7.03640302407375	-2.09086672736118	0.30902355850255	2.39989028586373	0.000896853747394267	0.657875523080036	0.000131767839108349	0.00307068468478699	0.805975463109902	0.00099374344247212	5.72876078214831	6.23563455386319	7.04027399035296	8.5012642814344	6.35734389832423	4.7141928441488	2	2
MvSl-1064-A2-R4_A2g01714	MvSl-1064-A1-R4_A2	MAT	3770641	3771216	9.71043636906805	-1.61425354158263	-1.4404399417714	0.173813599811232	2.26324087708377e-07	4.56084593988001e-06	0.546364427431785	1.40975365476182e-06	2.16326362469538e-05	0.722430713509548	8.62698212796199	8.44383046384287	9.96440011331631	10.2785317113327	9.79545258633504	10.1025058234932	2	2
MvSl-1064-A2-R4_A2g01718	MvSl-1064-A1-R4_A2	MAT	3777566	3778113	9.80937234830483	-1.59922762063261	-2.11325428508967	-0.514026664457058	2.20596554556438e-05	2.84874203606668e-08	0.142233090381074	0.000102746323158269	2.01753374335134e-07	0.301370933307439	8.3186699157841	8.36642462490861	9.78037119104066	10.042535154387	9.85759019749424	10.8337621134057	2	2
MvSl-1064-A2-R4_A2g01723	MvSl-1064-A1-R4_A2	MAT	3793945	3794673	8.03405740555901	-0.990594743517952	-1.90476712041196	-0.914172376894006	0.0132145286821267	1.33145765936585e-06	0.00785626804283547	0.0326885709505241	7.09653206074377e-06	0.0322356395090947	6.50884379736078	7.21059856188909	7.85378811531976	7.84134916845872	8.45479921884216	8.96939234693867	2	2
MvSl-1064-A2-R4_A2g01730	MvSl-1064-A1-R4_A2	MAT	3813478	3813972	7.4876346751254	-5.9331441839342	-2.79075023258539	3.14239395134881	2.27931971910909e-19	0.00157267718814325	2.64982941697321e-12	5.35640133990636e-18	0.00456783205769698	4.72400623646603e-11	3.90646337539499	3.87969287971631	8.38522961615106	8.97854055142082	5.42216103452088	6.04073078641844	2	2
MvSl-1064-A2-R4_A2g01733	MvSl-1064-A1-R4_A2	MAT	3820294	3821497	12.024890996882	-1.09479809081902	-0.460386529957831	0.63441156086119	0.000948188440866048	0.162132988481367	0.05256851553836	0.00322508831531412	0.25791616936882	0.143798531922392	10.9421298668212	11.8008790442847	12.7338066044394	12.2867684270509	11.5533816012771	12.1689071201475	2	2
MvSl-1064-A2-R4_A2g01740	MvSl-1064-A1-R4_A2	MAT	3833778	3834725	11.9623687413849	-0.6106857252831	-0.751248075783367	-0.140562350500267	0.0119611671952274	0.00206660821190399	0.557532663955731	0.0298740262798674	0.0057718633780253	0.731310002700514	11.5842577437226	11.353132607257	12.1490568855054	12.0126700040346	12.218396122747	12.2269755434082	2	2
MvSl-1064-A2-R4_A2g01748	MvSl-1064-A1-R4_A2	MAT	3847031	3847750	4.85087237074951	4.29363259846253	4.66575280722077	0.372120208758241	2.14671916158394e-05	4.25271618858163e-05	0.809607215130324	0.000100895800594445	0.000177310828185218	0.907954295493226	6.69689301187728	5.83704955838672	3.11375692647303	3.87798840270851	3.11375692647303	3.70647688030895	1	1
