gid	gname	chr	start	end	logCPM	logFC.water.rich	logFC.water.diploid	logFC.rich.diploid	PV.water.rich	PV.water.diploid	PV.rich.diploid	FDR.water.rich	FDR.water.diploid	FDR.rich.diploid	water1	water2	rich1	rich2	di1	di2	average	ward.D
MvSl-1064-A2-R4_A2g00149	MvSl-1064-A1-R4_A2	MAT	337797	338222	11.3213458422934	1.78884204666775	1.12386064960305	-0.664981397064693	2.02885298786315e-12	7.10984777602273e-06	0.00802259860902566	2.68953075570576e-11	3.25291265504757e-05	0.0326589250461911	12.3015923318529	11.8796004445903	10.2780452141895	10.3670551300206	10.9397054886894	11.0285922705117	1	1
MvSl-1064-A2-R4_A2g00155	MvSl-1064-A1-R4_A2	MAT	349696	351551	14.7213771518139	-3.10072489851168	-1.12772088892259	1.97300400958909	9.31924263708261e-19	0.000595965919277716	3.83997128055777e-09	2.00752018473821e-17	0.0019019406189295	4.61689570243807e-08	12.6363740745374	12.855691234861	15.9623670811673	15.726978327003	13.9697358221222	13.7780394775486	2	2
MvSl-1064-A2-R4_A2g00156	MvSl-1064-A1-R4_A2	MAT	352283	352621	9.27197939055131	-1.54106854183459	0.505243230960422	2.04631177279501	0.00249193047973691	0.327179352197263	7.59349615332903e-05	0.00749027940711617	0.448678315877944	0.000623148811312875	7.14750984527376	9.3473788993308	10.1146721931957	10.1954215410587	8.19084246781072	8.09036061788473	2	2
MvSl-1064-A2-R4_A2g00159	MvSl-1064-A1-R4_A2	MAT	358917	359140	8.66507304461589	3.77111263410799	5.12256819796097	1.35145556385298	4.6964378108625e-21	6.96287092210477e-28	0.00927855279125292	1.21402917410796e-19	2.9470623064343e-26	0.0357985954707296	9.98050110544226	10.3377609121277	6.09757355772434	6.83874952311778	5.04877165571176	5.59215562254963	2	2
MvSl-1064-A2-R4_A2g00166	MvSl-1064-A1-R4_A2	MAT	383269	384665	8.85808413258178	2.56793630315429	0.800197232616543	-1.76773907053775	1.10298018609285e-12	0.0169475519178949	8.85054292492688e-07	1.54119123300001e-11	0.0370334729734601	9.73559721741957e-06	9.42406737490654	9.88025688818733	6.96551519945528	7.34725060781612	9.02784844258469	8.72138927221786	1	1
MvSl-1064-A2-R4_A2g00167	MvSl-1064-A1-R4_A2	MAT	385448	386018	7.42275618323978	-2.33611029620525	-0.755215961726308	1.58089433447894	1.87810189423001e-07	0.131435442984014	6.97008386457215e-05	1.18412034063039e-06	0.218495575635804	0.000590743173439967	6.2925565079114	5.83704955838672	7.93440135630771	8.53692828510558	6.92003699327468	6.5942477650845	2	2
MvSl-1064-A2-R4_A2g00173	MvSl-1064-A1-R4_A2	MAT	401042	401334	10.4363359234326	0.184902060599158	1.24150115463914	1.05659909403998	0.459916652925827	1.92621796303808e-06	3.99536524416308e-05	0.584218451013888	9.95854686890685e-06	0.000356138591591778	10.8852423996565	10.7469943995995	10.6353672307825	10.6318148730414	9.67982366758611	9.48535162402557	2	2
MvSl-1064-A2-R4_A2g00174	MvSl-1064-A1-R4_A2	MAT	401533	401897	12.3852963821506	-0.449486250362635	1.15742076435111	1.60690701471375	0.0746850968571734	6.95157344105407e-06	5.35674836335674e-10	0.135481386228627	3.20889595448657e-05	7.10112539450111e-09	12.4802738367504	12.472721392137	13.0322308058979	12.8102528133352	11.2603613971962	11.3800034534104	2	2
MvSl-1064-A2-R4_A2g00175	MvSl-1064-A1-R4_A2	MAT	403800	403973	6.53514454451484	-3.4305063202391	-1.24209217523698	2.18841414500212	1.73793344291816e-07	0.116017050906657	4.70750393500682e-05	1.10927356788727e-06	0.194742906879031	0.000412505005830259	4.41513525817813	4.7466851328021	7.74624240707773	7.20669962098159	5.96423727374493	4.93768418498214	2	2
MvSl-1064-A2-R4_A2g00189	MvSl-1064-A1-R4_A2	MAT	422636	426797	12.8447649334863	-1.26487185859325	-0.431700814997633	0.833171043595619	8.80808456201121e-05	0.176133517718666	0.00900143412763196	0.000370225993378845	0.275942511092577	0.0352556169998919	11.9296051831579	12.3936435443903	13.6573424676443	13.1930744493147	12.2649964688019	12.8900953993088	2	2
MvSl-1064-A2-R4_A2g00190	MvSl-1064-A1-R4_A2	MAT	427011	427244	8.38263517146067	-1.3165064000511	-0.214961288237862	1.10154511181324	0.00101880244006295	0.605472748693449	0.00446357147450689	0.0034397777200121	0.754287737528947	0.020421827011682	7.76719530991025	7.7056519251537	9.41640564317426	8.47698887264069	8.14174196364501	7.72091062553756	2	2
MvSl-1064-A2-R4_A2g00191	MvSl-1064-A1-R4_A2	MAT	427669	428365	11.0479634408939	1.70998009679794	0.426303882957406	-1.28367621384054	6.76682566591303e-05	0.307238497878857	0.0025011892053858	0.000296478717735342	0.423579475742317	0.0129311481918446	10.6550646996856	12.1689265550514	10.2068069889571	9.51406541523701	10.8160571503045	11.4655087585105	1	1
MvSl-1064-A2-R4_A2g00214	MvSl-1064-A1-R4_A2	MAT	478565	478873	9.54185229081978	0.716241459985011	-1.08228815749841	-1.79852961748342	0.0272918425725892	0.000645028643887267	1.66699194099443e-08	0.0592852210505405	0.00203341346883974	1.91518851887583e-07	9.28438618912483	9.19153226232223	8.79450290714913	8.22338156312756	10.1829039565231	10.4267773665505	1	1
MvSl-1064-A2-R4_A2g00224	MvSl-1064-A1-R4_A2	MAT	497925	498122	7.69927303630296	0.938271451296842	-0.180055369222716	-1.11832682051956	0.0312418605981769	0.67117806334049	0.00849940358285897	0.0664693083508538	0.818394006478853	0.0339555226313124	8.10278192037794	7.66312609968091	7.30570676731824	6.63442743198923	8.47476192903619	7.52812876222803	1	1
MvSl-1064-A2-R4_A2g00233	MvSl-1064-A1-R4_A2	MAT	510742	511356	7.91934339223406	1.90554374871553	-4.4015184101993	-6.30706215891483	0.0161382612721173	4.39647230860312e-20	3.0270502495406e-33	0.0386272272115029	1.19368249757074e-18	2.60830829835415e-31	5.33458399057208	5.28443966949091	3.11375692647303	4.57117390382962	9.24100256506263	9.53751291138476	1	1
MvSl-1064-A2-R4_A2g00252	MvSl-1064-A1-R4_A2	MAT	550433	551245	6.11462605019756	-1.42636675422619	0.306621682269713	1.7329884364959	0.0167903641707478	0.66293529901259	0.00306166409551978	0.0400028491994315	0.810254254348721	0.0152200032440743	6.03802611450082	4.7466851328021	6.75968176463946	6.80013472039565	5.24751257020298	5.30171818947846	2	2
MvSl-1064-A2-R4_A2g00271	MvSl-1064-A1-R4_A2	MAT	588039	588824	7.5731160775076	-0.801356510075887	-1.98408763697901	-1.18273112690312	0.135800857744917	0.000190812995746749	0.0138872596210734	0.225028985429878	0.000685071658340759	0.049515263614448	5.72876078214831	6.95260623233791	6.4110096675741	7.72248202867714	8.01114099267524	8.62824796298772	1	1
MvSl-1064-A2-R4_A2g00282	MvSl-1064-A1-R4_A2	MAT	617938	618266	9.06432786110402	-3.74136231221655	-2.80417107377276	0.937191238443798	2.87980415572265e-18	1.10210768184614e-10	0.00632983464644951	5.7263798019562e-17	9.99631002656938e-10	0.0270456571257388	6.50884379736078	6.11460935776829	9.93040760240328	9.91281142434334	8.60726326385225	9.29645539104775	2	2
MvSl-1064-A2-R4_A2g00285	MvSl-1064-A1-R4_A2	MAT	619988	620268	7.8422058279177	2.75095333352394	-7.50752616423921	-10.2584794977632	0.142535079473487	1.3153273354646e-28	8.70264926552007e-41	0.231731560024506	7.55582480483556e-27	1.12481741756847e-38	3.90646337539499	3.11375692647303	3.11375692647303	3.11375692647303	9.27555408978447	9.49417719280883	1	1
MvSl-1064-A2-R4_A2g00317	MvSl-1064-A1-R4_A2	MAT	689526	690227	6.92866776967863	1.29158017394756	-4.66394495788958	-5.95552513183715	0.225350207182321	4.26376083558096e-15	2.2490819855863e-23	0.328186076375379	7.11085274837212e-14	8.30553847534371e-22	4.41513525817813	4.37735967579641	3.58252916129815	3.87798840270851	8.49445217905691	8.28600537155098	1	1
MvSl-1064-A2-R4_A2g00359	MvSl-1064-A1-R4_A2	MAT	789050	790537	12.1963873261705	-2.47185382279755	-1.06918419037466	1.40266963242289	4.70991594329939e-16	0.000288124588953561	1.4487697940203e-06	8.11675514228595e-15	0.000993069416593273	1.49802796701699e-05	10.7377267682235	10.5969285723308	12.8098960614611	13.3996890336853	11.4787349898422	11.9506354194926	2	2
MvSl-1064-A2-R4_A2g00361	MvSl-1064-A1-R4_A2	MAT	790960	791484	6.191103863144	-1.97718287861077	-3.27948865231076	-1.30230577369999	0.00880318835426558	2.58724773050498e-06	0.00853813915294122	0.0232206549956903	1.29864764725347e-05	0.0339555226313124	4.41513525817813	4.37735967579641	5.60103090296026	6.1109860688087	7.08496620637616	7.04226413471125	1	1
MvSl-1064-A2-R4_A2g00362	MvSl-1064-A1-R4_A2	MAT	791527	791997	7.1636748069818	-2.02048930691408	-5.17575548362162	-3.15526617670754	0.0109265043243577	3.27251723058521e-17	1.46867028601437e-13	0.0276911898808477	7.04954753421897e-16	2.81223162173862e-12	3.90646337539499	4.37735967579641	5.13929950101204	5.90805890555209	8.57063102746026	8.4401045331639	1	1
MvSl-1064-A2-R4_A2g00390	MvSl-1064-A1-R4_A2	MAT	858779	859620	10.4667926207067	3.38357053409215	2.25425621855482	-1.12931431553733	6.97897547767882e-33	5.90417304024028e-17	4.99136858947087e-05	5.15447188851422e-31	1.22098298472169e-15	0.000430089593459407	11.7447645783528	11.6209368035462	8.39949905916065	8.2665089031449	9.54470071954512	9.33626514032871	1	1
MvSl-1064-A2-R4_A2g00401	MvSl-1064-A1-R4_A2	MAT	880177	881419	12.1462119690691	0.588064931834343	-0.550517480310886	-1.13858241214523	0.0230616720089598	0.0328261483914318	1.15343390052394e-05	0.0509524975582573	0.0657795299161637	0.000110430616031643	12.0976102285157	12.0747310691325	11.6848422362174	11.2875218646153	12.7649781710922	12.4944222581145	1	1
MvSl-1064-A2-R4_A2g00402	MvSl-1064-A1-R4_A2	MAT	882526	883458	8.79082776159714	3.08146392255795	-0.148584571726858	-3.23004849428481	1.91860902874975e-13	0.682609177068956	8.36424841257264e-15	2.83405962246748e-12	0.826582381523737	1.72972657172002e-13	8.9747458665162	9.47578573413928	6.71474084632553	5.75495319512767	9.15701102208812	9.59607590432147	1	1
MvSl-1064-A2-R4_A2g00426	MvSl-1064-A1-R4_A2	MAT	943870	944171	7.59202069155171	1.33651990868988	-4.36415938857085	-5.70067929726073	0.10125855834435	1.32522400698463e-16	9.73292047593349e-26	0.175327689414107	2.63515696773483e-15	4.19326657171468e-24	5.33458399057208	4.7466851328021	4.21929664976079	4.14775951663943	8.62523637960006	9.37500581288044	1	1
MvSl-1064-A2-R4_A2g00436	MvSl-1064-A1-R4_A2	MAT	965155	966128	5.44307071650054	-0.195543182256537	2.15061713451176	2.3461603167683	0.781834062004968	0.0176537195708758	0.00568088372096434	0.890326453869094	0.0383486261266505	0.0251027084080219	5.33458399057208	5.98249414802178	6.23122328370897	5.38922813008979	4.5436632405532	3.70647688030895	2	2
MvSl-1064-A2-R4_A2g00502	MvSl-1064-A1-R4_A2	MAT	1064673	1065546	9.93438870222676	-2.60580823483245	-1.33133468967787	1.27447354515458	7.87101134303527e-12	0.000420126886115038	0.000297405794054286	1.01732821608731e-10	0.0013747189881106	0.00199686747436449	8.3186699157841	8.19791573376227	10.5483950153413	11.0694452160026	9.96734226223898	9.01915904250924	2	2
MvSl-1064-A2-R4_A2g00503	MvSl-1064-A1-R4_A2	MAT	1065697	1066723	9.21038801340177	-2.53365260229382	-1.52925811813466	1.00439448415916	5.72087388459763e-11	8.832483659154e-05	0.00384489991279888	6.2929612730574e-10	0.000351261080906355	0.0182368188524497	7.38488598446531	7.66312609968091	9.67287064441905	10.2855374214726	9.20560320931813	8.8088802642105	2	2
MvSl-1064-A2-R4_A2g00504	MvSl-1064-A1-R4_A2	MAT	1066834	1067992	9.27708332243985	-2.29375575560745	-1.24613684145575	1.0476189141517	3.00834111670502e-08	0.00266367516972815	0.00624412738600902	2.14036495785734e-07	0.00736427841042488	0.0269017821547222	7.72459150998776	7.90129217006273	9.73044685520683	10.340391087098	9.43689220822982	8.4761881480873	2	2
MvSl-1064-A2-R4_A2g00509	MvSl-1064-A1-R4_A2	MAT	1080435	1081324	8.14818536630433	-0.0573466804834552	-1.12058369835113	-1.06323701786768	0.89202160733137	0.00724310655375487	0.00763233177530261	0.983315929616883	0.0184467294989718	0.0315673242226516	7.76719530991025	7.57411844519025	8.10082747658316	7.23592661383925	8.32884916203994	9.09073114141778	1	1
MvSl-1064-A2-R4_A2g00542	MvSl-1064-A1-R4_A2	MAT	1144215	1145057	10.9185926225989	-0.177378590951254	-0.969397053034017	-0.792018462082763	0.486425531820773	0.000151284942533925	0.00157011737411632	0.614870415528948	0.000570907410876201	0.00836856373626944	10.6089619358718	10.3241778781947	10.7202381051631	10.5757659702195	11.5995687343669	11.2583563197889	1	1
MvSl-1064-A2-R4_A2g00550	MvSl-1064-A1-R4_A2	MAT	1155317	1156000	9.91291778502976	-1.15795648115074	-1.90771196476219	-0.74975548361145	0.000250805059351114	2.21550067238982e-09	0.0112327140008597	0.000974933952515231	1.76217515019314e-08	0.0414808081317463	8.42892545173963	8.92977681236433	9.92548548150643	9.76023683569423	10.74796842896	10.4128815047565	1	1
MvSl-1064-A2-R4_A2g00554	MvSl-1064-A1-R4_A2	MAT	1160864	1161754	8.3734314504209	-0.860062320129644	1.1024034718387	1.96246579196835	0.0318504064001213	0.0113362669829115	3.01103424958261e-06	0.0674863119215686	0.0268846331658956	3.05236217065531e-05	7.54035671284087	8.67542541474378	8.75065016172596	9.31618166991752	7.23296017600828	7.08961928521463	2	2
MvSl-1064-A2-R4_A2g00572	MvSl-1064-A1-R4_A2	MAT	1205655	1206504	7.83682536146803	-4.63240159845455	-3.70071561201431	0.931685986440239	2.19275123912203e-17	2.24452334244977e-10	0.00861202347610926	4.19871255787441e-16	2.00072166904574e-09	0.0339879094438816	5.08802365842333	3.87969287971631	8.39949905916065	8.88938179260151	7.74136905217033	7.77984261217	2	2
MvSl-1064-A2-R4_A2g00623	MvSl-1064-A1-R4_A2	MAT	1329055	1329495	4.12979756218455	-1.98528674076905	-5.63324723737844	-3.64796049660939	0.375662930309317	0.00568962952589457	0.00960496393251669	0.493790258748971	0.0147816003260678	0.0367834544674898	3.11375692647303	3.11375692647303	3.58252916129815	3.11375692647303	5.84659931656025	3.70647688030895	1	1
MvSl-1064-A2-R4_A2g00625	MvSl-1064-A1-R4_A2	MAT	1335133	1335486	10.6857667515911	-4.91535035746957	-3.13571671749915	1.77963363997042	9.0431585586728e-23	5.08955657193663e-11	1.97383228424449e-05	2.92207060927115e-21	4.69875133516292e-10	0.000182227016241858	6.93972379509448	7.0873617173818	10.8531857853737	12.4216618909722	9.8190689250573	10.2814012061179	2	2
MvSl-1064-A2-R4_A2g00627	MvSl-1064-A1-R4_A2	MAT	1337297	1338622	9.15808121760614	-2.58905959546944	-5.09648841253087	-2.50742881706143	3.40908176306831e-08	2.90858163564113e-30	1.30374176483217e-13	2.38175036690043e-07	2.50622784271077e-28	2.59244035545473e-12	5.08802365842333	5.98249414802178	7.87436763249397	8.085678719934	10.407227481751	10.4987094299809	1	1
MvSl-1064-A2-R4_A2g00628	MvSl-1064-A1-R4_A2	MAT	1339386	1339705	5.92564253106418	-2.24854646675893	-4.10976183588291	-1.86121536912398	0.0180629528960022	7.15716545142749e-07	0.000865208700506742	0.0424479393056051	3.89500477725054e-06	0.0051415275650803	3.90646337539499	3.87969287971631	4.99640720462562	5.58364873635161	6.97713419078295	6.94261899031198	1	1
MvSl-1064-A2-R4_A2g00631	MvSl-1064-A1-R4_A2	MAT	1343145	1343477	3.94183703210423	4.18194336762031	-0.579118033835754	-4.76106140145607	0.0176332074046317	0.626357099784743	0.00355997811906967	0.0418182028816266	0.776562639301468	0.0172319264638261	3.90646337539499	4.37735967579641	3.11375692647303	3.11375692647303	5.04877165571176	3.70647688030895	1	1
MvSl-1064-A2-R4_A2g00637	MvSl-1064-A1-R4_A2	MAT	1353677	1354074	11.7001124359951	-0.813955907939416	0.482103609126217	1.29605951706563	0.0124726190964068	0.140522047776267	8.1226767928868e-05	0.0310016541963574	0.230634599048666	0.000656159984675386	11.0452664700725	11.8227780156226	12.6134881709993	11.8950682530165	11.195678214829	10.7878426992551	2	2
MvSl-1064-A2-R4_A2g00648	MvSl-1064-A1-R4_A2	MAT	1380922	1381843	11.4373797008424	0.945785608291763	-8.18049329738752	-9.12627890567929	0.181367138243619	1.62327761913792e-90	3.11517008245435e-110	0.278239793685315	8.39234529094303e-88	1.6105429326289e-107	5.33458399057208	5.0404742153898	4.21929664976079	4.74388042717658	13.0869527447387	12.9329190371913	1	1
MvSl-1064-A2-R4_A2g00652	MvSl-1064-A1-R4_A2	MAT	1390096	1391635	10.255133609961	-0.0220434908635654	-9.07122083921143	-9.04917734834786	0.984916623415713	1.74940956626904e-48	1.42734782435178e-56	1	4.52222372880546e-46	3.68969412594934e-54	3.90646337539499	3.87969287971631	3.11375692647303	4.37494468529484	11.308430171149	12.2069834802722	1	1
MvSl-1064-A2-R4_A2g00664	MvSl-1064-A1-R4_A2	MAT	1413318	1416817	10.7785291304416	0.346539309523517	-3.02346694288035	-3.37000625240387	0.227351054458971	5.76567237906775e-26	2.80158808689195e-32	0.329245084468594	2.12918044284145e-24	1.81052630115392e-30	9.31342531124006	8.77862572671478	8.64681819962622	8.80413802120305	11.9544054899116	12.1826214696124	1	1
MvSl-1064-A2-R4_A2g00683	MvSl-1064-A1-R4_A2	MAT	1454355	1454977	7.59660136499429	0.583507715600468	-0.482293849172487	-1.06580156477295	0.124555399872422	0.189518235099002	0.00284112729906254	0.209756162000137	0.293356070497557	0.0142608040156828	7.88794111662086	7.21059856188909	7.14561510470333	6.91301027999482	7.95539997022392	8.13618746800678	1	1
MvSl-1064-A2-R4_A2g00685	MvSl-1064-A1-R4_A2	MAT	1457173	1457415	13.5809506352019	-1.0794025080226	0.520674192446416	1.60007670046902	0.0039777120545794	0.162025910117995	2.50448497136905e-05	0.0114248729567642	0.25791616936882	0.000227161180736456	12.8396871645994	13.5451829385485	14.5261996475916	14.0651148923997	13.0926158661771	12.202951606689	2	2
MvSl-1064-A2-R4_A2g00688	MvSl-1064-A1-R4_A2	MAT	1464767	1464975	10.8571650713477	1.53326765031281	2.70696286149131	1.1736952111785	2.50119282353442e-10	1.8814481609126e-25	3.55531603153751e-06	2.3946605366061e-09	6.48472466127877e-24	3.53480459289402e-05	11.9505524419338	11.776150520219	10.3966069999184	10.2785317113327	9.1936077362625	9.15891974284835	2	2
MvSl-1064-A2-R4_A2g00689	MvSl-1064-A1-R4_A2	MAT	1465769	1465982	7.39113049699175	-0.780995093003143	-6.10083084616649	-5.31983575316335	0.468748374984836	2.99496292533017e-21	3.44483403548595e-25	0.593977720262647	9.10821077879824e-20	1.36998399718941e-23	4.41513525817813	3.11375692647303	3.93576293256661	4.57117390382962	8.6605245166696	9.06726609520467	1	1
MvSl-1064-A2-R4_A2g00696	MvSl-1064-A1-R4_A2	MAT	1477968	1478285	9.9907631884109	-4.20742158635544	-1.40784690761361	2.79957467874183	3.24709191303806e-32	0.000120166829131943	4.19122278181394e-19	2.09843314880085e-30	0.000460194449342331	1.203812321221e-17	7.08151797708001	7.21059856188909	11.0671837997759	11.4568916434106	8.51387730619541	8.49389706719081	2	2
MvSl-1064-A2-R4_A2g00697	MvSl-1064-A1-R4_A2	MAT	1478454	1479989	18.7595621875613	-9.00763776219734	-5.92551049170399	3.08212727049335	3.35229302347589e-50	4.01148936597197e-29	2.44826699193097e-11	4.33283873284259e-48	2.59242500275938e-27	3.95548135883847e-10	11.2618571185245	11.0897153339716	20.0944217581262	20.2624516871254	17.1368169187082	17.0598133294013	2	2
MvSl-1064-A2-R4_A2g00707	MvSl-1064-A1-R4_A2	MAT	1504851	1505054	6.71869870925484	-0.0239449447600148	1.20711773577699	1.23106268053701	0.956424565318054	0.0164911852517686	0.00912896677974317	1	0.0363138275088947	0.0354862843994528	7.21061468565967	6.72346051030282	6.88666976489105	7.11528872160623	5.7185106536739	6.04073078641844	2	2
MvSl-1064-A2-R4_A2g00712	MvSl-1064-A1-R4_A2	MAT	1511168	1511455	8.2172115140602	0.0124536699037649	-1.00127295007699	-1.01372661998075	0.97259755506876	0.00494298509625384	0.00264632261370439	1	0.0131052476654525	0.0135460276364868	7.92604382484828	7.7056519251537	7.47696247635456	8.06953441767111	8.793631116732	8.79466194550388	1	1
MvSl-1064-A2-R4_A2g00727	MvSl-1064-A1-R4_A2	MAT	1547424	1547951	9.96937158030911	0.414633941451196	-0.657401673008571	-1.07203561445977	0.169650106541606	0.028410313752038	0.000317134765111787	0.264982190580091	0.0576005184698181	0.00210203427644607	9.76618150239522	9.88025688818733	9.10427590431336	9.66674630869096	10.5219971049518	10.4313797358574	1	1
MvSl-1064-A2-R4_A2g00739	MvSl-1064-A1-R4_A2	MAT	1566368	1567059	11.9784404744265	-6.51571050775942	-3.13228005770422	3.38343045005521	2.87551926285386e-61	2.73513431594527e-17	4.63741470065802e-26	7.43321729447724e-59	6.14810626671177e-16	2.17958490930927e-24	7.14750984527376	6.80395475986214	12.987471843334	13.7281511105771	10.1209151711565	9.93759919296573	2	2
MvSl-1064-A2-R4_A2g00740	MvSl-1064-A1-R4_A2	MAT	1567430	1567678	12.4515427876357	-8.36869625471061	-4.57970450653875	3.78899174817185	5.05182932441942e-82	7.41040812062783e-28	2.50685524084687e-32	2.61179576072484e-79	2.9470623064343e-26	1.81052630115392e-30	5.33458399057208	6.11460935776829	13.6292378938234	14.1663143277456	10.1272352887116	10.159096418469	2	2
MvSl-1064-A2-R4_A2g00751	MvSl-1064-A1-R4_A2	MAT	1591856	1592067	3.75688553407526	-4.42261182038396	0	4.42261182038396	0.0257938265277335	1	0.0131386926671537	0.0565059674357551	1	0.0475014273350943	3.11375692647303	3.11375692647303	4.21929664976079	4.37494468529484	3.11375692647303	3.11375692647303	2	2
MvSl-1064-A2-R4_A2g00758	MvSl-1064-A1-R4_A2	MAT	1608378	1608889	10.0724045238343	2.15899164343761	-2.43042293005809	-4.5894145734957	1.04492518198052e-09	2.66339856807484e-14	6.41835325591323e-38	9.00377198473218e-09	4.0499325285138e-13	6.63657726661428e-36	8.7595023870371	9.11471587627477	7.14561510470333	6.54384274945573	11.1866287377068	11.5140467246673	1	1
MvSl-1064-A2-R4_A2g00760	MvSl-1064-A1-R4_A2	MAT	1610153	1610348	4.44394350090977	-3.01649709312697	2.74699217212964	5.7634892652566	0.0178868139974195	0.202665329320466	0.00047656623135551	0.0422259490258716	0.31091387317116	0.00307980927013498	3.11375692647303	3.87969287971631	5.60103090296026	4.74388042717658	3.11375692647303	3.11375692647303	2	2
MvSl-1064-A2-R4_A2g00784	MvSl-1064-A1-R4_A2	MAT	1652423	1653893	11.5111037435926	-0.0138945978102366	0.812625091541645	0.826519689351882	0.95271617689671	0.000665730742006178	0.000484141585733982	1	0.00208595632495269	0.00309013826943789	11.6166550275737	11.8324052024742	11.6993330001385	11.7844366166704	10.8584617254719	10.9760087662562	2	2
MvSl-1064-A2-R4_A2g00809	MvSl-1064-A1-R4_A2	MAT	1708488	1708969	6.6850573881595	-0.028204866553459	-4.33087028371871	-4.30266541716525	0.976352399906804	1.91958445039008e-09	2.2146460515056e-11	1	1.57527803309789e-08	3.69345809234966e-10	3.90646337539499	4.7466851328021	4.21929664976079	4.57117390382962	7.36717520055933	8.52867582590007	1	1
MvSl-1064-A2-R4_A2g00840	MvSl-1064-A1-R4_A2	MAT	1773353	1773866	10.6290076869958	1.58011492581382	0.903942150068425	-0.676172775745397	4.60160810994989e-10	0.00029987630132834	0.00729659410569017	4.1017782635243e-09	0.00101997399859705	0.0304220899406598	11.2729872042611	11.3631298963435	9.8495645143329	9.63966418541981	10.4978122107625	10.3364213807558	1	1
MvSl-1064-A2-R4_A2g00843	MvSl-1064-A1-R4_A2	MAT	1782285	1783322	11.4248015449871	1.06028873396201	-1.10007029937959	-2.16035903334159	1.10992540487927e-05	3.55390406860461e-06	7.77753752136123e-19	5.51760994540946e-05	1.73336641836659e-05	2.1163088939704e-17	11.0879067502611	11.2201123057225	10.1614749663792	10.0383938010173	12.2863328054367	12.219011931871	1	1
MvSl-1064-A2-R4_A2g00848	MvSl-1064-A1-R4_A2	MAT	1789098	1789286	5.34071971647509	-2.65714339967703	-0.302927930139763	2.35421546953726	0.00138260159549252	0.780293587924976	0.00153490203145686	0.0044675314054352	0.904510728603615	0.00826608698190832	4.41513525817813	3.87969287971631	6.02579942615664	6.23196958987485	4.5436632405532	4.12537751991138	2	2
MvSl-1064-A2-R4_A2g00906	MvSl-1064-A1-R4_A2	MAT	1932492	1934423	11.4836261148853	-0.97455974720564	-0.345766079284191	0.628793667921449	9.14158182187831e-05	0.165941233852934	0.0103978336379454	0.000381144984025087	0.261873149760445	0.0389542028320127	11.1656072614536	10.7772166497688	11.8614503246792	12.0439918775074	11.2488144787065	11.403617241013	2	2
MvSl-1064-A2-R4_A2g00911	MvSl-1064-A1-R4_A2	MAT	1942113	1942412	7.69556887400584	0.810355639308714	-0.60648991084678	-1.41684555015549	0.0462678402601846	0.118779780077577	0.000240845967227844	0.093075772040916	0.198735101294846	0.0016602315340906	7.96316605044054	7.3241318173787	7.14561510470333	6.63442743198923	8.49445217905691	7.99409418846238	1	1
MvSl-1064-A2-R4_A2g00929	MvSl-1064-A1-R4_A2	MAT	1982422	1983799	11.9243828322094	3.12260905719851	2.3260473073527	-0.79656174984581	5.47398877424239e-29	8.45492629810611e-18	0.00269520670688358	2.83005219628332e-27	1.98690768005494e-16	0.0136609987005766	13.3493743404443	12.8509627402778	10.0796540963223	9.93525834963697	10.7884086810152	10.8127499964961	1	1
MvSl-1064-A2-R4_A2g00945	MvSl-1064-A1-R4_A2	MAT	2022358	2024079	10.4653110575934	-1.25202045650774	-0.0408130583400954	1.21120739816764	2.72125608086866e-06	0.880213737057188	4.30684429106199e-06	1.48093620400958e-05	0.991439002306245	4.20120471411141e-05	9.71268894514236	10.0712446149943	11.0959455287241	11.1993896818273	9.84996778805038	10.0315300382961	2	2
MvSl-1064-A2-R4_A2g00984	MvSl-1064-A1-R4_A2	MAT	2125376	2125812	6.15841082724452	-1.22194759507156	-5.6456191968101	-4.42367160173854	0.377267218966815	7.53833270828526e-09	3.70709866381222e-09	0.493790258748971	5.48918029603307e-08	4.56326192664504e-08	3.11375692647303	3.87969287971631	4.21929664976079	3.87798840270851	8.03822414980724	6.8900907496904	1	1
MvSl-1064-A2-R4_A2g00997	MvSl-1064-A1-R4_A2	MAT	2150048	2151803	13.6424717132804	-0.690682275001357	1.36300922670008	2.05369150170143	0.0222763512469712	9.21061399219297e-06	5.39131197862007e-11	0.0498565956479831	4.14077168170762e-05	8.44638876650477e-10	13.8672651392265	13.3711748928965	14.278993517988	14.3806235444428	12.3739807961279	12.1771513641961	2	2
MvSl-1064-A2-R4_A2g01013	MvSl-1064-A1-R4_A2	MAT	2194008	2194852	8.833756974407	-1.10874197487023	-1.98403950849959	-0.875297533629352	0.00319552356992301	1.34222255354163e-07	0.00995423077366408	0.00944048963228684	8.16387129624735e-07	0.0378407155145907	7.99935699084493	7.0873617173818	8.50884165329035	8.84264723658806	9.52568892892227	9.5712679873482	1	1
MvSl-1064-A2-R4_A2g01018	MvSl-1064-A1-R4_A2	MAT	2213635	2214925	10.9160043109608	2.77931767469547	1.86156183355163	-0.917755841143838	1.56846631200283e-27	4.83521013157812e-14	0.000247868231240776	7.37179166641328e-26	7.1422961086454e-13	0.00168615625725633	12.0765905164589	11.9297919475926	9.34447341103901	9.13411568931504	10.1707174493385	10.1310785782795	1	1
MvSl-1064-A2-R4_A2g01023	MvSl-1064-A1-R4_A2	MAT	2227476	2228423	8.75955742654836	0.218628203621873	-1.77799363109747	-1.99662183471935	0.529638341994072	1.00415645502496e-07	5.19453810405743e-10	0.656649934798405	6.48936109059883e-07	7.06730578894129e-09	7.72459150998776	8.1678130962759	7.72373663448924	7.7831394714033	9.60933572527613	9.80201491638487	1	1
MvSl-1064-A2-R4_A2g01034	MvSl-1064-A1-R4_A2	MAT	2266194	2267443	10.5347151825976	0.693943791680318	1.45453974036915	0.760595948688837	0.0185240164506904	1.70665765928329e-06	0.0111854616014104	0.042945813923798	9.00286802892342e-06	0.0414808081317463	11.2126091407261	11.0531305462423	10.0972693900995	10.7223685668408	9.92443806304412	9.41273332959386	2	2
MvSl-1064-A2-R4_A2g01039	MvSl-1064-A1-R4_A2	MAT	2277923	2278410	8.63201093561016	1.04266430369646	-0.123161466840217	-1.16582577053668	0.0151559578061502	0.76976602159757	0.00609679739135397	0.0366150943260731	0.902364000933048	0.0264877668178992	8.88086735933156	8.85617987628289	8.18561194603033	7.42544564111716	9.44703274650235	8.32610054102245	1	1
MvSl-1064-A2-R4_A2g01054	MvSl-1064-A1-R4_A2	MAT	2297255	2297921	15.4504721037694	-1.96408745903925	0.383427263368484	2.34751472240773	7.71791162449077e-08	0.278229747058623	2.36326881845666e-10	5.05083583526801e-07	0.397361268589249	3.39391660872803e-09	14.7492351583819	14.2767442780219	16.4868650293735	16.504965696757	14.2153173439455	14.0794080962176	2	2
MvSl-1064-A2-R4_A2g01055	MvSl-1064-A1-R4_A2	MAT	2297984	2298706	14.0367368563913	-1.37065897709923	0.876705694694601	2.24736467179383	9.39125066954942e-05	0.0118043726707788	4.72550703656962e-10	0.000388422127692564	0.0277402757763302	6.60293821055809e-09	13.8562069638089	13.2244302989151	14.7216461538186	15.1377017467646	12.909486712624	12.4520187716067	2	2
MvSl-1064-A2-R4_A2g01056	MvSl-1064-A1-R4_A2	MAT	2299480	2299803	12.7066721193337	-3.0828501031163	-1.38338582665374	1.69946427646256	3.17370984593207e-27	3.62268680966774e-07	2.23389421103702e-10	1.36733999195573e-25	2.05816382483321e-06	3.29978087744611e-09	10.5853460468674	10.8019270621348	13.7601005322297	13.7888837582151	12.0671773418569	12.0866855313963	2	2
MvSl-1064-A2-R4_A2g01057	MvSl-1064-A1-R4_A2	MAT	2300250	2300420	10.2940159642614	-4.66714775900789	-1.97686544090225	2.69028231810564	5.85791065799644e-33	3.33477296814737e-07	8.89228402121044e-16	5.04756635030694e-31	1.93716587026089e-06	1.91554618290242e-14	6.40474955728763	7.42937868084259	11.3055751228286	11.8258729871373	9.13208707268505	8.67557014486768	2	2
MvSl-1064-A2-R4_A2g01067	MvSl-1064-A1-R4_A2	MAT	2318831	2319016	8.12765676812058	-7.52764664924295	-4.48386327590296	3.04378337333999	1.05496812308902e-30	4.5087779990876e-07	3.23183732769348e-16	6.06020577374469e-29	2.50649271562182e-06	7.59481772007968e-15	3.11375692647303	3.87969287971631	9.30711605645205	9.50208598458534	6.35734389832423	6.5942477650845	2	2
MvSl-1064-A2-R4_A2g01071	MvSl-1064-A1-R4_A2	MAT	2326180	2326725	6.50026332888153	0.373699659160753	2.02963818432497	1.65593852516422	0.423530148153423	0.000312335927386335	0.00245816467637592	0.544689270137611	0.00104855632765413	0.012837082198852	7.01236220202354	7.0873617173818	6.92663104272105	6.44718707253162	4.81821117806819	5.59215562254963	2	2
MvSl-1064-A2-R4_A2g01078	MvSl-1064-A1-R4_A2	MAT	2338977	2340060	5.84348988875493	1.59461670586216	-2.24761390535913	-3.84223061122128	0.0913395755134451	0.00276424531889289	1.33327877125865e-06	0.161161102696877	0.00760167462695544	1.40674515253208e-05	4.41513525817813	5.49305542726264	3.11375692647303	4.57117390382962	6.66595164183787	7.26487547282784	1	1
MvSl-1064-A2-R4_A2g01084	MvSl-1064-A1-R4_A2	MAT	2353138	2353305	3.78644521354722	0	-4.95790107788658	-4.95790107788658	1	0.0103951138786713	0.001396301988647	1	0.025113429323706	0.00776223793688707	3.11375692647303	3.11375692647303	3.11375692647303	3.11375692647303	4.81821117806819	4.44961854339828	1	1
MvSl-1064-A2-R4_A2g01085	MvSl-1064-A1-R4_A2	MAT	2353629	2354970	8.28956284665741	0.311742491930373	1.24829596336204	0.936553471431664	0.315094282617196	0.000211910361521118	0.00425889854911843	0.433254638598645	0.000745290183036856	0.0198364914404886	8.84153595746404	8.58719693058656	8.4136287467859	8.41445081171946	7.45018158477354	7.56210154357375	2	2
MvSl-1064-A2-R4_A2g01086	MvSl-1064-A1-R4_A2	MAT	2355648	2355991	9.45494511803278	-2.38568051297708	-8.23954125139584	-5.85386073841876	0.0065098033677556	2.60783398401589e-47	2.43491360170728e-45	0.0180944534469336	4.49416723245404e-45	4.19616777360888e-43	4.41513525817813	3.11375692647303	5.13929950101204	5.6718420428437	11.0097920167992	10.9885548878413	1	1
MvSl-1064-A2-R4_A2g01089	MvSl-1064-A1-R4_A2	MAT	2359883	2361828	6.94390846101309	0.664565109024438	-3.41335847016128	-4.07792357918571	0.347866332926434	2.2802134924262e-11	3.44644372583395e-17	0.473281300323596	2.31151054036146e-10	8.48481622026739e-16	5.33458399057208	5.0404742153898	4.65955535130125	4.74388042717658	8.19084246781072	8.36511145692855	1	1
MvSl-1064-A2-R4_A2g01095	MvSl-1064-A1-R4_A2	MAT	2381659	2382034	5.23077633942099	1.27429981317457	4.5267090432899	3.25240923011533	0.103161344217645	7.60195501423514e-05	0.00658978719047361	0.17719074737715	0.000307047714246841	0.0278111462634356	6.78245917511234	5.28443966949091	4.99640720462562	5.28121920625784	3.75970206774396	3.11375692647303	2	2
MvSl-1064-A2-R4_A2g01103	MvSl-1064-A1-R4_A2	MAT	2396670	2396985	5.91468981732481	0.0596572246255925	-2.10898942959619	-2.16864665422178	0.93514022328956	0.000921167658760389	0.000132627267950824	1	0.00278505075777264	0.00099374344247212	4.79045923691204	5.28443966949091	4.99640720462562	5.03742334516175	6.79858074601232	6.94261899031198	1	1
MvSl-1064-A2-R4_A2g01115	MvSl-1064-A1-R4_A2	MAT	2418928	2419654	9.26382521681003	-0.964114904868866	-0.0995782514260991	0.864536653442766	0.00568243915751955	0.779675564839792	0.0115652622616545	0.0159664187197696	0.904510728603615	0.0424059616260666	8.9747458665162	8.67542541474378	10.066300026121	9.43435971731538	9.06782568504357	8.78030210383596	2	2
MvSl-1064-A2-R4_A2g01118	MvSl-1064-A1-R4_A2	MAT	2422309	2423196	8.71148266713344	-0.285732198850904	-1.18903503912669	-0.903302840275786	0.388643727723545	0.000295807356543921	0.0033913217900959	0.503580970508955	0.0010127973730676	0.016698222528377	8.16782970538147	8.10565532882087	8.44147962178637	8.38865625890498	9.16931336518821	9.42201304295975	1	1
MvSl-1064-A2-R4_A2g01119	MvSl-1064-A1-R4_A2	MAT	2423345	2424150	8.73591374757589	0.321534624977796	-0.58024219923131	-0.901776824209106	0.33614502666755	0.0794128605774246	0.00516380355070684	0.459753912135247	0.141087453328277	0.0230145382389262	8.73824385806875	8.4687362202181	8.06546754163321	8.48917763499709	9.13208707268505	9.22403036096593	1	1
MvSl-1064-A2-R4_A2g01125	MvSl-1064-A1-R4_A2	MAT	2434540	2436647	8.65901690371638	-0.0899567845625926	-1.10109480753212	-1.01113802296952	0.787671612710329	0.000842853757163401	0.00122537248924864	0.893039964410614	0.0025675253783397	0.00696173161474227	8.03466223110026	8.31241271519875	8.13534144527767	8.38865625890498	9.28688979407227	9.23460206821597	1	1
MvSl-1064-A2-R4_A2g01129	MvSl-1064-A1-R4_A2	MAT	2439423	2440133	4.66194014597424	-0.890477974768093	4.89291736063049	5.78339533539859	0.418032979668834	0.0114088512194198	0.00112042949650128	0.538960225657823	0.0269332241115984	0.00650856235608046	4.79045923691204	4.37735967579641	3.93576293256661	5.90805890555209	3.11375692647303	3.11375692647303	2	2
MvSl-1064-A2-R4_A2g01140	MvSl-1064-A1-R4_A2	MAT	2467216	2467733	7.96331289043871	-0.121672933738326	-1.73195157075344	-1.61027863701511	0.769343904894583	1.41847442126673e-05	1.42964881471757e-05	0.879698094174823	6.26795962217861e-05	0.000134386988583452	7.14750984527376	7.1502956207499	7.07624913036864	7.42544564111716	8.37206584185741	9.15891974284835	1	1
MvSl-1064-A2-R4_A2g01150	MvSl-1064-A1-R4_A2	MAT	2483005	2483970	11.4102664174835	-0.617083605195825	0.0484795232206789	0.665563128416504	0.0203426695658145	0.856137893136085	0.0119973613509395	0.0465361069271065	0.968541117617847	0.0436805339326461	11.1775020670619	11.1942122762468	11.7572687333565	11.8437820889152	10.7763951847141	11.4245441535461	2	2
MvSl-1064-A2-R4_A2g01157	MvSl-1064-A1-R4_A2	MAT	2501686	2502282	4.67839023026282	-2.7770174707723	-6.51517977413535	-3.73816230336306	0.208908147225402	6.89106201943644e-05	0.000147118105964527	0.312154659293447	0.000282752306670527	0.0010712684617417	3.11375692647303	3.11375692647303	3.58252916129815	3.54589589354536	6.07300196808057	5.59215562254963	1	1
MvSl-1064-A2-R4_A2g01158	MvSl-1064-A1-R4_A2	MAT	2502506	2502754	3.9293310537543	0	-5.27002340299856	-5.27002340299856	1	0.00935285913276739	0.00151754428523316	1	0.0231955242791233	0.00825863574174258	3.11375692647303	3.11375692647303	3.11375692647303	3.11375692647303	3.75970206774396	5.45423330597254	1	1
MvSl-1064-A2-R4_A2g01164	MvSl-1064-A1-R4_A2	MAT	2510548	2511159	5.47387276718428	1.29648464120003	-1.38671624104603	-2.68320088224606	0.118597001074249	0.0430861286295496	0.000126628010384601	0.200374671749629	0.0837425883514179	0.000977114647296097	5.08802365842333	5.28443966949091	3.93576293256661	4.57117390382962	6.17413861769827	6.52703401215788	1	1
MvSl-1064-A2-R4_A2g01172	MvSl-1064-A1-R4_A2	MAT	2527309	2527467	8.60320036391207	-2.03629815289027	-7.36025112045697	-5.3239529675667	0.0311846477438416	1.90564777334318e-28	1.2302365808746e-26	0.0664693083508538	9.85219898818426e-27	7.06702569235741e-25	3.11375692647303	4.37735967579641	5.49870283851681	4.74388042717658	9.6537926000445	10.4721534175639	1	1
MvSl-1064-A2-R4_A2g01221	MvSl-1064-A1-R4_A2	MAT	2626461	2627611	7.10617539516118	-0.574393273103741	1.28200403873083	1.85639731183457	0.19387507667018	0.0126171892598127	9.97865669643633e-05	0.292225698654469	0.0292515105261129	0.000793687001855013	7.01236220202354	7.21059856188909	7.11134897408365	8.05320740807768	5.84659931656025	6.04073078641844	2	2
MvSl-1064-A2-R4_A2g01225	MvSl-1064-A1-R4_A2	MAT	2633500	2635945	9.90218226186753	0.950798852224024	0.250039454488405	-0.700759397735618	0.000889266837765792	0.37804809743028	0.0136942554839913	0.00306500636749943	0.508986631175663	0.0491661811473853	10.2140170645145	10.2966220287869	9.18886377774533	9.42804216727317	9.93167795543154	10.0792330566503	1	1
MvSl-1064-A2-R4_A2g01245	MvSl-1064-A1-R4_A2	MAT	2683100	2683291	8.48670998286126	1.01571071290662	2.59681552867493	1.58110481576831	0.00850374651902079	1.65064346763338e-09	0.000206808971496204	0.022662046135741	1.37642366575235e-08	0.0014448680846424	8.71666738772647	9.79420169118507	8.48227306645936	8.22338156312756	6.79858074601232	6.8900907496904	2	2
MvSl-1064-A2-R4_A2g01272	MvSl-1064-A1-R4_A2	MAT	2754912	2755521	9.89348655487895	-2.44115110653244	-4.32567117459799	-1.88452006806555	3.55535101192245e-10	4.41373434584674e-28	5.49206853074929e-09	3.22476574239282e-09	2.07445514254797e-26	6.45318052363042e-08	7.27107455058873	6.23563455386319	9.02365976384201	9.34329271573072	11.2195362627148	10.8883427548951	1	1
MvSl-1064-A2-R4_A2g01281	MvSl-1064-A1-R4_A2	MAT	2777733	2777960	10.1639246932892	1.23142491569298	-0.672559379500113	-1.90398429519309	1.30853391206774e-05	0.0139039367684226	1.21095848346177e-11	6.38218898621717e-05	0.0313901105208493	2.08688511983245e-10	10.1185266960569	10.2032471938543	8.89863516444008	8.98716071056814	10.6591645394073	10.9822954651242	1	1
MvSl-1064-A2-R4_A2g01297	MvSl-1064-A1-R4_A2	MAT	2825660	2826820	10.5200871172308	-3.42863493957659	-1.16330206515222	2.26533287442437	9.14374219966498e-24	0.000514476679833799	5.55663712378007e-13	3.15154314481786e-22	0.00166240277171296	1.02599335464082e-11	8.55585874660447	8.00708932896956	11.3337131819075	11.9914044715009	9.33136238542727	9.55448916904844	2	2
MvSl-1064-A2-R4_A2g01377	MvSl-1064-A1-R4_A2	MAT	3046536	3047073	5.19823402968721	-0.512744104737874	2.58801769678349	3.10076180152137	0.51408547442395	0.0180393459245206	0.00198869344329475	0.641985966853098	0.0386985138712745	0.0104913725528917	4.41513525817813	5.83704955838672	5.60103090296026	5.83353613689966	4.20429070958875	3.11375692647303	2	2
MvSl-1064-A2-R4_A2g01389	MvSl-1064-A1-R4_A2	MAT	3072959	3073240	11.4299896434556	-1.12965733752479	-1.75836669868583	-0.628709361161035	5.17666926686837e-06	2.351164173308e-12	0.00835882066678681	2.73095715405199e-05	2.64250408173964e-11	0.0337617990994436	10.3393133880289	10.2614201680482	11.5791145708897	11.2539842246283	12.1140710054129	11.9886045951989	1	1
MvSl-1064-A2-R4_A2g01391	MvSl-1064-A1-R4_A2	MAT	3077909	3078073	7.4233749699447	4.50040744204826	0.481741450188685	-4.01866599185958	5.49124790606009e-20	0.171357989954696	7.05617314800794e-16	1.35189293687289e-18	0.269276841357379	1.58610500761744e-14	8.40214140787366	8.10565532882087	4.21929664976079	4.57117390382962	7.83700872079834	7.75067750863969	1	1
MvSl-1064-A2-R4_A2g01422	MvSl-1064-A1-R4_A2	MAT	3145711	3146208	7.21851606260938	1.81781945319691	0.633093830147507	-1.18472562304941	5.79489616552499e-06	0.0963001326729396	0.0035663754963818	3.0262235531075e-05	0.164314087762078	0.0172319264638261	8.10278192037794	7.66312609968091	6.09757355772434	6.28885789032341	7.23296017600828	7.3451168144153	1	1
MvSl-1064-A2-R4_A2g01429	MvSl-1064-A1-R4_A2	MAT	3165368	3165907	6.81054870839201	0.384603422551689	-2.73071325795241	-3.1153166805041	0.544128523295637	1.56206404001106e-07	1.266113582873e-10	0.670007165178436	9.39054777541531e-07	1.92523741866277e-09	5.08802365842333	5.83704955838672	4.65955535130125	5.58364873635161	7.92670046880482	8.09036061788473	1	1
MvSl-1064-A2-R4_A2g01449	MvSl-1064-A1-R4_A2	MAT	3209174	3209729	9.12727725023197	0.772778371735065	-0.119515420444214	-0.89229379217928	0.0278789065833225	0.730785155962763	0.0101465027499184	0.0603070908099486	0.872554100768472	0.0382900870197652	9.31342531124006	9.29263543390446	8.57319823825328	8.51325050877536	8.9727616293603	9.75872392692474	1	1
MvSl-1064-A2-R4_A2g01476	MvSl-1064-A1-R4_A2	MAT	3275092	3276160	9.75768633222256	0.285990020652413	-2.42923816691993	-2.71522818757234	0.378805479699347	2.18731134851887e-14	3.30999912076912e-18	0.49455159849637	3.42678777934623e-13	8.55634772718817e-17	8.60366176421394	8.41848718642074	8.18561194603033	8.28060286841733	10.8431857000144	10.9854285712007	1	1
MvSl-1064-A2-R4_A2g01479	MvSl-1064-A1-R4_A2	MAT	3279518	3279981	6.73637897054857	2.88773344938458	1.40115190577414	-1.48658154361044	3.26602751767501e-09	0.00173979817572243	0.00458220492827616	2.6802162327587e-08	0.00499708698249164	0.0207807012975331	7.76719530991025	7.82618882937228	4.99640720462562	5.38922813008979	6.17413861769827	6.7199528555078	1	1
MvSl-1064-A2-R4_A2g01493	MvSl-1064-A1-R4_A2	MAT	3294517	3296272	9.7283586216309	-0.244492240396463	-1.54236593768992	-1.29787369729346	0.607032484741835	0.0013565175282957	0.00595582726096727	0.724793982936556	0.00400754035502217	0.0260945991010176	7.68069120611266	9.63828246339279	9.38088779493181	9.02113534022993	10.2423386152711	10.7142138541165	1	1
MvSl-1064-A2-R4_A2g01498	MvSl-1064-A1-R4_A2	MAT	3300463	3301692	9.8529700047007	-1.37117187291292	-0.040248502902457	1.33092337001046	5.34573454329327e-05	0.906846357989501	7.19184657139244e-05	0.000238253858524364	1	0.000599707206033853	8.7595023870371	9.57086903562703	10.7650107308694	10.3736448448801	9.33136238542727	9.19184233611587	2	2
MvSl-1064-A2-R4_A2g01517	MvSl-1064-A1-R4_A2	MAT	3338727	3339119	10.2896689477878	0.0898729472704918	0.998845063563606	0.908972116293114	0.770799297217012	0.00163326828261549	0.0037572742529932	0.879698094174823	0.00471731677157659	0.0179862110073841	10.5058101086118	10.6631625151268	10.0300727852728	10.8483590036	9.72219147192402	9.45854628060052	2	2
MvSl-1064-A2-R4_A2g01524	MvSl-1064-A1-R4_A2	MAT	3348904	3349075	5.06392688485812	-0.788258336903262	-3.10451943918061	-2.31626110227734	0.503322158086551	0.00207653111859324	0.00413621027810387	0.631596009055211	0.0057718633780253	0.0194401883070882	3.11375692647303	4.37735967579641	4.21929664976079	4.37494468529484	5.5779317950542	6.38241352323196	1	1
MvSl-1064-A2-R4_A2g01541	MvSl-1064-A1-R4_A2	MAT	3386914	3387183	5.90033280646503	2.65193376227417	5.72637031690471	3.07443655463054	3.79020800285204e-05	1.9942497814375e-09	0.00661657831799338	0.000170394568476044	1.61097990156748e-08	0.0278111462634356	6.86323330341461	7.66312609968091	4.65955535130125	5.28121920625784	3.75970206774396	3.11375692647303	2	2
MvSl-1064-A2-R4_A2g01550	MvSl-1064-A1-R4_A2	MAT	3399843	3400036	4.6779111121465	-6.14055989185098	-2.40766498655073	3.73289490530025	0.000342661754113756	0.297693036850528	0.00145880539342613	0.00129311041515921	0.421946117816138	0.00802342966384372	3.11375692647303	3.11375692647303	5.13929950101204	5.83353613689966	3.75970206774396	3.11375692647303	2	2
MvSl-1064-A2-R4_A2g01570	MvSl-1064-A1-R4_A2	MAT	3443558	3444743	11.1854189692254	1.96687160940105	0.908835028417992	-1.05803658098306	7.29867219445575e-11	0.00194970441761484	0.000361911814740278	7.70084392761964e-10	0.00553844606542238	0.00236846086355346	12.046638724138	11.8203611473775	9.58195436703767	10.2890275603377	11.25170988409	10.7734144803191	1	1
MvSl-1064-A2-R4_A2g01571	MvSl-1064-A1-R4_A2	MAT	3444795	3445097	7.82432358200933	2.0888243480483	0.29693570905099	-1.79188863899731	1.95987916298788e-08	0.383002065935722	1.22087782464453e-06	1.46321004082511e-07	0.514245280746268	1.31498715696088e-05	8.50641735691375	8.31241271519875	6.4662822887127	6.39631717001451	8.32884916203994	7.89094200663328	1	1
MvSl-1064-A2-R4_A2g01574	MvSl-1064-A1-R4_A2	MAT	3449068	3449912	7.8323896608411	-3.76954893375333	-2.29742940298176	1.47211953077157	6.07103734602429e-11	0.000138484971684453	0.00134559755814056	6.539013141447e-10	0.000526446546771047	0.00756167323433335	5.72876078214831	4.7466851328021	8.37081762550203	9.09477347948204	6.59476558357498	7.83646149124531	2	2
MvSl-1064-A2-R4_A2g01576	MvSl-1064-A1-R4_A2	MAT	3460083	3461198	10.2492202670163	3.70101517836544	2.27197475147775	-1.42904042688769	1.546795558648e-21	4.10054243968876e-10	0.000119494846340483	4.44274057678341e-20	3.59318718867642e-09	0.000936042963000451	11.2355480477716	11.7124087224988	7.30570676731824	8.22338156312756	9.55411348154531	8.83690330203645	1	1
MvSl-1064-A2-R4_A2g01587	MvSl-1064-A1-R4_A2	MAT	3493135	3494190	7.61148123011528	-3.66759923575801	-10.0040887256717	-6.33648948991368	0.0738425594500277	4.0894957485431e-24	1.73614451986373e-26	0.134424659280508	1.32141831374799e-22	8.97586716769546e-25	3.11375692647303	3.11375692647303	3.93576293256661	3.87798840270851	8.64298833836297	9.50294910000177	1	1
MvSl-1064-A2-R4_A2g01591	MvSl-1064-A1-R4_A2	MAT	3503287	3504041	4.90685197584221	-3.658621686191	-6.77700402808584	-3.11838234189484	0.0846047324957804	3.71335893701409e-05	0.000716666703113084	0.151351718686223	0.000158661700036057	0.00435901982952311	3.11375692647303	3.11375692647303	3.58252916129815	4.14775951663943	6.51988389319599	5.45423330597254	1	1
MvSl-1064-A2-R4_A2g01592	MvSl-1064-A1-R4_A2	MAT	3504089	3505707	6.72528160108223	1.49179520131546	0.00917225955713327	-1.48262294175833	0.00136815126300056	0.983034211896596	0.000997334712966925	0.00444864278598296	1	0.00585934143868068	7.08151797708001	7.1502956207499	5.78619063115995	5.75495319512767	6.97713419078295	7.22301666717398	1	1
MvSl-1064-A2-R4_A2g01593	MvSl-1064-A1-R4_A2	MAT	3505859	3507002	7.13580671315663	0.935686356549975	-4.2815841696115	-5.21727052616148	0.276375142106583	2.12244694592248e-15	2.66778923479246e-23	0.386178239105685	3.78381058979974e-14	9.19498022925134e-22	5.33458399057208	3.87969287971631	3.93576293256661	4.37494468529484	8.53304435528887	8.61212256184829	1	1
MvSl-1064-A2-R4_A2g01603	MvSl-1064-A1-R4_A2	MAT	3524930	3525520	12.274678957064	-2.9816932938475	-2.16746270896322	0.814230584884276	1.05122086400296e-21	9.75591320247778e-13	0.00442584411655138	3.19694815699723e-20	1.17297840132117e-11	0.020421827011682	10.3533635210424	9.84264235995221	12.9756153310542	13.2000431884764	12.0050456182162	12.5086472412929	2	2
MvSl-1064-A2-R4_A2g01611	MvSl-1064-A1-R4_A2	MAT	3535815	3538071	12.5301659166334	-0.410291591078218	1.32019326225186	1.73048485333007	0.139997897233386	3.47562562815028e-06	1.53494166774413e-09	0.230506091941594	1.71133185690828e-05	1.98391210555929e-08	12.6435383778903	12.6868615646036	12.9154463271044	13.2189210946413	11.58357089136	11.0675484807553	2	2
MvSl-1064-A2-R4_A2g01616	MvSl-1064-A1-R4_A2	MAT	3553425	3553947	8.61317034463742	-1.91108114780714	-3.95816969294835	-2.04708854514122	2.25370412027799e-05	4.61772726332976e-20	3.02263849561257e-09	0.000104032591980689	1.19368249757074e-18	3.81147342007732e-08	5.72876078214831	6.23563455386319	7.55552491929411	7.96868011951539	9.96734226223898	9.57958478156025	1	1
MvSl-1064-A2-R4_A2g01645	MvSl-1064-A1-R4_A2	MAT	3627568	3627894	7.68630335696339	0.865697018326375	2.60730293312694	1.74160591480057	0.0296505002747393	1.87361086426562e-08	0.00016204744582322	0.0638721193418343	1.34535669003518e-07	0.00116359068736951	8.95645251916071	7.8642291576485	7.70087420493178	7.6374221896989	6.07300196808057	6.04073078641844	2	2
MvSl-1064-A2-R4_A2g01654	MvSl-1064-A1-R4_A2	MAT	3649224	3650855	9.73334542767331	0.454671469369055	-0.615284816214244	-1.0699562855833	0.146233052160234	0.0474497557985086	0.000513319315743754	0.236257774896378	0.0908574953623295	0.00319742272577736	9.83788779458769	9.36074624250282	8.97684671247617	9.33656256725763	10.1889588237634	10.2660242412449	1	1
MvSl-1064-A2-R4_A2g01676	MvSl-1064-A1-R4_A2	MAT	3703262	3704013	9.69687680618239	3.27971904254484	2.22624853849746	-1.05347050404738	6.52688008750149e-24	7.82878154926795e-13	0.00119018656434323	2.41028357517019e-22	9.63685728802746e-12	0.00683696059739391	10.7430727519791	11.0613410505142	7.81172689697765	7.54703135803544	8.85584556048427	8.54575577406776	1	1
MvSl-1064-A2-R4_A2g01689	MvSl-1064-A1-R4_A2	MAT	3727423	3728413	11.5184499749252	1.13442789004599	0.22790588811921	-0.906522001926785	3.40723608937829e-06	0.344255508250639	0.000190234907699525	1.8349386023006e-05	0.46960447959256	0.00134728009973499	11.7893714296612	11.9998152581275	10.8788752664683	10.6482135532376	11.7667712423023	11.5693806934156	1	1
MvSl-1064-A2-R4_A2g01702	MvSl-1064-A1-R4_A2	MAT	3751517	3752054	7.06670132938434	-2.1892458405035	-4.54033006922717	-2.35108422872366	0.00207058653575456	5.68820878832383e-14	2.26057445912749e-08	0.00637198356538753	8.16889984323173e-13	2.54068912036721e-07	4.79045923691204	3.87969287971631	6.02579942615664	6.1109860688087	7.95539997022392	8.52867582590007	1	1
MvSl-1064-A2-R4_A2g01703	MvSl-1064-A1-R4_A2	MAT	3752179	3752331	7.04585930534529	2.26899924998618	-3.77049429346222	-6.0394935434484	0.0148127272028936	2.82220225030331e-11	7.39126174401281e-21	0.0362946917720188	2.75297842152229e-10	2.24781313038507e-19	5.54509296768742	4.37735967579641	3.11375692647303	4.14775951663943	8.0909113228767	8.76579789354246	1	1
MvSl-1064-A2-R4_A2g01707	MvSl-1064-A1-R4_A2	MAT	3757436	3757846	4.43060476197318	-5.80212578273361	0	5.80212578273361	0.00146478793863111	1	0.000493506665363699	0.00467466274242151	1	0.00311149934137844	3.11375692647303	3.11375692647303	4.65955535130125	5.6718420428437	3.11375692647303	3.11375692647303	2	2
MvSl-1064-A2-R4_A2g01708	MvSl-1064-A1-R4_A2	MAT	3758404	3758689	6.31029121743631	-8.23191208392247	-4.9594896056828	3.27242247823967	4.14471280353386e-07	0.0137296500243977	0.000565020482749393	2.4916471156128e-06	0.0311724593663575	0.00347756654263615	3.11375692647303	3.11375692647303	5.38855891474641	8.22338156312756	4.81821117806819	4.44961854339828	2	2
MvSl-1064-A2-R4_A2g01709	MvSl-1064-A1-R4_A2	MAT	3758851	3759567	7.03640302407375	-2.09086672736118	0.30902355850255	2.39989028586373	0.000896853747394267	0.657875523080036	0.000131767839108349	0.00307068468478699	0.805975463109902	0.00099374344247212	5.72876078214831	6.23563455386319	7.04027399035296	8.5012642814344	6.35734389832423	4.7141928441488	2	2
MvSl-1064-A2-R4_A2g01712	MvSl-1064-A1-R4_A2	MAT	3767784	3768554	6.52129959001389	0.444647094395611	3.25927178374808	2.81462468935247	0.516885262331947	0.000116870639785535	0.000752922623872784	0.643926941266547	0.000454301659918209	0.00452629065746778	5.72876078214831	7.90129217006273	6.02579942615664	7.26457324635268	4.5436632405532	4.44961854339828	2	2
MvSl-1064-A2-R4_A2g01717	MvSl-1064-A1-R4_A2	MAT	3775738	3776041	7.37622814542585	1.65824622881984	-3.78781584386012	-5.44606207267996	0.0346367679352393	6.50123554478967e-13	3.70732028946742e-22	0.0730023549717059	8.19789945525917e-12	1.19792786853416e-20	6.17089730123376	3.11375692647303	4.21929664976079	4.14775951663943	8.77764906962927	8.82295982230377	1	1
MvSl-1064-A2-R4_A2g01723	MvSl-1064-A1-R4_A2	MAT	3793945	3794673	8.03405740555901	-0.990594743517952	-1.90476712041196	-0.914172376894006	0.0132145286821267	1.33145765936585e-06	0.00785626804283547	0.0326885709505241	7.09653206074377e-06	0.0322356395090947	6.50884379736078	7.21059856188909	7.85378811531976	7.84134916845872	8.45479921884216	8.96939234693867	1	1
MvSl-1064-A2-R4_A2g01730	MvSl-1064-A1-R4_A2	MAT	3813478	3813972	7.4876346751254	-5.9331441839342	-2.79075023258539	3.14239395134881	2.27931971910909e-19	0.00157267718814325	2.64982941697321e-12	5.35640133990636e-18	0.00456783205769698	4.72400623646603e-11	3.90646337539499	3.87969287971631	8.38522961615106	8.97854055142082	5.42216103452088	6.04073078641844	2	2
MvSl-1064-A2-R4_A2g01731	MvSl-1064-A1-R4_A2	MAT	3814036	3814323	4.49222982690289	-2.02116725392458	1.24382647630059	3.26499373022517	0.056243349445545	0.428861635806122	0.00492373821028224	0.109315081441153	0.564176757536297	0.0221354143888341	3.90646337539499	3.87969287971631	4.99640720462562	5.28121920625784	3.11375692647303	3.70647688030895	2	2
MvSl-1064-A2-R4_A2g01750	MvSl-1064-A1-R4_A2	MAT	3848241	3849525	4.77375269940636	2.62400299738261	-1.85931883979187	-4.48332183717448	0.0604616580676221	0.0639558516756211	0.000137693786294732	0.11662603933819	0.117252394738639	0.00101696696449109	5.08802365842333	3.11375692647303	3.11375692647303	3.54589589354536	6.07300196808057	5.45423330597254	1	1
