gid	gname	chr	start	end	logCPM	logFC.water.rich	logFC.water.diploid	logFC.rich.diploid	PV.water.rich	PV.water.diploid	PV.rich.diploid	FDR.water.rich	FDR.water.diploid	FDR.rich.diploid	water1	water2	rich1	rich2	di1	di2	average	ward.D
MvSl-1064-A2-R4_A2g00001	MvSl-1064-A1-R4_A2	MAT	1	405	7.73162489866457	-0.739850543446578	-1.44637206849912	-0.706521525052545	0.115041219490402	0.00201530409903565	0.0975596397428362	0.195645758146506	0.00569350939454333	0.222195302850424	7.27107455058873	6.45091805767337	7.72373663448924	7.49961946976756	8.76148798967149	7.62773738958866	2	2
MvSl-1064-A2-R4_A2g00138	MvSl-1064-A1-R4_A2	MAT	319144	319700	4.9269628297687	2.0216591213072	2.45424847804277	0.432589356735572	0.0115117471846349	0.00596944003290995	0.660604962710235	0.0288911324973605	0.0154310024850722	0.807133926004664	6.2925565079114	5.49305542726264	4.21929664976079	4.57117390382962	3.75970206774396	4.44961854339828	1	1
MvSl-1064-A2-R4_A2g00149	MvSl-1064-A1-R4_A2	MAT	337797	338222	11.3213458422934	1.78884204666775	1.12386064960305	-0.664981397064693	2.02885298786315e-12	7.10984777602273e-06	0.00802259860902566	2.68953075570576e-11	3.25291265504757e-05	0.0326589250461911	12.3015923318529	11.8796004445903	10.2780452141895	10.3670551300206	10.9397054886894	11.0285922705117	1	1
MvSl-1064-A2-R4_A2g00152	MvSl-1064-A1-R4_A2	MAT	341812	342213	8.86702741964918	-2.47572741234385	-1.99005062297384	0.485676789370002	2.10555341330283e-10	4.59343773228937e-07	0.148491054572162	2.05390776354257e-09	2.52639075275915e-06	0.310809211391935	6.93972379509448	7.21059856188909	9.29189798510816	9.65597438819101	8.76148798967149	9.21338061469574	2	2
MvSl-1064-A2-R4_A2g00155	MvSl-1064-A1-R4_A2	MAT	349696	351551	14.7213771518139	-3.10072489851168	-1.12772088892259	1.97300400958909	9.31924263708261e-19	0.000595965919277716	3.83997128055777e-09	2.00752018473821e-17	0.0019019406189295	4.61689570243807e-08	12.6363740745374	12.855691234861	15.9623670811673	15.726978327003	13.9697358221222	13.7780394775486	2	2
MvSl-1064-A2-R4_A2g00159	MvSl-1064-A1-R4_A2	MAT	358917	359140	8.66507304461589	3.77111263410799	5.12256819796097	1.35145556385298	4.6964378108625e-21	6.96287092210477e-28	0.00927855279125292	1.21402917410796e-19	2.9470623064343e-26	0.0357985954707296	9.98050110544226	10.3377609121277	6.09757355772434	6.83874952311778	5.04877165571176	5.59215562254963	1	1
MvSl-1064-A2-R4_A2g00165	MvSl-1064-A1-R4_A2	MAT	382553	383213	8.74683430671558	1.80226238740956	1.65282177991886	-0.1494406074907	1.99217868902222e-08	4.13883381921011e-07	0.653886645471893	1.46321004082511e-07	2.32584465709959e-06	0.806824333434293	9.73432455332673	9.61615948892542	7.72373663448924	8.06953441767111	8.06480823969498	8.04303019815368	1	1
MvSl-1064-A2-R4_A2g00166	MvSl-1064-A1-R4_A2	MAT	383269	384665	8.85808413258178	2.56793630315429	0.800197232616543	-1.76773907053775	1.10298018609285e-12	0.0169475519178949	8.85054292492688e-07	1.54119123300001e-11	0.0370334729734601	9.73559721741957e-06	9.42406737490654	9.88025688818733	6.96551519945528	7.34725060781612	9.02784844258469	8.72138927221786	1	1
MvSl-1064-A2-R4_A2g00173	MvSl-1064-A1-R4_A2	MAT	401042	401334	10.4363359234326	0.184902060599158	1.24150115463914	1.05659909403998	0.459916652925827	1.92621796303808e-06	3.99536524416308e-05	0.584218451013888	9.95854686890685e-06	0.000356138591591778	10.8852423996565	10.7469943995995	10.6353672307825	10.6318148730414	9.67982366758611	9.48535162402557	1	1
MvSl-1064-A2-R4_A2g00174	MvSl-1064-A1-R4_A2	MAT	401533	401897	12.3852963821506	-0.449486250362635	1.15742076435111	1.60690701471375	0.0746850968571734	6.95157344105407e-06	5.35674836335674e-10	0.135481386228627	3.20889595448657e-05	7.10112539450111e-09	12.4802738367504	12.472721392137	13.0322308058979	12.8102528133352	11.2603613971962	11.3800034534104	1	1
MvSl-1064-A2-R4_A2g00180	MvSl-1064-A1-R4_A2	MAT	409620	409842	3.86697317895189	2.35817585122348	5.13539395229697	2.77721810107349	0.0547220286070987	0.00499401752843287	0.164947713160646	0.107163972688902	0.0131729952153051	0.337067066023929	3.90646337539499	5.28443966949091	3.58252916129815	3.54589589354536	3.11375692647303	3.11375692647303	1	1
MvSl-1064-A2-R4_A2g00188	MvSl-1064-A1-R4_A2	MAT	421930	422088	6.85455298087092	-1.68767006572315	-1.21621321898009	0.471456846743062	0.000494226579391832	0.0179857366699685	0.243878683460701	0.00177325485300736	0.0386985138712745	0.421349474685689	5.33458399057208	6.11460935776829	7.3938742537172	7.23592661383925	6.73378975641784	6.99330168727163	2	2
MvSl-1064-A2-R4_A2g00212	MvSl-1064-A1-R4_A2	MAT	476809	477301	10.0668927096343	1.59610898817313	1.39648927641944	-0.199619711753692	1.6105471570567e-07	4.90683058886155e-06	0.512595496242083	1.04081610024789e-06	2.30621037676493e-05	0.688342523525083	10.8559347543429	10.9195031152465	9.29952708640513	9.30932354912833	9.81123968814727	9.11382063508958	1	1
MvSl-1064-A2-R4_A2g00213	MvSl-1064-A1-R4_A2	MAT	477435	478433	10.4291018090238	1.18570240218314	1.05729363794361	-0.128408764239534	2.11046178374799e-05	0.000161649927251812	0.645290051956672	0.00010010171946768	0.000601244693447387	0.803183388739073	11.1932107736426	10.9551900775719	9.9595928020791	9.83854016286474	10.2825324001883	9.72162853602049	1	1
MvSl-1064-A2-R4_A2g00214	MvSl-1064-A1-R4_A2	MAT	478565	478873	9.54185229081978	0.716241459985011	-1.08228815749841	-1.79852961748342	0.0272918425725892	0.000645028643887267	1.66699194099443e-08	0.0592852210505405	0.00203341346883974	1.91518851887583e-07	9.28438618912483	9.19153226232223	8.79450290714913	8.22338156312756	10.1829039565231	10.4267773665505	2	2
MvSl-1064-A2-R4_A2g00219	MvSl-1064-A1-R4_A2	MAT	492996	494714	8.35839967011609	-2.16578156291447	-1.58322593920575	0.582555623708716	2.41120174811321e-06	0.000680830243641105	0.154232803935429	1.34042075674681e-05	0.00212041708411115	0.320234376042637	7.43859280241935	5.98249414802178	8.54779905755355	9.28855138167556	8.55196009405941	8.22369254216919	2	2
MvSl-1064-A2-R4_A2g00228	MvSl-1064-A1-R4_A2	MAT	502881	503519	4.66328543002733	-1.68433311359147	-3.27888797010686	-1.59455485651539	0.213512657778288	0.0067279721649901	0.0625740913359805	0.316292389889326	0.0173052816383079	0.163017550463508	3.90646337539499	3.11375692647303	4.65955535130125	3.87798840270851	5.5779317950542	5.30171818947846	2	2
MvSl-1064-A2-R4_A2g00230	MvSl-1064-A1-R4_A2	MAT	507700	508508	10.4090796440378	2.19368989174488	1.63243087840683	-0.561259013338057	1.34303229410951e-14	6.15047485692671e-09	0.0467379839855035	2.04219910604299e-13	4.54256500147302e-08	0.131323574567964	11.3273849549734	11.4344001655021	9.3880616625361	8.99572966969898	9.95318216002352	9.53751291138476	1	1
MvSl-1064-A2-R4_A2g00233	MvSl-1064-A1-R4_A2	MAT	510742	511356	7.91934339223406	1.90554374871553	-4.4015184101993	-6.30706215891483	0.0161382612721173	4.39647230860312e-20	3.0270502495406e-33	0.0386272272115029	1.19368249757074e-18	2.60830829835415e-31	5.33458399057208	5.28443966949091	3.11375692647303	4.57117390382962	9.24100256506263	9.53751291138476	2	2
MvSl-1064-A2-R4_A2g00243	MvSl-1064-A1-R4_A2	MAT	529899	530311	7.04253796324052	1.44764382183247	1.67892127733816	0.231277455505693	0.0010246146400036	0.000320751213272053	0.62979761980355	0.0034397777200121	0.00106986049846227	0.79415943765472	7.84880472383317	7.97267850670368	6.96551519945528	5.97892052572903	6.59476558357498	6.04073078641844	1	1
MvSl-1064-A2-R4_A2g00244	MvSl-1064-A1-R4_A2	MAT	530396	530787	8.21434955703924	0.611359675616391	0.948483884326222	0.33712420870983	0.0829877640002849	0.00972641771153911	0.350598312718123	0.148974562458845	0.0236082533186184	0.526916650218807	8.82146070720484	8.54097319970835	8.25002534257391	7.91547960928533	7.36717520055933	8.06688949513687	1	1
MvSl-1064-A2-R4_A2g00254	MvSl-1064-A1-R4_A2	MAT	552863	554296	14.7484352464009	1.73353155670307	1.31735022722404	-0.416181329479029	1.3575485621479e-06	0.000204663184457197	0.233958803303973	7.71266600692819e-06	0.000724731961399801	0.410022716298828	15.6176589384672	15.5138752971835	14.1361160745153	13.4508318100081	14.3473912409354	14.144972520162	1	1
MvSl-1064-A2-R4_A2g00271	MvSl-1064-A1-R4_A2	MAT	588039	588824	7.5731160775076	-0.801356510075887	-1.98408763697901	-1.18273112690312	0.135800857744917	0.000190812995746749	0.0138872596210734	0.225028985429878	0.000685071658340759	0.049515263614448	5.72876078214831	6.95260623233791	6.4110096675741	7.72248202867714	8.01114099267524	8.62824796298772	2	2
MvSl-1064-A2-R4_A2g00282	MvSl-1064-A1-R4_A2	MAT	617938	618266	9.06432786110402	-3.74136231221655	-2.80417107377276	0.937191238443798	2.87980415572265e-18	1.10210768184614e-10	0.00632983464644951	5.7263798019562e-17	9.99631002656938e-10	0.0270456571257388	6.50884379736078	6.11460935776829	9.93040760240328	9.91281142434334	8.60726326385225	9.29645539104775	2	2
MvSl-1064-A2-R4_A2g00285	MvSl-1064-A1-R4_A2	MAT	619988	620268	7.8422058279177	2.75095333352394	-7.50752616423921	-10.2584794977632	0.142535079473487	1.3153273354646e-28	8.70264926552007e-41	0.231731560024506	7.55582480483556e-27	1.12481741756847e-38	3.90646337539499	3.11375692647303	3.11375692647303	3.11375692647303	9.27555408978447	9.49417719280883	2	2
MvSl-1064-A2-R4_A2g00287	MvSl-1064-A1-R4_A2	MAT	625729	626241	4.15000765672887	4.02578037193126	5.99289674383979	1.96711637190853	0.000759884182183828	0.000273018136320346	0.315930603985491	0.00265446028506107	0.000947317962937039	0.496478900167674	4.79045923691204	5.83704955838672	3.11375692647303	3.54589589354536	3.11375692647303	3.11375692647303	1	1
MvSl-1064-A2-R4_A2g00291	MvSl-1064-A1-R4_A2	MAT	634520	634708	11.1071334811033	0.78248838336017	0.629880481920213	-0.152607901439957	0.00173735221769724	0.0119534078975308	0.540479356396828	0.00544370361545134	0.0279634021856265	0.718323463386015	11.4270711612897	11.6429871976225	10.6232590521487	10.8834137048241	10.768330248173	11.0406912205063	1	1
MvSl-1064-A2-R4_A2g00302	MvSl-1064-A1-R4_A2	MAT	663291	663440	6.87725009718109	4.0906567075892	3.94980573325654	-0.140850974332654	2.91014372173715e-16	6.54976029105587e-14	0.840991086146129	5.18808380737278e-15	9.15196235263753e-13	0.935037401156019	8.48104640813873	8.33967141889802	4.65955535130125	4.89810488338009	5.42216103452088	4.12537751991138	1	1
MvSl-1064-A2-R4_A2g00317	MvSl-1064-A1-R4_A2	MAT	689526	690227	6.92866776967863	1.29158017394756	-4.66394495788958	-5.95552513183715	0.225350207182321	4.26376083558096e-15	2.2490819855863e-23	0.328186076375379	7.11085274837212e-14	8.30553847534371e-22	4.41513525817813	4.37735967579641	3.58252916129815	3.87798840270851	8.49445217905691	8.28600537155098	2	2
MvSl-1064-A2-R4_A2g00330	MvSl-1064-A1-R4_A2	MAT	734714	735851	11.89055171649	-1.5559113446539	-1.02329203027806	0.532619314375834	5.25817752963531e-08	0.000312301231720742	0.0546701851461198	3.53049062704085e-07	0.00104855632765413	0.148760451160758	10.8006071208541	10.985708056861	12.1405866416807	12.7011809594551	11.6748448446649	12.1227019025991	2	2
MvSl-1064-A2-R4_A2g00331	MvSl-1064-A1-R4_A2	MAT	735912	736700	11.0055597436387	-1.3809005726354	-1.13815321575724	0.242747356878157	1.40858930640842e-05	0.000342916257225589	0.429308101689717	6.80598758330049e-05	0.00112922105086388	0.605535964015497	10.2216964856202	9.86157220824575	10.9914891458361	11.7594945025417	10.8848116325106	11.4314528739422	2	2
MvSl-1064-A2-R4_A2g00344	MvSl-1064-A1-R4_A2	MAT	763085	763512	9.26514696983912	-2.51724370630915	-2.05765693449492	0.459586771814231	4.86408096658039e-11	9.13001880055848e-08	0.171168212024765	5.71529513573196e-10	5.97496167074524e-07	0.344035140697386	6.86323330341461	7.82618882937228	10.048300114629	9.70904727778502	9.41639476362721	9.44949933532168	2	2
MvSl-1064-A2-R4_A2g00346	MvSl-1064-A1-R4_A2	MAT	764732	765421	9.592897222449	-3.42951155763809	-3.34796823758815	0.0815433200499399	2.13150458356833e-21	2.97955652329707e-20	0.774827541393951	5.79993615634118e-20	8.55794845858102e-19	0.874641569652124	6.60593016582419	6.95260623233791	10.1059970320961	10.1385200894271	9.93167795543154	10.1423510923979	2	2
MvSl-1064-A2-R4_A2g00348	MvSl-1064-A1-R4_A2	MAT	765863	766054	5.25911925721608	1.43344078615596	3.74379706344609	2.31035627729013	0.0651162299508199	0.000256635616697749	0.0308630389756493	0.122865295199175	0.000896490634004975	0.0997261946900669	6.2925565079114	6.23563455386319	4.21929664976079	5.58364873635161	3.11375692647303	4.12537751991138	1	1
MvSl-1064-A2-R4_A2g00359	MvSl-1064-A1-R4_A2	MAT	789050	790537	12.1963873261705	-2.47185382279755	-1.06918419037466	1.40266963242289	4.70991594329939e-16	0.000288124588953561	1.4487697940203e-06	8.11675514228595e-15	0.000993069416593273	1.49802796701699e-05	10.7377267682235	10.5969285723308	12.8098960614611	13.3996890336853	11.4787349898422	11.9506354194926	2	2
MvSl-1064-A2-R4_A2g00361	MvSl-1064-A1-R4_A2	MAT	790960	791484	6.191103863144	-1.97718287861077	-3.27948865231076	-1.30230577369999	0.00880318835426558	2.58724773050498e-06	0.00853813915294122	0.0232206549956903	1.29864764725347e-05	0.0339555226313124	4.41513525817813	4.37735967579641	5.60103090296026	6.1109860688087	7.08496620637616	7.04226413471125	2	2
MvSl-1064-A2-R4_A2g00362	MvSl-1064-A1-R4_A2	MAT	791527	791997	7.1636748069818	-2.02048930691408	-5.17575548362162	-3.15526617670754	0.0109265043243577	3.27251723058521e-17	1.46867028601437e-13	0.0276911898808477	7.04954753421897e-16	2.81223162173862e-12	3.90646337539499	4.37735967579641	5.13929950101204	5.90805890555209	8.57063102746026	8.4401045331639	2	2
MvSl-1064-A2-R4_A2g00364	MvSl-1064-A1-R4_A2	MAT	796232	797581	6.67240657533743	1.38809277008927	1.23023714218297	-0.157855627906296	0.00386129561583851	0.0128347398190711	0.756295518872764	0.0111524571697682	0.029623037885981	0.871765174499364	7.21061468565967	7.61930858400792	6.51951520675309	5.6718420428437	6.35734389832423	6.22166396653778	1	1
MvSl-1064-A2-R4_A2g00390	MvSl-1064-A1-R4_A2	MAT	858779	859620	10.4667926207067	3.38357053409215	2.25425621855482	-1.12931431553733	6.97897547767882e-33	5.90417304024028e-17	4.99136858947087e-05	5.15447188851422e-31	1.22098298472169e-15	0.000430089593459407	11.7447645783528	11.6209368035462	8.39949905916065	8.2665089031449	9.54470071954512	9.33626514032871	1	1
MvSl-1064-A2-R4_A2g00404	MvSl-1064-A1-R4_A2	MAT	887878	890361	11.4364628662633	-1.76253249162744	-2.10161536020304	-0.339082868575606	2.26895368263291e-11	2.78037899549274e-15	0.171138471494995	2.79297393790765e-10	4.79151980223248e-14	0.344035140697386	10.1102763619484	9.67084356140496	11.5474267672525	11.7645175417321	12.1012863232298	11.8883960376899	2	2
MvSl-1064-A2-R4_A2g00415	MvSl-1064-A1-R4_A2	MAT	916222	918081	9.81394026483272	1.40821849994915	0.782533044568065	-0.625685455381086	7.69203659574215e-06	0.0120150791179641	0.0460290814070658	3.97678291999869e-05	0.0279810626305742	0.131323574567964	10.5058101086118	10.3711693199094	8.85787969055305	9.20972080985403	9.87271525208835	9.42201304295975	1	1
MvSl-1064-A2-R4_A2g00424	MvSl-1064-A1-R4_A2	MAT	939408	940261	11.0510692583091	1.43800586156132	1.52192189926611	0.0839160377047982	1.52022385864359e-08	3.13506662937632e-09	0.741002568540377	1.15581725723343e-07	2.41914842893666e-08	0.86283407192652	11.8574993427125	11.8656032716852	10.323655253918	10.5263501340998	10.1209151711565	10.5376488099474	1	1
MvSl-1064-A2-R4_A2g00426	MvSl-1064-A1-R4_A2	MAT	943870	944171	7.59202069155171	1.33651990868988	-4.36415938857085	-5.70067929726073	0.10125855834435	1.32522400698463e-16	9.73292047593349e-26	0.175327689414107	2.63515696773483e-15	4.19326657171468e-24	5.33458399057208	4.7466851328021	4.21929664976079	4.14775951663943	8.62523637960006	9.37500581288044	2	2
MvSl-1064-A2-R4_A2g00433	MvSl-1064-A1-R4_A2	MAT	957508	959884	12.2426027568277	0.578196341945886	0.993583903318444	0.415387561372558	0.0218121892399119	9.70142376575079e-05	0.100147057778099	0.0491636660498742	0.000382872983732302	0.226096195944442	12.6802298469528	12.7376968023018	12.2450266744801	12.0095000883959	11.8436259024583	11.5797827663755	1	1
MvSl-1064-A2-R4_A2g00436	MvSl-1064-A1-R4_A2	MAT	965155	966128	5.44307071650054	-0.195543182256537	2.15061713451176	2.3461603167683	0.781834062004968	0.0176537195708758	0.00568088372096434	0.890326453869094	0.0383486261266505	0.0251027084080219	5.33458399057208	5.98249414802178	6.23122328370897	5.38922813008979	4.5436632405532	3.70647688030895	1	1
MvSl-1064-A2-R4_A2g00449	MvSl-1064-A1-R4_A2	MAT	1001048	1001233	8.47781315491991	0.489181549381753	1.25906373215618	0.76988218277443	0.18861949473135	0.00131110926527967	0.0456649992401394	0.285971492012046	0.00389565224223903	0.131323574567964	9.25475052844938	8.63198552279279	8.04745717545665	8.83311586983247	7.80582802265304	7.69051660502723	1	1
MvSl-1064-A2-R4_A2g00460	MvSl-1064-A1-R4_A2	MAT	1018365	1019889	12.7544452849659	1.30823752092765	1.19848058042328	-0.109756940504371	7.43808081874391e-07	5.69342894265794e-06	0.674132269619921	4.36987248101205e-06	2.65180429131005e-05	0.818137050219482	13.4823806264873	13.4404855067661	12.2400795108072	12.0645016059699	12.3073581874531	12.2203422568992	1	1
MvSl-1064-A2-R4_A2g00461	MvSl-1064-A1-R4_A2	MAT	1019996	1020424	7.59618170306549	1.49087082367075	2.41690490330326	0.926034079632505	0.000305019949579498	1.21959451381135e-07	0.0460817758604866	0.00116811343653778	7.5063138528627e-07	0.131323574567964	8.13567238861653	8.92977681236433	6.80326493159549	7.42544564111716	6.66595164183787	5.83380778142036	1	1
MvSl-1064-A2-R4_A2g00502	MvSl-1064-A1-R4_A2	MAT	1064673	1065546	9.93438870222676	-2.60580823483245	-1.33133468967787	1.27447354515458	7.87101134303527e-12	0.000420126886115038	0.000297405794054286	1.01732821608731e-10	0.0013747189881106	0.00199686747436449	8.3186699157841	8.19791573376227	10.5483950153413	11.0694452160026	9.96734226223898	9.01915904250924	2	2
MvSl-1064-A2-R4_A2g00503	MvSl-1064-A1-R4_A2	MAT	1065697	1066723	9.21038801340177	-2.53365260229382	-1.52925811813466	1.00439448415916	5.72087388459763e-11	8.832483659154e-05	0.00384489991279888	6.2929612730574e-10	0.000351261080906355	0.0182368188524497	7.38488598446531	7.66312609968091	9.67287064441905	10.2855374214726	9.20560320931813	8.8088802642105	2	2
MvSl-1064-A2-R4_A2g00504	MvSl-1064-A1-R4_A2	MAT	1066834	1067992	9.27708332243985	-2.29375575560745	-1.24613684145575	1.0476189141517	3.00834111670502e-08	0.00266367516972815	0.00624412738600902	2.14036495785734e-07	0.00736427841042488	0.0269017821547222	7.72459150998776	7.90129217006273	9.73044685520683	10.340391087098	9.43689220822982	8.4761881480873	2	2
MvSl-1064-A2-R4_A2g00509	MvSl-1064-A1-R4_A2	MAT	1080435	1081324	8.14818536630433	-0.0573466804834552	-1.12058369835113	-1.06323701786768	0.89202160733137	0.00724310655375487	0.00763233177530261	0.983315929616883	0.0184467294989718	0.0315673242226516	7.76719530991025	7.57411844519025	8.10082747658316	7.23592661383925	8.32884916203994	9.09073114141778	2	2
MvSl-1064-A2-R4_A2g00512	MvSl-1064-A1-R4_A2	MAT	1085054	1085362	6.64640400147936	-0.686908892276024	-1.49502251580998	-0.808113623533956	0.195860553845721	0.00396290230650718	0.0684451965617248	0.294360192843714	0.0106709400649178	0.174316091736018	5.89166464130039	5.83704955838672	6.09757355772434	6.76045787226148	7.08496620637616	7.3451168144153	2	2
MvSl-1064-A2-R4_A2g00538	MvSl-1064-A1-R4_A2	MAT	1137626	1138144	11.5813153216921	2.17206083078678	2.56861573538162	0.396554904594845	1.01092255185035e-05	2.92801646696543e-07	0.40502816881051	5.07424232336536e-05	1.72020967434219e-06	0.5800541918976	11.6904567491728	13.2835277019928	11.0332686374627	9.75519884412071	10.4278546578015	9.77329907143523	1	1
MvSl-1064-A2-R4_A2g00542	MvSl-1064-A1-R4_A2	MAT	1144215	1145057	10.9185926225989	-0.177378590951254	-0.969397053034017	-0.792018462082763	0.486425531820773	0.000151284942533925	0.00157011737411632	0.614870415528948	0.000570907410876201	0.00836856373626944	10.6089619358718	10.3241778781947	10.7202381051631	10.5757659702195	11.5995687343669	11.2583563197889	2	2
MvSl-1064-A2-R4_A2g00550	MvSl-1064-A1-R4_A2	MAT	1155317	1156000	9.91291778502976	-1.15795648115074	-1.90771196476219	-0.74975548361145	0.000250805059351114	2.21550067238982e-09	0.0112327140008597	0.000974933952515231	1.76217515019314e-08	0.0414808081317463	8.42892545173963	8.92977681236433	9.92548548150643	9.76023683569423	10.74796842896	10.4128815047565	2	2
MvSl-1064-A2-R4_A2g00554	MvSl-1064-A1-R4_A2	MAT	1160864	1161754	8.3734314504209	-0.860062320129644	1.1024034718387	1.96246579196835	0.0318504064001213	0.0113362669829115	3.01103424958261e-06	0.0674863119215686	0.0268846331658956	3.05236217065531e-05	7.54035671284087	8.67542541474378	8.75065016172596	9.31618166991752	7.23296017600828	7.08961928521463	1	1
MvSl-1064-A2-R4_A2g00564	MvSl-1064-A1-R4_A2	MAT	1180202	1180762	12.01051817275	1.16345328038775	1.42984466277299	0.266391382385245	1.44643593071926e-06	4.91614217494232e-09	0.268501568944862	8.12834104545495e-06	3.68354420934084e-08	0.452167137278481	12.7667608049129	12.7040064434204	11.6833851223781	11.4568916434106	11.3332444339911	11.2840291816996	1	1
MvSl-1064-A2-R4_A2g00572	MvSl-1064-A1-R4_A2	MAT	1205655	1206504	7.83682536146803	-4.63240159845455	-3.70071561201431	0.931685986440239	2.19275123912203e-17	2.24452334244977e-10	0.00861202347610926	4.19871255787441e-16	2.00072166904574e-09	0.0339879094438816	5.08802365842333	3.87969287971631	8.39949905916065	8.88938179260151	7.74136905217033	7.77984261217	2	2
MvSl-1064-A2-R4_A2g00588	MvSl-1064-A1-R4_A2	MAT	1252367	1253424	6.95793600820488	1.08030506568423	1.28591261142087	0.205607545736636	0.0224534368132073	0.00962787425572268	0.679833089557732	0.0500363225535697	0.0235795454957012	0.821880758807807	7.5886676011775	7.7056519251537	5.87055994549376	7.11528872160623	6.2686474202435	6.5942477650845	1	1
MvSl-1064-A2-R4_A2g00594	MvSl-1064-A1-R4_A2	MAT	1260063	1261146	10.1935500102167	3.35672596851023	3.78713455749799	0.430408588987757	9.54300085559444e-26	1.29948358413167e-29	0.194239341374637	3.79517803257102e-24	9.59761447137246e-28	0.362533355562047	11.2913486337791	11.8106529812856	8.08325583880276	8.40161118350482	7.80582802265304	7.86395890222948	1	1
MvSl-1064-A2-R4_A2g00595	MvSl-1064-A1-R4_A2	MAT	1261314	1261646	8.7867153596572	1.29307793152916	1.65320886539589	0.360130933866736	0.000182442230159604	4.11228089690527e-06	0.314772737642163	0.000727824251523659	1.98696189130843e-05	0.496478900167674	9.88700873191183	9.25017002408827	8.49561851970173	8.14850777717312	8.11655049691123	7.83646149124531	1	1
MvSl-1064-A2-R4_A2g00598	MvSl-1064-A1-R4_A2	MAT	1264422	1265205	9.74213210756159	1.86544639517867	1.58235898198018	-0.283087413198484	1.81450395906629e-09	3.45263271957703e-07	0.363539805718956	1.53786647022504e-08	1.98334568446814e-06	0.538538909904585	10.7161425049201	10.5969285723308	8.71686307042852	8.89854974203723	8.87098882100611	9.27613085005219	1	1
MvSl-1064-A2-R4_A2g00607	MvSl-1064-A1-R4_A2	MAT	1285920	1286808	10.9109258184519	0.852238009000018	1.18871819879885	0.33648018979883	0.000701858479742128	3.44984682344406e-06	0.184144377920278	0.00246844104780055	1.71133185690828e-05	0.357722849604032	11.3094793079922	11.6754434680163	10.6323496997516	10.6778020767319	10.4632574306624	10.1646352788869	1	1
MvSl-1064-A2-R4_A2g00612	MvSl-1064-A1-R4_A2	MAT	1296553	1297195	8.86192917530409	1.17089491614534	0.852887080878522	-0.318007835266816	0.00173262476595122	0.0227811309412431	0.39650341367832	0.00544370361545134	0.0474913092605754	0.574208024850676	9.02827401507351	9.79420169118507	8.37081762550203	8.25227589173033	8.30674545628857	8.87794295556525	1	1
MvSl-1064-A2-R4_A2g00623	MvSl-1064-A1-R4_A2	MAT	1329055	1329495	4.12979756218455	-1.98528674076905	-5.63324723737844	-3.64796049660939	0.375662930309317	0.00568962952589457	0.00960496393251669	0.493790258748971	0.0147816003260678	0.0367834544674898	3.11375692647303	3.11375692647303	3.58252916129815	3.11375692647303	5.84659931656025	3.70647688030895	2	2
MvSl-1064-A2-R4_A2g00625	MvSl-1064-A1-R4_A2	MAT	1335133	1335486	10.6857667515911	-4.91535035746957	-3.13571671749915	1.77963363997042	9.0431585586728e-23	5.08955657193663e-11	1.97383228424449e-05	2.92207060927115e-21	4.69875133516292e-10	0.000182227016241858	6.93972379509448	7.0873617173818	10.8531857853737	12.4216618909722	9.8190689250573	10.2814012061179	2	2
MvSl-1064-A2-R4_A2g00627	MvSl-1064-A1-R4_A2	MAT	1337297	1338622	9.15808121760614	-2.58905959546944	-5.09648841253087	-2.50742881706143	3.40908176306831e-08	2.90858163564113e-30	1.30374176483217e-13	2.38175036690043e-07	2.50622784271077e-28	2.59244035545473e-12	5.08802365842333	5.98249414802178	7.87436763249397	8.085678719934	10.407227481751	10.4987094299809	2	2
MvSl-1064-A2-R4_A2g00628	MvSl-1064-A1-R4_A2	MAT	1339386	1339705	5.92564253106418	-2.24854646675893	-4.10976183588291	-1.86121536912398	0.0180629528960022	7.15716545142749e-07	0.000865208700506742	0.0424479393056051	3.89500477725054e-06	0.0051415275650803	3.90646337539499	3.87969287971631	4.99640720462562	5.58364873635161	6.97713419078295	6.94261899031198	2	2
MvSl-1064-A2-R4_A2g00648	MvSl-1064-A1-R4_A2	MAT	1380922	1381843	11.4373797008424	0.945785608291763	-8.18049329738752	-9.12627890567929	0.181367138243619	1.62327761913792e-90	3.11517008245435e-110	0.278239793685315	8.39234529094303e-88	1.6105429326289e-107	5.33458399057208	5.0404742153898	4.21929664976079	4.74388042717658	13.0869527447387	12.9329190371913	2	2
MvSl-1064-A2-R4_A2g00652	MvSl-1064-A1-R4_A2	MAT	1390096	1391635	10.255133609961	-0.0220434908635654	-9.07122083921143	-9.04917734834786	0.984916623415713	1.74940956626904e-48	1.42734782435178e-56	1	4.52222372880546e-46	3.68969412594934e-54	3.90646337539499	3.87969287971631	3.11375692647303	4.37494468529484	11.308430171149	12.2069834802722	2	2
MvSl-1064-A2-R4_A2g00662	MvSl-1064-A1-R4_A2	MAT	1412057	1412248	8.23111824669628	-2.98233427490414	-2.81696101705687	0.16537325784727	6.92318225044158e-13	2.92182393790381e-11	0.595753340104148	9.94245895410638e-12	2.79737588128939e-10	0.764279098843287	5.54509296768742	6.23563455386319	8.73947548721996	8.7443754676193	8.69497007867275	8.45825914975131	2	2
MvSl-1064-A2-R4_A2g00664	MvSl-1064-A1-R4_A2	MAT	1413318	1416817	10.7785291304416	0.346539309523517	-3.02346694288035	-3.37000625240387	0.227351054458971	5.76567237906775e-26	2.80158808689195e-32	0.329245084468594	2.12918044284145e-24	1.81052630115392e-30	9.31342531124006	8.77862572671478	8.64681819962622	8.80413802120305	11.9544054899116	12.1826214696124	2	2
MvSl-1064-A2-R4_A2g00665	MvSl-1064-A1-R4_A2	MAT	1417896	1419666	10.5772474760728	-1.8727364852926	-1.44145625973022	0.431280225562379	1.56592938129825e-12	5.79423296731984e-08	0.0799317195328312	2.1304881319242e-11	3.94160321592679e-07	0.192944259944383	9.17788330920395	9.37399086626363	11.0671837997759	11.2067894298501	10.7273151093052	10.6913719590599	2	2
MvSl-1064-A2-R4_A2g00667	MvSl-1064-A1-R4_A2	MAT	1421125	1422227	13.4619506148882	-2.01406803947862	-1.69031984629539	0.32374819318323	8.44299313039359e-11	3.82030227354969e-08	0.276813629610947	8.73005489682697e-10	2.63346170056692e-07	0.460169281378969	12.1807254437392	11.7935048903122	13.9186685099616	14.0993115432344	13.4617612579078	13.8838260331474	2	2
MvSl-1064-A2-R4_A2g00688	MvSl-1064-A1-R4_A2	MAT	1464767	1464975	10.8571650713477	1.53326765031281	2.70696286149131	1.1736952111785	2.50119282353442e-10	1.8814481609126e-25	3.55531603153751e-06	2.3946605366061e-09	6.48472466127877e-24	3.53480459289402e-05	11.9505524419338	11.776150520219	10.3966069999184	10.2785317113327	9.1936077362625	9.15891974284835	1	1
MvSl-1064-A2-R4_A2g00689	MvSl-1064-A1-R4_A2	MAT	1465769	1465982	7.39113049699175	-0.780995093003143	-6.10083084616649	-5.31983575316335	0.468748374984836	2.99496292533017e-21	3.44483403548595e-25	0.593977720262647	9.10821077879824e-20	1.36998399718941e-23	4.41513525817813	3.11375692647303	3.93576293256661	4.57117390382962	8.6605245166696	9.06726609520467	2	2
MvSl-1064-A2-R4_A2g00696	MvSl-1064-A1-R4_A2	MAT	1477968	1478285	9.9907631884109	-4.20742158635544	-1.40784690761361	2.79957467874183	3.24709191303806e-32	0.000120166829131943	4.19122278181394e-19	2.09843314880085e-30	0.000460194449342331	1.203812321221e-17	7.08151797708001	7.21059856188909	11.0671837997759	11.4568916434106	8.51387730619541	8.49389706719081	2	2
MvSl-1064-A2-R4_A2g00697	MvSl-1064-A1-R4_A2	MAT	1478454	1479989	18.7595621875613	-9.00763776219734	-5.92551049170399	3.08212727049335	3.35229302347589e-50	4.01148936597197e-29	2.44826699193097e-11	4.33283873284259e-48	2.59242500275938e-27	3.95548135883847e-10	11.2618571185245	11.0897153339716	20.0944217581262	20.2624516871254	17.1368169187082	17.0598133294013	2	2
MvSl-1064-A2-R4_A2g00701	MvSl-1064-A1-R4_A2	MAT	1489848	1491337	10.7478307285609	1.21479226649906	1.04592300859165	-0.168869257907412	0.00478728691256098	0.0150301607823488	0.692242161681768	0.0135247395289291	0.0336389312747806	0.834240553821617	10.360337606637	11.9976777024999	10.5322971008983	9.74506977274271	10.4781680791742	10.2294941589456	1	1
MvSl-1064-A2-R4_A2g00704	MvSl-1064-A1-R4_A2	MAT	1500175	1501861	8.38653281143913	0.537638404385879	1.37214375835169	0.834505353965813	0.151254073306393	0.000544130616070317	0.0326313678091711	0.242852036954675	0.00174730141930654	0.103323363321942	9.29897881278006	8.41848718642074	8.61047776643597	8.14850777717312	7.77395850722551	7.3836236551554	1	1
MvSl-1064-A2-R4_A2g00707	MvSl-1064-A1-R4_A2	MAT	1504851	1505054	6.71869870925484	-0.0239449447600148	1.20711773577699	1.23106268053701	0.956424565318054	0.0164911852517686	0.00912896677974317	1	0.0363138275088947	0.0354862843994528	7.21061468565967	6.72346051030282	6.88666976489105	7.11528872160623	5.7185106536739	6.04073078641844	1	1
MvSl-1064-A2-R4_A2g00712	MvSl-1064-A1-R4_A2	MAT	1511168	1511455	8.2172115140602	0.0124536699037649	-1.00127295007699	-1.01372661998075	0.97259755506876	0.00494298509625384	0.00264632261370439	1	0.0131052476654525	0.0135460276364868	7.92604382484828	7.7056519251537	7.47696247635456	8.06953441767111	8.793631116732	8.79466194550388	2	2
MvSl-1064-A2-R4_A2g00716	MvSl-1064-A1-R4_A2	MAT	1519880	1522626	7.29562917372139	3.18955941867912	3.47156482330503	0.282005404625908	5.56509260338372e-11	2.58386174366418e-11	0.629242341446998	6.25468016510736e-10	2.56895484898919e-10	0.79415943765472	8.86133568804583	8.54097319970835	5.87055994549376	5.58364873635161	3.75970206774396	6.22166396653778	1	1
MvSl-1064-A2-R4_A2g00730	MvSl-1064-A1-R4_A2	MAT	1550852	1551019	7.50159620933924	1.95541336410603	1.67134822204986	-0.284065142056169	7.79847891474591e-06	0.00016109165683012	0.538331211417923	3.99189465239964e-05	0.000601244693447387	0.717312464698624	7.88794111662086	8.89344759818736	6.92663104272105	6.23196958987485	6.92003699327468	6.83557746355547	1	1
MvSl-1064-A2-R4_A2g00739	MvSl-1064-A1-R4_A2	MAT	1566368	1567059	11.9784404744265	-6.51571050775942	-3.13228005770422	3.38343045005521	2.87551926285386e-61	2.73513431594527e-17	4.63741470065802e-26	7.43321729447724e-59	6.14810626671177e-16	2.17958490930927e-24	7.14750984527376	6.80395475986214	12.987471843334	13.7281511105771	10.1209151711565	9.93759919296573	2	2
MvSl-1064-A2-R4_A2g00740	MvSl-1064-A1-R4_A2	MAT	1567430	1567678	12.4515427876357	-8.36869625471061	-4.57970450653875	3.78899174817185	5.05182932441942e-82	7.41040812062783e-28	2.50685524084687e-32	2.61179576072484e-79	2.9470623064343e-26	1.81052630115392e-30	5.33458399057208	6.11460935776829	13.6292378938234	14.1663143277456	10.1272352887116	10.159096418469	2	2
MvSl-1064-A2-R4_A2g00752	MvSl-1064-A1-R4_A2	MAT	1592302	1592888	6.62253861771309	5.46087285943921	4.94113522290242	-0.519737636536793	1.23263760505578e-18	4.52274778819561e-15	0.608258560605481	2.54909456725536e-17	7.30706439530353e-14	0.776468335390206	8.2897372311707	8.25629978322439	3.11375692647303	4.37494468529484	4.20429070958875	4.12537751991138	1	1
MvSl-1064-A2-R4_A2g00758	MvSl-1064-A1-R4_A2	MAT	1608378	1608889	10.0724045238343	2.15899164343761	-2.43042293005809	-4.5894145734957	1.04492518198052e-09	2.66339856807484e-14	6.41835325591323e-38	9.00377198473218e-09	4.0499325285138e-13	6.63657726661428e-36	8.7595023870371	9.11471587627477	7.14561510470333	6.54384274945573	11.1866287377068	11.5140467246673	2	2
MvSl-1064-A2-R4_A2g00761	MvSl-1064-A1-R4_A2	MAT	1611085	1612825	11.1292291269099	1.66883878284375	1.71617456045688	0.0473357776131278	5.03693114005534e-11	2.25698404620103e-11	0.851636537475112	5.78687422090802e-10	2.31151054036146e-10	0.942818179603068	12.0829286488592	11.9652283966194	10.4072384306496	10.3166488171114	10.507534873679	10.0967227330183	1	1
MvSl-1064-A2-R4_A2g00762	MvSl-1064-A1-R4_A2	MAT	1613152	1614450	9.35034057551042	1.32360238865876	1.08991023109561	-0.233692157563153	0.00011185337144042	0.00154199753381868	0.497232311706083	0.000455340102635409	0.00452961775559238	0.672955772649333	10.1102763619484	9.97890887807418	8.65873106538127	8.81386211952445	9.32037209926826	8.51139124457411	1	1
MvSl-1064-A2-R4_A2g00764	MvSl-1064-A1-R4_A2	MAT	1615720	1616233	7.88016910693201	-0.0526074455554135	-0.904578129422422	-0.851970683867008	0.891048650870416	0.0169766597576596	0.0165019356626568	0.983315929616883	0.0370334729734601	0.0572043358888152	7.80857699333473	7.1502956207499	7.5807896277497	7.54703135803544	8.60726326385225	8.13618746800678	2	2
MvSl-1064-A2-R4_A2g00765	MvSl-1064-A1-R4_A2	MAT	1616276	1617166	9.75211367264609	-0.477973350477594	-0.786971175311623	-0.308997824834029	0.132344328112654	0.0137472354652408	0.316094293557208	0.22000648756991	0.0311724593663575	0.496478900167674	9.28438618912483	9.30651727157863	9.9595928020791	9.54941819812647	10.2597018200824	9.8646090598712	2	2
MvSl-1064-A2-R4_A2g00782	MvSl-1064-A1-R4_A2	MAT	1647322	1648362	6.38399179185265	0.900430678409538	1.6764807171743	0.776050038764763	0.0556515049940573	0.00156675502103684	0.143841504311092	0.108572936158217	0.00456783205769698	0.303534929505448	7.01236220202354	7.1502956207499	6.02579942615664	6.44718707253162	5.5779317950542	5.59215562254963	1	1
MvSl-1064-A2-R4_A2g00784	MvSl-1064-A1-R4_A2	MAT	1652423	1653893	11.5111037435926	-0.0138945978102366	0.812625091541645	0.826519689351882	0.95271617689671	0.000665730742006178	0.000484141585733982	1	0.00208595632495269	0.00309013826943789	11.6166550275737	11.8324052024742	11.6993330001385	11.7844366166704	10.8584617254719	10.9760087662562	1	1
MvSl-1064-A2-R4_A2g00786	MvSl-1064-A1-R4_A2	MAT	1654749	1655046	7.52827312264388	1.57371314754346	0.90290148204041	-0.670811665503049	1.27640047900545e-05	0.0113330812263425	0.0714928366841994	6.28475283472206e-05	0.0268846331658956	0.180915579872181	8.19928584417129	8.28462904271584	6.92663104272105	6.54384274945573	7.27909986179056	7.45768471655827	1	1
MvSl-1064-A2-R4_A2g00787	MvSl-1064-A1-R4_A2	MAT	1655253	1656169	11.4520425011277	1.28587525254136	1.40535835719753	0.119483104656175	9.58820750719691e-07	1.11732124630677e-07	0.647577993785076	5.50789253468978e-06	7.04457419927564e-07	0.803183388739073	12.1162696332088	12.2839028030197	11.1768729360642	10.6096559216967	10.7231487266222	10.8748899571352	1	1
MvSl-1064-A2-R4_A2g00809	MvSl-1064-A1-R4_A2	MAT	1708488	1708969	6.6850573881595	-0.028204866553459	-4.33087028371871	-4.30266541716525	0.976352399906804	1.91958445039008e-09	2.2146460515056e-11	1	1.57527803309789e-08	3.69345809234966e-10	3.90646337539499	4.7466851328021	4.21929664976079	4.57117390382962	7.36717520055933	8.52867582590007	2	2
MvSl-1064-A2-R4_A2g00816	MvSl-1064-A1-R4_A2	MAT	1727524	1728459	13.8035373694538	1.02708025003568	1.40929206706412	0.382211817028445	0.00245405834480777	3.85218049506508e-05	0.256087151937074	0.00741957990798606	0.000163244042290873	0.436953985318373	14.4503158242374	14.5251290840268	13.8140285007177	12.9946873365462	13.1976975750303	12.951462224151	1	1
MvSl-1064-A2-R4_A2g00830	MvSl-1064-A1-R4_A2	MAT	1754739	1754921	8.56730542831868	-1.856936923414	-1.73514698875222	0.121789934661786	2.96471588509412e-07	2.39697034069115e-06	0.697756618651035	1.80324483834548e-06	1.2149349668013e-05	0.835046694080059	7.27107455058873	7.0873617173818	8.87840133814439	9.07064266184747	8.62523637960006	9.05538888292196	2	2
MvSl-1064-A2-R4_A2g00838	MvSl-1064-A1-R4_A2	MAT	1771787	1772240	13.2056520965042	2.41052408157076	2.49065119580201	0.0801271142312468	4.91018286363572e-17	6.57070045331332e-18	0.770935365137861	9.06630193035595e-16	1.61764387350618e-16	0.87325513995555	14.3838505807182	14.3007829945592	12.039427224269	11.8222643333299	11.9419110013432	11.7625559655933	1	1
MvSl-1064-A2-R4_A2g00840	MvSl-1064-A1-R4_A2	MAT	1773353	1773866	10.6290076869958	1.58011492581382	0.903942150068425	-0.676172775745397	4.60160810994989e-10	0.00029987630132834	0.00729659410569017	4.1017782635243e-09	0.00101997399859705	0.0304220899406598	11.2729872042611	11.3631298963435	9.8495645143329	9.63966418541981	10.4978122107625	10.3364213807558	1	1
MvSl-1064-A2-R4_A2g00843	MvSl-1064-A1-R4_A2	MAT	1782285	1783322	11.4248015449871	1.06028873396201	-1.10007029937959	-2.16035903334159	1.10992540487927e-05	3.55390406860461e-06	7.77753752136123e-19	5.51760994540946e-05	1.73336641836659e-05	2.1163088939704e-17	11.0879067502611	11.2201123057225	10.1614749663792	10.0383938010173	12.2863328054367	12.219011931871	2	2
MvSl-1064-A2-R4_A2g00844	MvSl-1064-A1-R4_A2	MAT	1784111	1784371	9.7707173823805	4.50652088509659	5.01704100115863	0.510520116062048	8.76139904991574e-37	1.80584665346161e-39	0.215871677832576	9.05928661761287e-35	1.86724543967931e-37	0.384931756679758	11.2087502775258	11.3598051581713	6.75968176463946	6.98363496428368	6.35734389832423	6.45653516355591	1	1
MvSl-1064-A2-R4_A2g00851	MvSl-1064-A1-R4_A2	MAT	1793528	1793970	9.1436340336853	-1.56859298312026	-1.13756092209292	0.431032061027343	2.44252546475641e-06	0.000760085565596901	0.160732997854102	1.34338900561603e-05	0.00235307926594969	0.332034400029987	8.10278192037794	8.10565532882087	9.77490859560367	9.50208598458534	9.28688979407227	9.14777644591591	2	2
MvSl-1064-A2-R4_A2g00852	MvSl-1064-A1-R4_A2	MAT	1794013	1794201	7.82294514128903	-1.10747990056499	-1.00055215379999	0.106927746765003	0.00597730273137073	0.0152586585607467	0.769256377418977	0.0167041379033442	0.034003131361664	0.87325513995555	6.86323330341461	7.21059856188909	8.08325583880276	8.13305516411865	8.37206584185741	7.52812876222803	2	2
MvSl-1064-A2-R4_A2g00875	MvSl-1064-A1-R4_A2	MAT	1846746	1847566	9.84963471476027	0.907892331660299	1.31860243992784	0.41071010826754	0.00184659043260768	1.08497604819906e-05	0.16619074822798	0.00571669014166568	4.83562600792167e-05	0.338270145015219	10.3533635210424	10.6137743069955	9.51799595895223	9.65597438819101	9.09387471921533	9.26586018746394	1	1
MvSl-1064-A2-R4_A2g00909	MvSl-1064-A1-R4_A2	MAT	1939366	1940814	9.4409000306629	1.11202525178072	1.64901984020831	0.536994588427588	0.000183011900769972	1.02048243085723e-07	0.0804984899852636	0.000727824251523659	6.51344958954554e-07	0.192944259944383	10.3393133880289	10.0548899127524	9.09553781245712	9.11063933711595	8.58906341110543	8.56263587776647	1	1
MvSl-1064-A2-R4_A2g00916	MvSl-1064-A1-R4_A2	MAT	1952534	1952924	10.7542076028963	0.417667390992535	0.732248490875521	0.314581099882985	0.139663730208928	0.0105483119307478	0.267575686852861	0.230506091941594	0.0253587936258679	0.452080490532448	10.9186987474747	11.2740944960856	10.7315621972445	10.6509286356219	9.9813647323266	10.6875295670129	1	1
MvSl-1064-A2-R4_A2g00929	MvSl-1064-A1-R4_A2	MAT	1982422	1983799	11.9243828322094	3.12260905719851	2.3260473073527	-0.79656174984581	5.47398877424239e-29	8.45492629810611e-18	0.00269520670688358	2.83005219628332e-27	1.98690768005494e-16	0.0136609987005766	13.3493743404443	12.8509627402778	10.0796540963223	9.93525834963697	10.7884086810152	10.8127499964961	1	1
MvSl-1064-A2-R4_A2g00940	MvSl-1064-A1-R4_A2	MAT	2012628	2012780	6.6516928291523	-4.64568835550563	-3.51441225114101	1.13127610436462	4.14664327358707e-08	0.000118164617184073	0.0441824430653642	2.85841942992602e-07	0.000455903784210193	0.129785926504507	3.11375692647303	4.37735967579641	7.99203642546378	6.63442743198923	6.35734389832423	6.45653516355591	2	2
MvSl-1064-A2-R4_A2g00944	MvSl-1064-A1-R4_A2	MAT	2020276	2021554	6.38051581657346	0.999444611214886	2.44982052313736	1.45037591192247	0.0766275494644208	0.000185606006165012	0.027526987737837	0.138519031724145	0.000671037099211965	0.090646195289565	7.72459150998776	6.45091805767337	6.4662822887127	6.1109860688087	4.5436632405532	5.45423330597254	1	1
MvSl-1064-A2-R4_A2g00946	MvSl-1064-A1-R4_A2	MAT	2024263	2024860	3.94626183399483	3.56800900004161	5.52774092855157	1.95973192850995	0.01977251303453	0.00555174103133183	0.329181507477726	0.0454328410615645	0.014496212692922	0.503511359070959	3.11375692647303	5.83704955838672	3.11375692647303	3.54589589354536	3.11375692647303	3.11375692647303	1	1
MvSl-1064-A2-R4_A2g00984	MvSl-1064-A1-R4_A2	MAT	2125376	2125812	6.15841082724452	-1.22194759507156	-5.6456191968101	-4.42367160173854	0.377267218966815	7.53833270828526e-09	3.70709866381222e-09	0.493790258748971	5.48918029603307e-08	4.56326192664504e-08	3.11375692647303	3.87969287971631	4.21929664976079	3.87798840270851	8.03822414980724	6.8900907496904	2	2
MvSl-1064-A2-R4_A2g00986	MvSl-1064-A1-R4_A2	MAT	2128636	2129629	11.3538141991804	1.58939165476845	1.94638378968139	0.356992134912939	1.9434633161176e-11	9.43325115909339e-16	0.132943647166155	2.45065984008e-10	1.74178244616117e-14	0.285194463007893	12.2518307484916	12.294389741287	10.6915327860922	10.6857674567005	10.4227254466453	10.2400260500824	1	1
MvSl-1064-A2-R4_A2g00997	MvSl-1064-A1-R4_A2	MAT	2150048	2151803	13.6424717132804	-0.690682275001357	1.36300922670008	2.05369150170143	0.0222763512469712	9.21061399219297e-06	5.39131197862007e-11	0.0498565956479831	4.14077168170762e-05	8.44638876650477e-10	13.8672651392265	13.3711748928965	14.278993517988	14.3806235444428	12.3739807961279	12.1771513641961	1	1
MvSl-1064-A2-R4_A2g01007	MvSl-1064-A1-R4_A2	MAT	2176103	2177263	5.3322753638544	2.7177422640311	5.07195861657193	2.35421635254082	0.000211307398661576	7.58215285898949e-07	0.0561140842846289	0.00083393835960332	4.08330523760163e-06	0.151098862370589	6.50884379736078	6.88019423146693	3.93576293256661	4.89810488338009	3.75970206774396	3.11375692647303	1	1
MvSl-1064-A2-R4_A2g01013	MvSl-1064-A1-R4_A2	MAT	2194008	2194852	8.833756974407	-1.10874197487023	-1.98403950849959	-0.875297533629352	0.00319552356992301	1.34222255354163e-07	0.00995423077366408	0.00944048963228684	8.16387129624735e-07	0.0378407155145907	7.99935699084493	7.0873617173818	8.50884165329035	8.84264723658806	9.52568892892227	9.5712679873482	2	2
MvSl-1064-A2-R4_A2g01018	MvSl-1064-A1-R4_A2	MAT	2213635	2214925	10.9160043109608	2.77931767469547	1.86156183355163	-0.917755841143838	1.56846631200283e-27	4.83521013157812e-14	0.000247868231240776	7.37179166641328e-26	7.1422961086454e-13	0.00168615625725633	12.0765905164589	11.9297919475926	9.34447341103901	9.13411568931504	10.1707174493385	10.1310785782795	1	1
MvSl-1064-A2-R4_A2g01023	MvSl-1064-A1-R4_A2	MAT	2227476	2228423	8.75955742654836	0.218628203621873	-1.77799363109747	-1.99662183471935	0.529638341994072	1.00415645502496e-07	5.19453810405743e-10	0.656649934798405	6.48936109059883e-07	7.06730578894129e-09	7.72459150998776	8.1678130962759	7.72373663448924	7.7831394714033	9.60933572527613	9.80201491638487	2	2
MvSl-1064-A2-R4_A2g01030	MvSl-1064-A1-R4_A2	MAT	2256927	2257413	10.9850915020087	4.56644885498707	3.9864206785055	-0.580028176481572	1.47914871131643e-57	4.43968343309199e-46	0.0426258979706038	2.54906627916865e-55	5.73829083727139e-44	0.127384908964174	12.3566864086165	12.521147277317	7.83291078554813	8.00308757366181	8.51387730619541	8.45825914975131	1	1
MvSl-1064-A2-R4_A2g01034	MvSl-1064-A1-R4_A2	MAT	2266194	2267443	10.5347151825976	0.693943791680318	1.45453974036915	0.760595948688837	0.0185240164506904	1.70665765928329e-06	0.0111854616014104	0.042945813923798	9.00286802892342e-06	0.0414808081317463	11.2126091407261	11.0531305462423	10.0972693900995	10.7223685668408	9.92443806304412	9.41273332959386	1	1
MvSl-1064-A2-R4_A2g01035	MvSl-1064-A1-R4_A2	MAT	2267519	2268034	9.37273256994931	0.200846271892651	0.820485553115649	0.619639281222998	0.512764717938046	0.00966898190539393	0.0465446805606226	0.641887068217844	0.0235795454957012	0.131323574567964	9.55141046777275	9.78431527753751	9.29952708640513	9.62868736719427	8.76148798967149	8.95667772896413	1	1
MvSl-1064-A2-R4_A2g01037	MvSl-1064-A1-R4_A2	MAT	2271999	2272163	3.54344850937932	4.5670650053937	4.5670650053937	0	0.00928461779711715	0.0202823275614394	1	0.0242431686924726	0.0428607206870803	1	3.11375692647303	5.0404742153898	3.11375692647303	3.11375692647303	3.11375692647303	3.11375692647303	1	1
MvSl-1064-A2-R4_A2g01040	MvSl-1064-A1-R4_A2	MAT	2278645	2279789	6.93981429189654	-1.80247680553929	-1.2799351315977	0.52254167394159	0.000483146397834842	0.0184837220390224	0.23333362419694	0.00174676005371058	0.0394549882106921	0.410022716298828	6.40474955728763	4.7466851328021	7.33569861842837	7.52352016971765	7.18529597904435	6.65846899643627	2	2
MvSl-1064-A2-R4_A2g01051	MvSl-1064-A1-R4_A2	MAT	2291671	2291950	7.95732756331423	-0.811567257709159	-1.79414507080567	-0.98257781309651	0.104957843552903	0.00032572170891472	0.0322273573803734	0.179679487141891	0.00107947515069814	0.103195739299477	6.2925565079114	7.37771477681357	8.11818766930049	7.14640702375913	8.11655049691123	9.05538888292196	2	2
MvSl-1064-A2-R4_A2g01055	MvSl-1064-A1-R4_A2	MAT	2297984	2298706	14.0367368563913	-1.37065897709923	0.876705694694601	2.24736467179383	9.39125066954942e-05	0.0118043726707788	4.72550703656962e-10	0.000388422127692564	0.0277402757763302	6.60293821055809e-09	13.8562069638089	13.2244302989151	14.7216461538186	15.1377017467646	12.909486712624	12.4520187716067	1	1
MvSl-1064-A2-R4_A2g01056	MvSl-1064-A1-R4_A2	MAT	2299480	2299803	12.7066721193337	-3.0828501031163	-1.38338582665374	1.69946427646256	3.17370984593207e-27	3.62268680966774e-07	2.23389421103702e-10	1.36733999195573e-25	2.05816382483321e-06	3.29978087744611e-09	10.5853460468674	10.8019270621348	13.7601005322297	13.7888837582151	12.0671773418569	12.0866855313963	2	2
MvSl-1064-A2-R4_A2g01057	MvSl-1064-A1-R4_A2	MAT	2300250	2300420	10.2940159642614	-4.66714775900789	-1.97686544090225	2.69028231810564	5.85791065799644e-33	3.33477296814737e-07	8.89228402121044e-16	5.04756635030694e-31	1.93716587026089e-06	1.91554618290242e-14	6.40474955728763	7.42937868084259	11.3055751228286	11.8258729871373	9.13208707268505	8.67557014486768	2	2
MvSl-1064-A2-R4_A2g01063	MvSl-1064-A1-R4_A2	MAT	2313804	2314247	7.25562222909614	2.22631413149272	3.33541717822119	1.10910304672847	4.01348871058449e-09	9.07304765852043e-14	0.0254852320597462	3.24214634901904e-08	1.23441201038291e-12	0.0850055804831535	8.55585874660447	8.4687362202181	6.23122328370897	6.54384274945573	5.7185106536739	5.13115290357423	1	1
MvSl-1064-A2-R4_A2g01065	MvSl-1064-A1-R4_A2	MAT	2316448	2317266	10.9547810192313	0.86503301846301	0.941756389799294	0.0767233713362839	0.000475243191862307	0.000165446141550209	0.757103604159022	0.00174023756162281	0.000610968965581845	0.871765174499364	11.3832338394731	11.5957204707125	10.4524235891242	10.7904371931807	10.5691835712003	10.5419112376634	1	1
MvSl-1064-A2-R4_A2g01067	MvSl-1064-A1-R4_A2	MAT	2318831	2319016	8.12765676812058	-7.52764664924295	-4.48386327590296	3.04378337333999	1.05496812308902e-30	4.5087779990876e-07	3.23183732769348e-16	6.06020577374469e-29	2.50649271562182e-06	7.59481772007968e-15	3.11375692647303	3.87969287971631	9.30711605645205	9.50208598458534	6.35734389832423	6.5942477650845	2	2
MvSl-1064-A2-R4_A2g01071	MvSl-1064-A1-R4_A2	MAT	2326180	2326725	6.50026332888153	0.373699659160753	2.02963818432497	1.65593852516422	0.423530148153423	0.000312335927386335	0.00245816467637592	0.544689270137611	0.00104855632765413	0.012837082198852	7.01236220202354	7.0873617173818	6.92663104272105	6.44718707253162	4.81821117806819	5.59215562254963	1	1
MvSl-1064-A2-R4_A2g01074	MvSl-1064-A1-R4_A2	MAT	2331461	2331763	4.37488351164887	-4.79391099888714	-5.13158774446183	-0.33767674557469	0.0149746821889715	0.00857292024699885	0.727750847034716	0.0364521329695425	0.0215155328529049	0.853695012061037	3.11375692647303	3.11375692647303	4.99640720462562	3.87798840270851	4.5436632405532	4.93768418498214	2	2
MvSl-1064-A2-R4_A2g01078	MvSl-1064-A1-R4_A2	MAT	2338977	2340060	5.84348988875493	1.59461670586216	-2.24761390535913	-3.84223061122128	0.0913395755134451	0.00276424531889289	1.33327877125865e-06	0.161161102696877	0.00760167462695544	1.40674515253208e-05	4.41513525817813	5.49305542726264	3.11375692647303	4.57117390382962	6.66595164183787	7.26487547282784	2	2
MvSl-1064-A2-R4_A2g01082	MvSl-1064-A1-R4_A2	MAT	2349021	2350066	3.71441891215933	2.92470223333651	4.89194380006667	1.96724156673016	0.0272834378073776	0.00748125523266221	0.315733663215925	0.0592852210505405	0.0189598478200312	0.496478900167674	4.79045923691204	4.37735967579641	3.11375692647303	3.54589589354536	3.11375692647303	3.11375692647303	1	1
MvSl-1064-A2-R4_A2g01084	MvSl-1064-A1-R4_A2	MAT	2353138	2353305	3.78644521354722	0	-4.95790107788658	-4.95790107788658	1	0.0103951138786713	0.001396301988647	1	0.025113429323706	0.00776223793688707	3.11375692647303	3.11375692647303	3.11375692647303	3.11375692647303	4.81821117806819	4.44961854339828	2	2
MvSl-1064-A2-R4_A2g01085	MvSl-1064-A1-R4_A2	MAT	2353629	2354970	8.28956284665741	0.311742491930373	1.24829596336204	0.936553471431664	0.315094282617196	0.000211910361521118	0.00425889854911843	0.433254638598645	0.000745290183036856	0.0198364914404886	8.84153595746404	8.58719693058656	8.4136287467859	8.41445081171946	7.45018158477354	7.56210154357375	1	1
MvSl-1064-A2-R4_A2g01086	MvSl-1064-A1-R4_A2	MAT	2355648	2355991	9.45494511803278	-2.38568051297708	-8.23954125139584	-5.85386073841876	0.0065098033677556	2.60783398401589e-47	2.43491360170728e-45	0.0180944534469336	4.49416723245404e-45	4.19616777360888e-43	4.41513525817813	3.11375692647303	5.13929950101204	5.6718420428437	11.0097920167992	10.9885548878413	2	2
MvSl-1064-A2-R4_A2g01087	MvSl-1064-A1-R4_A2	MAT	2356982	2358396	12.732753218596	-1.10176760606984	-0.884502127131515	0.217265478938329	6.30091473214224e-05	0.00128612618699306	0.422304669009693	0.00027842503559979	0.00384351005014688	0.599902878968181	12.1728242019341	11.7984251785856	13.1748969000605	13.0164313490958	12.921355022202	12.8390503771682	2	2
MvSl-1064-A2-R4_A2g01089	MvSl-1064-A1-R4_A2	MAT	2359883	2361828	6.94390846101309	0.664565109024438	-3.41335847016128	-4.07792357918571	0.347866332926434	2.2802134924262e-11	3.44644372583395e-17	0.473281300323596	2.31151054036146e-10	8.48481622026739e-16	5.33458399057208	5.0404742153898	4.65955535130125	4.74388042717658	8.19084246781072	8.36511145692855	2	2
MvSl-1064-A2-R4_A2g01090	MvSl-1064-A1-R4_A2	MAT	2361910	2362535	4.80365278888857	1.57415799434284	2.54306771270902	0.96890971836618	0.0521507210676688	0.00810618032338482	0.344387150145033	0.102908102259484	0.0204433913521461	0.51999444237225	5.33458399057208	5.98249414802178	4.21929664976079	4.74388042717658	4.20429070958875	3.70647688030895	1	1
MvSl-1064-A2-R4_A2g01092	MvSl-1064-A1-R4_A2	MAT	2367563	2369773	11.0272666871456	1.39725403978313	0.906053051865844	-0.491200987917288	1.25310065298978e-08	0.000199848659231063	0.0440250838715397	9.66944832232409e-08	0.000712563840154893	0.129785926504507	11.6049581993022	11.7535265493677	10.1698238073858	10.3997067719221	10.689377285689	10.8613105334625	1	1
MvSl-1064-A2-R4_A2g01095	MvSl-1064-A1-R4_A2	MAT	2381659	2382034	5.23077633942099	1.27429981317457	4.5267090432899	3.25240923011533	0.103161344217645	7.60195501423514e-05	0.00658978719047361	0.17719074737715	0.000307047714246841	0.0278111462634356	6.78245917511234	5.28443966949091	4.99640720462562	5.28121920625784	3.75970206774396	3.11375692647303	1	1
MvSl-1064-A2-R4_A2g01100	MvSl-1064-A1-R4_A2	MAT	2391139	2391339	6.31734119122018	2.45040294336288	2.13632591418979	-0.314077029173085	0.00178271074464548	0.00690492163925178	0.701851735292161	0.00555217743964888	0.0176724974628375	0.838007730129439	6.17089730123376	8.13706894105601	5.60103090296026	4.89810488338009	6.17413861769827	4.44961854339828	1	1
MvSl-1064-A2-R4_A2g01103	MvSl-1064-A1-R4_A2	MAT	2396670	2396985	5.91468981732481	0.0596572246255925	-2.10898942959619	-2.16864665422178	0.93514022328956	0.000921167658760389	0.000132627267950824	1	0.00278505075777264	0.00099374344247212	4.79045923691204	5.28443966949091	4.99640720462562	5.03742334516175	6.79858074601232	6.94261899031198	2	2
MvSl-1064-A2-R4_A2g01118	MvSl-1064-A1-R4_A2	MAT	2422309	2423196	8.71148266713344	-0.285732198850904	-1.18903503912669	-0.903302840275786	0.388643727723545	0.000295807356543921	0.0033913217900959	0.503580970508955	0.0010127973730676	0.016698222528377	8.16782970538147	8.10565532882087	8.44147962178637	8.38865625890498	9.16931336518821	9.42201304295975	2	2
MvSl-1064-A2-R4_A2g01125	MvSl-1064-A1-R4_A2	MAT	2434540	2436647	8.65901690371638	-0.0899567845625926	-1.10109480753212	-1.01113802296952	0.787671612710329	0.000842853757163401	0.00122537248924864	0.893039964410614	0.0025675253783397	0.00696173161474227	8.03466223110026	8.31241271519875	8.13534144527767	8.38865625890498	9.28688979407227	9.23460206821597	2	2
MvSl-1064-A2-R4_A2g01129	MvSl-1064-A1-R4_A2	MAT	2439423	2440133	4.66194014597424	-0.890477974768093	4.89291736063049	5.78339533539859	0.418032979668834	0.0114088512194198	0.00112042949650128	0.538960225657823	0.0269332241115984	0.00650856235608046	4.79045923691204	4.37735967579641	3.93576293256661	5.90805890555209	3.11375692647303	3.11375692647303	1	1
MvSl-1064-A2-R4_A2g01140	MvSl-1064-A1-R4_A2	MAT	2467216	2467733	7.96331289043871	-0.121672933738326	-1.73195157075344	-1.61027863701511	0.769343904894583	1.41847442126673e-05	1.42964881471757e-05	0.879698094174823	6.26795962217861e-05	0.000134386988583452	7.14750984527376	7.1502956207499	7.07624913036864	7.42544564111716	8.37206584185741	9.15891974284835	2	2
MvSl-1064-A2-R4_A2g01141	MvSl-1064-A1-R4_A2	MAT	2468201	2469609	11.8266248455275	-1.47005478901144	-2.19773922287434	-0.727684433862903	0.0010807415762211	1.72395345234704e-06	0.0973577239282295	0.00358168842888658	9.00286802892342e-06	0.222195302850424	9.06288698755277	11.0198131285846	11.9281776246529	11.6938689147448	12.289153956981	12.7570959059714	2	2
MvSl-1064-A2-R4_A2g01144	MvSl-1064-A1-R4_A2	MAT	2472735	2475006	10.2535869837625	0.692448629207834	1.13686061682924	0.444411987621404	0.0382221782712232	0.000844253992877657	0.187053365255187	0.0784161355802477	0.0025675253783397	0.360845484466163	10.4414983582555	11.0695050923816	9.70194595535392	10.4125632847739	9.89510960946505	9.38453058843139	1	1
MvSl-1064-A2-R4_A2g01148	MvSl-1064-A1-R4_A2	MAT	2481405	2481672	7.65708713596907	2.20026736433646	3.10430412084863	0.904036756512169	5.05290797138402e-08	7.02028512125306e-12	0.0585626092348867	3.43730713316518e-07	7.4071171585466e-11	0.155265994740699	9.19358788770776	8.49321930607644	7.07624913036864	6.39631717001451	6.17413861769827	5.71803540581464	1	1
MvSl-1064-A2-R4_A2g01149	MvSl-1064-A1-R4_A2	MAT	2481973	2482404	5.40200390402323	-1.65002938910914	-2.56803812701189	-0.918008737902746	0.0735289953640995	0.00359754122188465	0.161200453399471	0.134326821919574	0.00978909900902296	0.332034400029987	3.11375692647303	4.7466851328021	5.49870283851681	5.03742334516175	5.84659931656025	6.22166396653778	2	2
MvSl-1064-A2-R4_A2g01156	MvSl-1064-A1-R4_A2	MAT	2499437	2501054	9.72859796279721	0.617741383445757	0.971864774457629	0.354123391011872	0.0634406631883624	0.0042183770135671	0.291880668600558	0.121028866673001	0.0113000047461875	0.479054938623773	10.0425180399656	10.3512172531223	9.23733387784901	9.87615368490165	9.46710246584991	8.9819958879134	1	1
MvSl-1064-A2-R4_A2g01157	MvSl-1064-A1-R4_A2	MAT	2501686	2502282	4.67839023026282	-2.7770174707723	-6.51517977413535	-3.73816230336306	0.208908147225402	6.89106201943644e-05	0.000147118105964527	0.312154659293447	0.000282752306670527	0.0010712684617417	3.11375692647303	3.11375692647303	3.58252916129815	3.54589589354536	6.07300196808057	5.59215562254963	2	2
MvSl-1064-A2-R4_A2g01158	MvSl-1064-A1-R4_A2	MAT	2502506	2502754	3.9293310537543	0	-5.27002340299856	-5.27002340299856	1	0.00935285913276739	0.00151754428523316	1	0.0231955242791233	0.00825863574174258	3.11375692647303	3.11375692647303	3.11375692647303	3.11375692647303	3.75970206774396	5.45423330597254	2	2
MvSl-1064-A2-R4_A2g01171	MvSl-1064-A1-R4_A2	MAT	2526936	2527205	7.06092575554818	-2.0469102663557	-1.27786156215592	0.769048704199787	9.39924090461632e-06	0.0105947764471711	0.0438384211124069	4.76412504675161e-05	0.0253587936258679	0.129785926504507	5.89166464130039	5.67528098043046	7.81172689697765	7.49961946976756	6.97713419078295	6.8900907496904	2	2
MvSl-1064-A2-R4_A2g01172	MvSl-1064-A1-R4_A2	MAT	2527309	2527467	8.60320036391207	-2.03629815289027	-7.36025112045697	-5.3239529675667	0.0311846477438416	1.90564777334318e-28	1.2302365808746e-26	0.0664693083508538	9.85219898818426e-27	7.06702569235741e-25	3.11375692647303	4.37735967579641	5.49870283851681	4.74388042717658	9.6537926000445	10.4721534175639	2	2
MvSl-1064-A2-R4_A2g01174	MvSl-1064-A1-R4_A2	MAT	2530580	2530952	7.56579930180104	2.76703053812957	2.01730275061667	-0.749727787512903	6.75605449976298e-10	4.27922363277809e-06	0.117046240959055	5.92013589216519e-09	2.04848020198729e-05	0.25850195751185	8.5799582376491	8.87493407143968	6.62042775423698	5.38922813008979	7.1360030749403	6.38241352323196	1	1
MvSl-1064-A2-R4_A2g01176	MvSl-1064-A1-R4_A2	MAT	2535423	2536801	13.8200073041046	2.16276811477393	2.43472060337633	0.2719524886024	3.5276251808891e-11	1.69381779839511e-13	0.387091772062609	4.24135399655735e-10	2.24539436351352e-12	0.566930442369317	15.0405299653624	14.771781222809	12.9290357527818	12.5479303207203	12.6555486441463	12.2789716725961	1	1
MvSl-1064-A2-R4_A2g01178	MvSl-1064-A1-R4_A2	MAT	2538206	2538679	12.2674915496867	1.70381239852465	1.94379909624272	0.23998669771807	3.04672063125565e-10	1.26639611830202e-12	0.367567865387035	2.81277601135567e-09	1.45494842924920e-11	0.542950246871706	13.3012612050657	13.1073852860818	11.719378616098	11.2575514418783	11.3167491049719	11.2163051475502	1	1
MvSl-1064-A2-R4_A2g01185	MvSl-1064-A1-R4_A2	MAT	2549999	2550414	9.6263233328928	-1.73764690997897	-1.67589103917884	0.0617558708001358	3.02217876061095e-08	1.14527430211887e-07	0.828532025043441	2.14036495785734e-07	7.13381703849949e-07	0.925164269864922	8.53134983693676	8.04069847664228	10.0528211903866	9.97913085485638	9.95318216002352	9.95688098972022	2	2
MvSl-1064-A2-R4_A2g01200	MvSl-1064-A1-R4_A2	MAT	2591127	2591291	5.03214863082895	3.51421452332579	3.92486296205097	0.410648438725179	0.000100677430923627	0.000105255726771819	0.743765511489349	0.000413097077678691	0.000412251596522958	0.864105099865154	6.93972379509448	5.67528098043046	3.93576293256661	3.87798840270851	3.75970206774396	3.70647688030895	1	1
MvSl-1064-A2-R4_A2g01206	MvSl-1064-A1-R4_A2	MAT	2599101	2600289	4.16702706337195	-4.22172724039491	-4.9571903325508	-0.735463092155884	0.0347361302186453	0.00932710361549508	0.431019796436563	0.0730023549717059	0.0231955242791233	0.605535964015497	3.11375692647303	3.11375692647303	4.45615513094595	3.87798840270851	4.81821117806819	4.44961854339828	2	2
MvSl-1064-A2-R4_A2g01220	MvSl-1064-A1-R4_A2	MAT	2625926	2626225	6.66565272146252	-3.75668083123335	-4.65960208580165	-0.902921254568302	3.61411593771091e-06	1.40208204819265e-09	0.0501543170825787	1.92628653587272e-05	1.20812736485933e-08	0.137924371977091	3.11375692647303	4.37735967579641	6.71474084632553	6.54384274945573	7.03205743136477	7.80842978640506	2	2
MvSl-1064-A2-R4_A2g01221	MvSl-1064-A1-R4_A2	MAT	2626461	2627611	7.10617539516118	-0.574393273103741	1.28200403873083	1.85639731183457	0.19387507667018	0.0126171892598127	9.97865669643633e-05	0.292225698654469	0.0292515105261129	0.000793687001855013	7.01236220202354	7.21059856188909	7.11134897408365	8.05320740807768	5.84659931656025	6.04073078641844	1	1
MvSl-1064-A2-R4_A2g01224	MvSl-1064-A1-R4_A2	MAT	2631665	2632900	10.3564666153315	0.774679075682365	1.0303952736591	0.25571619797673	0.0103504327946735	0.00078405563312387	0.39999115951107	0.0264909591824068	0.00241283787098238	0.575102586958156	10.8608608939494	10.9240125610816	9.73608008743514	10.425306238613	10.0888924849558	9.61238064920207	1	1
MvSl-1064-A2-R4_A2g01239	MvSl-1064-A1-R4_A2	MAT	2664094	2664525	5.3084604868349	-3.75577967466112	-3.10081839213137	0.654961282529747	0.00132058875472355	0.0130684698991846	0.400458281054035	0.00432116700121568	0.0300284397239041	0.575102586958156	3.11375692647303	3.87969287971631	5.38855891474641	6.17274565839417	5.84659931656025	4.44961854339828	2	2
MvSl-1064-A2-R4_A2g01245	MvSl-1064-A1-R4_A2	MAT	2683100	2683291	8.48670998286126	1.01571071290662	2.59681552867493	1.58110481576831	0.00850374651902079	1.65064346763338e-09	0.000206808971496204	0.022662046135741	1.37642366575235e-08	0.0014448680846424	8.71666738772647	9.79420169118507	8.48227306645936	8.22338156312756	6.79858074601232	6.8900907496904	1	1
MvSl-1064-A2-R4_A2g01251	MvSl-1064-A1-R4_A2	MAT	2694507	2695594	10.6710064885835	-0.452792007791826	-0.895498720452885	-0.442706712661059	0.101398412253033	0.00126831997598363	0.101533269926763	0.175327689414107	0.00381233388129964	0.228229132835377	10.4545921030226	9.83308347045385	10.7173931390283	10.5293042774283	11.1529530441911	10.9760087662562	2	2
MvSl-1064-A2-R4_A2g01263	MvSl-1064-A1-R4_A2	MAT	2721660	2722144	9.81923012182723	1.24133647178599	0.930734673559542	-0.310601798226447	8.09306468056075e-05	0.00314154837313104	0.32403866601605	0.000342960199987697	0.00859354766618385	0.497115698309489	10.4740125609656	10.4294215011373	8.99575460092668	9.41532346302256	9.73879624332151	9.28632891151228	1	1
MvSl-1064-A2-R4_A2g01272	MvSl-1064-A1-R4_A2	MAT	2754912	2755521	9.89348655487895	-2.44115110653244	-4.32567117459799	-1.88452006806555	3.55535101192245e-10	4.41373434584674e-28	5.49206853074929e-09	3.22476574239282e-09	2.07445514254797e-26	6.45318052363042e-08	7.27107455058873	6.23563455386319	9.02365976384201	9.34329271573072	11.2195362627148	10.8883427548951	2	2
MvSl-1064-A2-R4_A2g01281	MvSl-1064-A1-R4_A2	MAT	2777733	2777960	10.1639246932892	1.23142491569298	-0.672559379500113	-1.90398429519309	1.30853391206774e-05	0.0139039367684226	1.21095848346177e-11	6.38218898621717e-05	0.0313901105208493	2.08688511983245e-10	10.1185266960569	10.2032471938543	8.89863516444008	8.98716071056814	10.6591645394073	10.9822954651242	2	2
MvSl-1064-A2-R4_A2g01282	MvSl-1064-A1-R4_A2	MAT	2779342	2780037	10.9224250373334	2.23499760923855	2.05870960686129	-0.176288002377262	1.0281717042457e-14	1.0644177935372e-12	0.535333428771019	1.6108023366516e-13	1.25069090740621e-11	0.716885133648844	11.7096978968094	12.204576986065	9.4849210488091	9.97913085485638	9.79545258633504	10.0496040136728	1	1
MvSl-1064-A2-R4_A2g01283	MvSl-1064-A1-R4_A2	MAT	2780356	2780517	8.79392140067772	1.5901974610534	1.39310427275274	-0.197093188300657	2.75724238626346e-07	8.97749877834392e-06	0.536623881474086	1.69701704011692e-06	4.07137444596825e-05	0.716885133648844	9.59935867829663	9.64921802100583	7.95387000315156	8.16379663075899	8.32884916203994	8.18060334386827	1	1
MvSl-1064-A2-R4_A2g01297	MvSl-1064-A1-R4_A2	MAT	2825660	2826820	10.5200871172308	-3.42863493957659	-1.16330206515222	2.26533287442437	9.14374219966498e-24	0.000514476679833799	5.55663712378007e-13	3.15154314481786e-22	0.00166240277171296	1.02599335464082e-11	8.55585874660447	8.00708932896956	11.3337131819075	11.9914044715009	9.33136238542727	9.55448916904844	2	2
MvSl-1064-A2-R4_A2g01302	MvSl-1064-A1-R4_A2	MAT	2834759	2835394	5.61104122593885	-4.34878103329118	-2.93415309494286	1.41462793834832	7.67654010339341e-05	0.0178576068293821	0.0554832838055372	0.000327997622599536	0.0386292164468224	0.150182501190904	3.90646337539499	3.11375692647303	6.02579942615664	6.63442743198923	4.20429070958875	5.71803540581464	2	2
MvSl-1064-A2-R4_A2g01304	MvSl-1064-A1-R4_A2	MAT	2838533	2838880	9.4392891563462	1.04577473020679	1.62127711782424	0.575502387617444	0.00154986339282073	2.25800822837134e-06	0.0894910332978385	0.00491582438090994	1.15583193472077e-05	0.209352326764627	10.2369337732096	10.1192249003749	8.92846356621836	9.32980087554722	8.19084246781072	8.87794295556525	1	1
MvSl-1064-A2-R4_A2g01307	MvSl-1064-A1-R4_A2	MAT	2844200	2844358	5.60237709541456	1.08678606298795	3.04583609294834	1.9590500299604	0.087493174368209	0.000181794015595548	0.0187995413443162	0.155979210856428	0.000666578057183676	0.0639431768092861	6.78245917511234	6.11460935776829	5.26930570211194	5.75495319512767	4.5436632405532	3.70647688030895	1	1
MvSl-1064-A2-R4_A2g01324	MvSl-1064-A1-R4_A2	MAT	2890613	2891088	11.7186187320409	1.5784528249227	1.34798779947578	-0.23046502544692	1.16616791667946e-10	3.48676911955328e-08	0.341162413899405	1.18217414298683e-09	2.43602653352574e-07	0.51999444237225	12.6704428119081	12.3490679243929	10.9701367474587	10.9176368107735	11.1121137528489	11.2322183177573	1	1
MvSl-1064-A2-R4_A2g01327	MvSl-1064-A1-R4_A2	MAT	2894190	2894940	9.13024951129171	-0.88610843464352	-0.989326099806645	-0.103217665163125	0.011321555549009	0.00504999906531379	0.755770435547528	0.0285524108235982	0.013253043232321	0.871765174499364	8.78045220881375	8.00708932896956	9.34447341103901	9.2815603274952	9.32037209926826	9.50294910000177	2	2
MvSl-1064-A2-R4_A2g01351	MvSl-1064-A1-R4_A2	MAT	2964970	2966008	4.36115741936281	-5.02897645299598	-4.72814298159205	0.300833471403938	0.00976873157288853	0.0203111732462953	0.765166672196078	0.0253790664481576	0.0428607206870803	0.87325513995555	3.11375692647303	3.11375692647303	3.93576293256661	5.16446493342177	4.20429070958875	4.7141928441488	2	2
MvSl-1064-A2-R4_A2g01377	MvSl-1064-A1-R4_A2	MAT	3046536	3047073	5.19823402968721	-0.512744104737874	2.58801769678349	3.10076180152137	0.51408547442395	0.0180393459245206	0.00198869344329475	0.641985966853098	0.0386985138712745	0.0104913725528917	4.41513525817813	5.83704955838672	5.60103090296026	5.83353613689966	4.20429070958875	3.11375692647303	1	1
MvSl-1064-A2-R4_A2g01380	MvSl-1064-A1-R4_A2	MAT	3049436	3049886	4.9615279920887	-6.31275335216386	-4.73864114076254	1.57411221140132	7.34756295718737e-05	0.0146415303792581	0.0464736451483446	0.000319217651165199	0.0329116139394628	0.131323574567964	3.11375692647303	3.11375692647303	5.38855891474641	5.90805890555209	4.5436632405532	4.44961854339828	2	2
MvSl-1064-A2-R4_A2g01385	MvSl-1064-A1-R4_A2	MAT	3065290	3065475	8.61235381220036	2.35434686067278	2.183417985279	-0.170928875393781	1.41827003140159e-10	4.65092125804156e-09	0.6559394909902	1.41008770429735e-09	3.53606807412865e-08	0.807000853268314	9.71268894514236	9.75424292436437	7.3650796525158	7.49961946976756	8.01114099267524	7.04226413471125	1	1
MvSl-1064-A2-R4_A2g01386	MvSl-1064-A1-R4_A2	MAT	3065537	3065855	8.0078236237939	-1.14218244361516	-1.17579018861592	-0.0336077450007606	0.00415006048182593	0.00365166690284483	0.925389637327547	0.0118540401607956	0.00988435491503024	1	7.43859280241935	6.80395475986214	8.54779905755355	7.87889046989283	8.19084246781072	8.36511145692855	2	2
MvSl-1064-A2-R4_A2g01389	MvSl-1064-A1-R4_A2	MAT	3072959	3073240	11.4299896434556	-1.12965733752479	-1.75836669868583	-0.628709361161035	5.17666926686837e-06	2.351164173308e-12	0.00835882066678681	2.73095715405199e-05	2.64250408173964e-11	0.0337617990994436	10.3393133880289	10.2614201680482	11.5791145708897	11.2539842246283	12.1140710054129	11.9886045951989	2	2
MvSl-1064-A2-R4_A2g01405	MvSl-1064-A1-R4_A2	MAT	3110671	3111496	10.3592823312767	0.67122698325304	0.912107828596627	0.240880845343588	0.0104375576868617	0.000624023485873432	0.361584019735226	0.0265823513502833	0.00197926467605254	0.537180856905494	10.6264235737028	11.0198131285846	10.1232955007819	10.21390066441	9.90984836199928	9.95048231520428	1	1
MvSl-1064-A2-R4_A2g01407	MvSl-1064-A1-R4_A2	MAT	3113684	3114631	11.8606692239606	-1.03397700754842	-1.57891411525658	-0.54493710770816	7.54645633792076e-05	2.25142709523281e-09	0.0323359956799135	0.000325126493892086	1.7636178912657e-08	0.103195739299477	11.0879067502611	10.5741571780227	11.8156302007828	11.9490127995005	12.3458041144112	12.5053769798026	2	2
MvSl-1064-A2-R4_A2g01408	MvSl-1064-A1-R4_A2	MAT	3115139	3115754	8.70097603715132	-4.21003320091324	-3.21425397463821	0.995779226275031	1.22757187345742e-15	1.57804602154222e-09	0.0143036162358777	2.04727309218544e-14	1.33745867727431e-08	0.0506504766708821	5.89166464130039	5.28443966949091	8.99575460092668	9.99203659740643	8.32884916203994	8.82295982230377	2	2
MvSl-1064-A2-R4_A2g01418	MvSl-1064-A1-R4_A2	MAT	3134582	3135198	6.3044284310483	1.66870360342893	2.3059318554535	0.637228252024571	0.00139830709820701	7.43574094592016e-05	0.298710002113862	0.00449021596132313	0.000302699060554388	0.485638588342348	6.93972379509448	7.61930858400792	5.49870283851681	6.04646394408337	5.42216103452088	5.13115290357423	1	1
MvSl-1064-A2-R4_A2g01420	MvSl-1064-A1-R4_A2	MAT	3144331	3144775	12.223635889494	2.08369237358154	2.21083328811642	0.127140914534873	8.97134839905737e-15	3.58407519228854e-16	0.627739264697931	1.44943347572271e-13	6.86284027560434e-15	0.79415943765472	13.4385698811393	13.0894315041234	11.31877454065	11.0592618765892	11.1436306798032	10.9885548878413	1	1
MvSl-1064-A2-R4_A2g01429	MvSl-1064-A1-R4_A2	MAT	3165368	3165907	6.81054870839201	0.384603422551689	-2.73071325795241	-3.1153166805041	0.544128523295637	1.56206404001106e-07	1.266113582873e-10	0.670007165178436	9.39054777541531e-07	1.92523741866277e-09	5.08802365842333	5.83704955838672	4.65955535130125	5.58364873635161	7.92670046880482	8.09036061788473	2	2
MvSl-1064-A2-R4_A2g01438	MvSl-1064-A1-R4_A2	MAT	3184589	3185623	4.59530554096265	6.63661983916635	2.81722119209586	-3.81939864707049	3.78559690481555e-05	0.0185446076116019	0.0339798684849551	0.000170394568476044	0.0394549882106921	0.105828867510372	6.60593016582419	4.7466851328021	3.11375692647303	3.11375692647303	4.5436632405532	3.11375692647303	1	1
MvSl-1064-A2-R4_A2g01446	MvSl-1064-A1-R4_A2	MAT	3205571	3205876	11.4251137503647	1.44031989765468	1.78086069751722	0.340540799862543	9.65561581867782e-09	3.40655642899971e-12	0.174980551949553	7.56356572463096e-08	3.74721207189968e-11	0.345910503949224	12.4479020310803	12.0988627640426	10.9653485454251	10.7197847739745	10.483104245169	10.5333737516062	1	1
MvSl-1064-A2-R4_A2g01448	MvSl-1064-A1-R4_A2	MAT	3208501	3208976	8.44199837982286	1.5216873144164	1.99885457433772	0.477167259921323	1.45034858027342e-05	6.90870747013291e-08	0.201124382352794	6.94287237038294e-05	4.5792330282804e-07	0.368728034313455	9.64576444791633	9.0501749279062	7.65403286527156	8.085678719934	7.27909986179056	7.56210154357375	1	1
MvSl-1064-A2-R4_A2g01476	MvSl-1064-A1-R4_A2	MAT	3275092	3276160	9.75768633222256	0.285990020652413	-2.42923816691993	-2.71522818757234	0.378805479699347	2.18731134851887e-14	3.30999912076912e-18	0.49455159849637	3.42678777934623e-13	8.55634772718817e-17	8.60366176421394	8.41848718642074	8.18561194603033	8.28060286841733	10.8431857000144	10.9854285712007	2	2
MvSl-1064-A2-R4_A2g01479	MvSl-1064-A1-R4_A2	MAT	3279518	3279981	6.73637897054857	2.88773344938458	1.40115190577414	-1.48658154361044	3.26602751767501e-09	0.00173979817572243	0.00458220492827616	2.6802162327587e-08	0.00499708698249164	0.0207807012975331	7.76719530991025	7.82618882937228	4.99640720462562	5.38922813008979	6.17413861769827	6.7199528555078	1	1
MvSl-1064-A2-R4_A2g01481	MvSl-1064-A1-R4_A2	MAT	3281806	3282401	7.86375683610103	-1.37322522696662	-0.979848532316635	0.393376694649987	0.000332296502381704	0.0136115400736956	0.249959397991725	0.00126321538037751	0.0311379036199143	0.427910625038814	6.50884379736078	7.3241318173787	8.23418959992956	8.34907852371476	8.01114099267524	7.80842978640506	2	2
MvSl-1064-A2-R4_A2g01482	MvSl-1064-A1-R4_A2	MAT	3282483	3283010	9.47570874481672	-1.57549520114047	-1.27889049729908	0.296604703841386	8.83419192118693e-07	7.81356665629294e-05	0.317477915031962	5.13177216095915e-06	0.000313148369093291	0.496478900167674	8.26021241772344	8.49321930607644	9.96440011331631	9.90373394199899	9.81123968814727	9.44949933532168	2	2
MvSl-1064-A2-R4_A2g01483	MvSl-1064-A1-R4_A2	MAT	3283327	3283912	11.1193214422822	-0.964651644212402	-1.11251060216445	-0.147858957952045	0.000351032383272744	4.10599657563105e-05	0.572586342604718	0.00131509958081166	0.000172585384520427	0.745660300067101	10.4014886331201	10.2966220287869	10.9891322034387	11.5716689084042	11.4078229595538	11.505342237833	2	2
MvSl-1064-A2-R4_A2g01484	MvSl-1064-A1-R4_A2	MAT	3285286	3286579	9.60350925170541	-1.8499431161313	-2.30748995304682	-0.457546836915519	2.00943738681979e-08	3.62302148264129e-12	0.118051064871004	1.46321004082511e-07	3.90229605526155e-11	0.25861186668775	7.99935699084493	7.90129217006273	9.53748294967113	9.96174162288089	10.1829039565231	10.255681116847	2	2
MvSl-1064-A2-R4_A2g01485	MvSl-1064-A1-R4_A2	MAT	3286655	3287279	7.82781858310361	-2.81361046470786	-2.4138260843267	0.399784380381158	2.92687126640278e-10	1.71531772421622e-07	0.242689657763772	2.75125899041862e-09	1.01933248668941e-06	0.421042124375403	6.03802611450082	5.49305542726264	8.16904898223664	8.6057156256024	8.06480823969498	7.96898930772097	2	2
MvSl-1064-A2-R4_A2g01489	MvSl-1064-A1-R4_A2	MAT	3290499	3291386	15.4728008715613	0.900500156820024	1.5155963525263	0.615096195706278	0.0102732210936348	2.0586388150361e-05	0.0784501229436029	0.0264241557483045	8.94383417961062e-05	0.192221391288354	16.2012040336918	16.0823895411841	15.1053519545086	15.368007753994	14.492142969402	14.751607780944	1	1
MvSl-1064-A2-R4_A2g01492	MvSl-1064-A1-R4_A2	MAT	3294110	3294277	8.73273330722963	-0.54492287914295	-1.24624428975537	-0.701321410612418	0.126849178786802	0.000475370699821263	0.0354710999423335	0.212925407249274	0.00154570221262637	0.109811728563991	7.99935699084493	8.10565532882087	8.73947548721996	8.41445081171946	8.9727616293603	9.52033451236425	2	2
MvSl-1064-A2-R4_A2g01493	MvSl-1064-A1-R4_A2	MAT	3294517	3296272	9.7283586216309	-0.244492240396463	-1.54236593768992	-1.29787369729346	0.607032484741835	0.0013565175282957	0.00595582726096727	0.724793982936556	0.00400754035502217	0.0260945991010176	7.68069120611266	9.63828246339279	9.38088779493181	9.02113534022993	10.2423386152711	10.7142138541165	2	2
MvSl-1064-A2-R4_A2g01496	MvSl-1064-A1-R4_A2	MAT	3298098	3298294	6.35035449210465	-1.65042830732224	-1.69139020084484	-0.0409618935226074	0.0099256326304427	0.0095623601173311	0.937266779119148	0.0256577603496944	0.0235416199079056	1	5.33458399057208	5.0404742153898	6.66835485258431	6.54384274945573	5.96423727374493	7.08961928521463	2	2
MvSl-1064-A2-R4_A2g01517	MvSl-1064-A1-R4_A2	MAT	3338727	3339119	10.2896689477878	0.0898729472704918	0.998845063563606	0.908972116293114	0.770799297217012	0.00163326828261549	0.0037572742529932	0.879698094174823	0.00471731677157659	0.0179862110073841	10.5058101086118	10.6631625151268	10.0300727852728	10.8483590036	9.72219147192402	9.45854628060052	1	1
MvSl-1064-A2-R4_A2g01524	MvSl-1064-A1-R4_A2	MAT	3348904	3349075	5.06392688485812	-0.788258336903262	-3.10451943918061	-2.31626110227734	0.503322158086551	0.00207653111859324	0.00413621027810387	0.631596009055211	0.0057718633780253	0.0194401883070882	3.11375692647303	4.37735967579641	4.21929664976079	4.37494468529484	5.5779317950542	6.38241352323196	2	2
MvSl-1064-A2-R4_A2g01528	MvSl-1064-A1-R4_A2	MAT	3357588	3357861	4.04376116825622	-3.93939417650584	-4.73936454464831	-0.799970368142467	0.0639893386369302	0.0211685912483949	0.473737314113872	0.121626794394459	0.044488462095204	0.649660985137591	3.11375692647303	3.11375692647303	3.11375692647303	4.57117390382962	4.5436632405532	4.44961854339828	2	2
MvSl-1064-A2-R4_A2g01539	MvSl-1064-A1-R4_A2	MAT	3385274	3385982	9.27381617849363	3.21230086354263	2.60198574806611	-0.610315115476525	6.82622725503124e-19	2.38675811945897e-13	0.0971023145614774	1.53441716993528e-17	3.08488486940072e-12	0.222195302850424	10.8006071208541	10.2398792479561	7.42210537455664	7.37378932944004	7.83700872079834	8.11345599511226	1	1
MvSl-1064-A2-R4_A2g01540	MvSl-1064-A1-R4_A2	MAT	3386449	3386788	5.85558086227792	2.07934977712656	3.09305542951056	1.01370565238399	0.00425406309887562	0.000183545212496917	0.244496793821483	0.0120843440775753	0.000668259682119058	0.421349474685689	5.89166464130039	7.66312609968091	5.38855891474641	5.03742334516175	4.5436632405532	4.44961854339828	1	1
MvSl-1064-A2-R4_A2g01541	MvSl-1064-A1-R4_A2	MAT	3386914	3387183	5.90033280646503	2.65193376227417	5.72637031690471	3.07443655463054	3.79020800285204e-05	1.9942497814375e-09	0.00661657831799338	0.000170394568476044	1.61097990156748e-08	0.0278111462634356	6.86323330341461	7.66312609968091	4.65955535130125	5.28121920625784	3.75970206774396	3.11375692647303	1	1
MvSl-1064-A2-R4_A2g01570	MvSl-1064-A1-R4_A2	MAT	3443558	3444743	11.1854189692254	1.96687160940105	0.908835028417992	-1.05803658098306	7.29867219445575e-11	0.00194970441761484	0.000361911814740278	7.70084392761964e-10	0.00553844606542238	0.00236846086355346	12.046638724138	11.8203611473775	9.58195436703767	10.2890275603377	11.25170988409	10.7734144803191	1	1
MvSl-1064-A2-R4_A2g01574	MvSl-1064-A1-R4_A2	MAT	3449068	3449912	7.8323896608411	-3.76954893375333	-2.29742940298176	1.47211953077157	6.07103734602429e-11	0.000138484971684453	0.00134559755814056	6.539013141447e-10	0.000526446546771047	0.00756167323433335	5.72876078214831	4.7466851328021	8.37081762550203	9.09477347948204	6.59476558357498	7.83646149124531	2	2
MvSl-1064-A2-R4_A2g01576	MvSl-1064-A1-R4_A2	MAT	3460083	3461198	10.2492202670163	3.70101517836544	2.27197475147775	-1.42904042688769	1.546795558648e-21	4.10054243968876e-10	0.000119494846340483	4.44274057678341e-20	3.59318718867642e-09	0.000936042963000451	11.2355480477716	11.7124087224988	7.30570676731824	8.22338156312756	9.55411348154531	8.83690330203645	1	1
MvSl-1064-A2-R4_A2g01581	MvSl-1064-A1-R4_A2	MAT	3473396	3474561	7.95619102186094	0.879322317054031	1.4780173653927	0.598695048338667	0.00794909018954514	3.40283787829758e-05	0.0916664917833191	0.0214045813958064	0.000146605598589987	0.213475568702594	8.45522129208216	8.77862572671478	7.65403286527156	7.87889046989283	7.03205743136477	7.3451168144153	1	1
MvSl-1064-A2-R4_A2g01587	MvSl-1064-A1-R4_A2	MAT	3493135	3494190	7.61148123011528	-3.66759923575801	-10.0040887256717	-6.33648948991368	0.0738425594500277	4.0894957485431e-24	1.73614451986373e-26	0.134424659280508	1.32141831374799e-22	8.97586716769546e-25	3.11375692647303	3.11375692647303	3.93576293256661	3.87798840270851	8.64298833836297	9.50294910000177	2	2
MvSl-1064-A2-R4_A2g01591	MvSl-1064-A1-R4_A2	MAT	3503287	3504041	4.90685197584221	-3.658621686191	-6.77700402808584	-3.11838234189484	0.0846047324957804	3.71335893701409e-05	0.000716666703113084	0.151351718686223	0.000158661700036057	0.00435901982952311	3.11375692647303	3.11375692647303	3.58252916129815	4.14775951663943	6.51988389319599	5.45423330597254	2	2
MvSl-1064-A2-R4_A2g01593	MvSl-1064-A1-R4_A2	MAT	3505859	3507002	7.13580671315663	0.935686356549975	-4.2815841696115	-5.21727052616148	0.276375142106583	2.12244694592248e-15	2.66778923479246e-23	0.386178239105685	3.78381058979974e-14	9.19498022925134e-22	5.33458399057208	3.87969287971631	3.93576293256661	4.37494468529484	8.53304435528887	8.61212256184829	2	2
MvSl-1064-A2-R4_A2g01603	MvSl-1064-A1-R4_A2	MAT	3524930	3525520	12.274678957064	-2.9816932938475	-2.16746270896322	0.814230584884276	1.05122086400296e-21	9.75591320247778e-13	0.00442584411655138	3.19694815699723e-20	1.17297840132117e-11	0.020421827011682	10.3533635210424	9.84264235995221	12.9756153310542	13.2000431884764	12.0050456182162	12.5086472412929	2	2
MvSl-1064-A2-R4_A2g01611	MvSl-1064-A1-R4_A2	MAT	3535815	3538071	12.5301659166334	-0.410291591078218	1.32019326225186	1.73048485333007	0.139997897233386	3.47562562815028e-06	1.53494166774413e-09	0.230506091941594	1.71133185690828e-05	1.98391210555929e-08	12.6435383778903	12.6868615646036	12.9154463271044	13.2189210946413	11.58357089136	11.0675484807553	1	1
MvSl-1064-A2-R4_A2g01616	MvSl-1064-A1-R4_A2	MAT	3553425	3553947	8.61317034463742	-1.91108114780714	-3.95816969294835	-2.04708854514122	2.25370412027799e-05	4.61772726332976e-20	3.02263849561257e-09	0.000104032591980689	1.19368249757074e-18	3.81147342007732e-08	5.72876078214831	6.23563455386319	7.55552491929411	7.96868011951539	9.96734226223898	9.57958478156025	2	2
MvSl-1064-A2-R4_A2g01645	MvSl-1064-A1-R4_A2	MAT	3627568	3627894	7.68630335696339	0.865697018326375	2.60730293312694	1.74160591480057	0.0296505002747393	1.87361086426562e-08	0.00016204744582322	0.0638721193418343	1.34535669003518e-07	0.00116359068736951	8.95645251916071	7.8642291576485	7.70087420493178	7.6374221896989	6.07300196808057	6.04073078641844	1	1
MvSl-1064-A2-R4_A2g01655	MvSl-1064-A1-R4_A2	MAT	3651159	3652583	10.3883958607564	1.35060271595251	1.71607215930821	0.365469443355705	7.33636943370601e-08	3.00756923696206e-11	0.152855893070289	4.86269615028975e-07	2.82711508274433e-10	0.31865522869895	11.2393359881074	11.1979408699614	9.87531798606659	9.87615368490165	9.51608824937324	9.51166799421354	1	1
MvSl-1064-A2-R4_A2g01659	MvSl-1064-A1-R4_A2	MAT	3658072	3658420	4.94032691308921	7.22711780480495	3.96982558114175	-3.2572922236632	4.30099754713803e-09	1.91185069233605e-05	0.0638769675326961	3.42094727980055e-08	8.37649837235373e-05	0.165051825502345	6.40474955728763	6.54760032690326	3.11375692647303	3.11375692647303	3.75970206774396	3.70647688030895	1	1
MvSl-1064-A2-R4_A2g01660	MvSl-1064-A1-R4_A2	MAT	3658473	3658671	4.93384092022335	5.20633314811745	3.92743320152429	-1.27889994659316	4.26709919186699e-07	4.55653409797094e-05	0.389736563489256	2.53573595654625e-06	0.000188458250292078	0.569191534813406	6.60593016582419	6.23563455386319	3.11375692647303	3.54589589354536	3.11375692647303	4.12537751991138	1	1
MvSl-1064-A2-R4_A2g01661	MvSl-1064-A1-R4_A2	MAT	3659646	3660680	8.57790252298799	0.716635727703801	0.839353560068002	0.122717832364201	0.0356915853225877	0.0165062852313158	0.722919041023194	0.0747066785901937	0.0363138275088947	0.853308548422354	9.01065105290763	9.09884930254626	7.95387000315156	8.66063461413319	8.30674545628857	8.15856632668548	1	1
MvSl-1064-A2-R4_A2g01676	MvSl-1064-A1-R4_A2	MAT	3703262	3704013	9.69687680618239	3.27971904254484	2.22624853849746	-1.05347050404738	6.52688008750149e-24	7.82878154926795e-13	0.00119018656434323	2.41028357517019e-22	9.63685728802746e-12	0.00683696059739391	10.7430727519791	11.0613410505142	7.81172689697765	7.54703135803544	8.85584556048427	8.54575577406776	1	1
MvSl-1064-A2-R4_A2g01677	MvSl-1064-A1-R4_A2	MAT	3704056	3704652	4.48731727454118	4.35310307526937	2.52063689420495	-1.83246618106442	0.000477976274178799	0.0225243998954541	0.213013878786803	0.00174023756162281	0.0471462135463553	0.383415447838343	5.08802365842333	6.11460935776829	3.58252916129815	3.11375692647303	4.5436632405532	3.11375692647303	1	1
MvSl-1064-A2-R4_A2g01685	MvSl-1064-A1-R4_A2	MAT	3722329	3722894	10.8667700436983	1.76162979096507	1.60272061009039	-0.158909180874684	2.66468918830843e-09	6.34821839112599e-08	0.587602041925794	2.22200695218622e-08	4.26237520547031e-07	0.755697153421979	11.5511161984892	11.9409596251226	10.323655253918	9.60087427557633	10.2597018200824	10.0615287497274	1	1
MvSl-1064-A2-R4_A2g01691	MvSl-1064-A1-R4_A2	MAT	3730392	3730556	7.61817645707069	1.11159862101707	1.09278496222442	-0.0188136587926449	0.00305615385974204	0.00477365838361209	0.961483245491706	0.00908064106601515	0.0127215535274611	1	8.37485068922403	8.1678130962759	7.55552491929411	6.76045787226148	7.08496620637616	7.3451168144153	1	1
MvSl-1064-A2-R4_A2g01696	MvSl-1064-A1-R4_A2	MAT	3740764	3742167	11.8224919557259	0.555892226597446	0.669559880196764	0.113667653599318	0.03005467421327	0.00937691407028387	0.657151565233966	0.0644741351380107	0.0231955242791233	0.807000853268314	12.2272451709557	12.1746144689717	11.7874229293084	11.490627397622	11.7463872515337	11.2840291816996	1	1
MvSl-1064-A2-R4_A2g01702	MvSl-1064-A1-R4_A2	MAT	3751517	3752054	7.06670132938434	-2.1892458405035	-4.54033006922717	-2.35108422872366	0.00207058653575456	5.68820878832383e-14	2.26057445912749e-08	0.00637198356538753	8.16889984323173e-13	2.54068912036721e-07	4.79045923691204	3.87969287971631	6.02579942615664	6.1109860688087	7.95539997022392	8.52867582590007	2	2
MvSl-1064-A2-R4_A2g01703	MvSl-1064-A1-R4_A2	MAT	3752179	3752331	7.04585930534529	2.26899924998618	-3.77049429346222	-6.0394935434484	0.0148127272028936	2.82220225030331e-11	7.39126174401281e-21	0.0362946917720188	2.75297842152229e-10	2.24781313038507e-19	5.54509296768742	4.37735967579641	3.11375692647303	4.14775951663943	8.0909113228767	8.76579789354246	2	2
MvSl-1064-A2-R4_A2g01704	MvSl-1064-A1-R4_A2	MAT	3752514	3753158	6.80543790602919	-0.115344333836644	-1.16505623364859	-1.04971189981195	0.817389504439434	0.0156861917252695	0.016434863350568	0.918674725641712	0.0348058417251688	0.0572043358888152	6.50884379736078	6.11460935776829	6.29367484059317	6.54384274945573	7.03205743136477	7.69051660502723	2	2
MvSl-1064-A2-R4_A2g01708	MvSl-1064-A1-R4_A2	MAT	3758404	3758689	6.31029121743631	-8.23191208392247	-4.9594896056828	3.27242247823967	4.14471280353386e-07	0.0137296500243977	0.000565020482749393	2.4916471156128e-06	0.0311724593663575	0.00347756654263615	3.11375692647303	3.11375692647303	5.38855891474641	8.22338156312756	4.81821117806819	4.44961854339828	2	2
MvSl-1064-A2-R4_A2g01712	MvSl-1064-A1-R4_A2	MAT	3767784	3768554	6.52129959001389	0.444647094395611	3.25927178374808	2.81462468935247	0.516885262331947	0.000116870639785535	0.000752922623872784	0.643926941266547	0.000454301659918209	0.00452629065746778	5.72876078214831	7.90129217006273	6.02579942615664	7.26457324635268	4.5436632405532	4.44961854339828	1	1
MvSl-1064-A2-R4_A2g01714	MvSl-1064-A1-R4_A2	MAT	3770641	3771216	9.71043636906805	-1.61425354158263	-1.4404399417714	0.173813599811232	2.26324087708377e-07	4.56084593988001e-06	0.546364427431785	1.40975365476182e-06	2.16326362469538e-05	0.722430713509548	8.62698212796199	8.44383046384287	9.96440011331631	10.2785317113327	9.79545258633504	10.1025058234932	2	2
MvSl-1064-A2-R4_A2g01717	MvSl-1064-A1-R4_A2	MAT	3775738	3776041	7.37622814542585	1.65824622881984	-3.78781584386012	-5.44606207267996	0.0346367679352393	6.50123554478967e-13	3.70732028946742e-22	0.0730023549717059	8.19789945525917e-12	1.19792786853416e-20	6.17089730123376	3.11375692647303	4.21929664976079	4.14775951663943	8.77764906962927	8.82295982230377	2	2
MvSl-1064-A2-R4_A2g01718	MvSl-1064-A1-R4_A2	MAT	3777566	3778113	9.80937234830483	-1.59922762063261	-2.11325428508967	-0.514026664457058	2.20596554556438e-05	2.84874203606668e-08	0.142233090381074	0.000102746323158269	2.01753374335134e-07	0.301370933307439	8.3186699157841	8.36642462490861	9.78037119104066	10.042535154387	9.85759019749424	10.8337621134057	2	2
MvSl-1064-A2-R4_A2g01722	MvSl-1064-A1-R4_A2	MAT	3793135	3793839	9.56782271318223	-0.50654493840857	-1.13238044560927	-0.625835507200698	0.165523615120607	0.00203794065913998	0.0769090407781257	0.260108538046668	0.00572617022160528	0.190248679819574	8.84153595746404	9.0501749279062	9.53748294967113	9.35665955063085	9.47703358909319	10.4854925257222	2	2
MvSl-1064-A2-R4_A2g01723	MvSl-1064-A1-R4_A2	MAT	3793945	3794673	8.03405740555901	-0.990594743517952	-1.90476712041196	-0.914172376894006	0.0132145286821267	1.33145765936585e-06	0.00785626804283547	0.0326885709505241	7.09653206074377e-06	0.0322356395090947	6.50884379736078	7.21059856188909	7.85378811531976	7.84134916845872	8.45479921884216	8.96939234693867	2	2
MvSl-1064-A2-R4_A2g01730	MvSl-1064-A1-R4_A2	MAT	3813478	3813972	7.4876346751254	-5.9331441839342	-2.79075023258539	3.14239395134881	2.27931971910909e-19	0.00157267718814325	2.64982941697321e-12	5.35640133990636e-18	0.00456783205769698	4.72400623646603e-11	3.90646337539499	3.87969287971631	8.38522961615106	8.97854055142082	5.42216103452088	6.04073078641844	2	2
MvSl-1064-A2-R4_A2g01740	MvSl-1064-A1-R4_A2	MAT	3833778	3834725	11.9623687413849	-0.6106857252831	-0.751248075783367	-0.140562350500267	0.0119611671952274	0.00206660821190399	0.557532663955731	0.0298740262798674	0.0057718633780253	0.731310002700514	11.5842577437226	11.353132607257	12.1490568855054	12.0126700040346	12.218396122747	12.2269755434082	2	2
MvSl-1064-A2-R4_A2g01743	MvSl-1064-A1-R4_A2	MAT	3837356	3837658	4.71253717290727	3.04122714542236	6.75129753684013	3.71007039141777	0.050165201557128	0.00177417849630192	0.0874789580237939	0.09975157386552	0.00506768111927122	0.20651425250366	3.11375692647303	6.95260623233791	4.45615513094595	3.11375692647303	3.11375692647303	3.11375692647303	1	1
MvSl-1064-A2-R4_A2g01748	MvSl-1064-A1-R4_A2	MAT	3847031	3847750	4.85087237074951	4.29363259846253	4.66575280722077	0.372120208758241	2.14671916158394e-05	4.25271618858163e-05	0.809607215130324	0.000100895800594445	0.000177310828185218	0.907954295493226	6.69689301187728	5.83704955838672	3.11375692647303	3.87798840270851	3.11375692647303	3.70647688030895	1	1
