gene	logFC	FDR
1	MvSl-1064-A2-R4_A2g00152	-2.47572741234385	2.05390776354257e-09
2	MvSl-1064-A2-R4_A2g00155	-3.10072489851168	2.00752018473821e-17
3	MvSl-1064-A2-R4_A2g00156	-1.54106854183459	0.00749027940711617
4	MvSl-1064-A2-R4_A2g00167	-2.33611029620525	1.18412034063039e-06
5	MvSl-1064-A2-R4_A2g00175	-3.4305063202391	1.10927356788727e-06
6	MvSl-1064-A2-R4_A2g00177	-1.0285032525992	0.0227858830148334
7	MvSl-1064-A2-R4_A2g00188	-1.68767006572315	0.00177325485300736
8	MvSl-1064-A2-R4_A2g00189	-1.26487185859325	0.000370225993378845
9	MvSl-1064-A2-R4_A2g00190	-1.3165064000511	0.0034397777200121
10	MvSl-1064-A2-R4_A2g00219	-2.16578156291447	1.34042075674681e-05
11	MvSl-1064-A2-R4_A2g00236	-0.937205645466114	0.00131947012209541
12	MvSl-1064-A2-R4_A2g00252	-1.42636675422619	0.0400028491994315
13	MvSl-1064-A2-R4_A2g00282	-3.74136231221655	5.7263798019562e-17
14	MvSl-1064-A2-R4_A2g00330	-1.5559113446539	3.53049062704085e-07
15	MvSl-1064-A2-R4_A2g00331	-1.3809005726354	6.80598758330049e-05
16	MvSl-1064-A2-R4_A2g00340	-1.00716926009074	0.00137952716102663
17	MvSl-1064-A2-R4_A2g00344	-2.51724370630915	5.71529513573196e-10
18	MvSl-1064-A2-R4_A2g00346	-3.42951155763809	5.79993615634118e-20
19	MvSl-1064-A2-R4_A2g00359	-2.47185382279755	8.11675514228595e-15
20	MvSl-1064-A2-R4_A2g00360	-5.2483281916532	0.0236002218983343
21	MvSl-1064-A2-R4_A2g00361	-1.97718287861077	0.0232206549956903
22	MvSl-1064-A2-R4_A2g00362	-2.02048930691408	0.0276911898808477
23	MvSl-1064-A2-R4_A2g00404	-1.76253249162744	2.79297393790765e-10
24	MvSl-1064-A2-R4_A2g00450	-1.20446783595627	0.042945813923798
25	MvSl-1064-A2-R4_A2g00483	-0.893892548295422	0.0186278707004949
26	MvSl-1064-A2-R4_A2g00502	-2.60580823483245	1.01732821608731e-10
27	MvSl-1064-A2-R4_A2g00503	-2.53365260229382	6.2929612730574e-10
28	MvSl-1064-A2-R4_A2g00504	-2.29375575560745	2.14036495785734e-07
29	MvSl-1064-A2-R4_A2g00510	-3.07013517943504	0.0195473774141112
30	MvSl-1064-A2-R4_A2g00524	-5.37605011826321	0.00979424507496808
31	MvSl-1064-A2-R4_A2g00550	-1.15795648115074	0.000974933952515231
32	MvSl-1064-A2-R4_A2g00572	-4.63240159845455	4.19871255787441e-16
33	MvSl-1064-A2-R4_A2g00625	-4.91535035746957	2.92207060927115e-21
34	MvSl-1064-A2-R4_A2g00627	-2.58905959546944	2.38175036690043e-07
35	MvSl-1064-A2-R4_A2g00628	-2.24854646675893	0.0424479393056051
36	MvSl-1064-A2-R4_A2g00637	-0.813955907939416	0.0310016541963574
37	MvSl-1064-A2-R4_A2g00662	-2.98233427490414	9.94245895410638e-12
38	MvSl-1064-A2-R4_A2g00665	-1.8727364852926	2.1304881319242e-11
39	MvSl-1064-A2-R4_A2g00667	-2.01406803947862	8.73005489682697e-10
40	MvSl-1064-A2-R4_A2g00685	-1.0794025080226	0.0114248729567642
41	MvSl-1064-A2-R4_A2g00692	-4.61067432815417	0.0426885494509893
42	MvSl-1064-A2-R4_A2g00696	-4.20742158635544	2.09843314880085e-30
43	MvSl-1064-A2-R4_A2g00697	-9.00763776219734	4.33283873284259e-48
44	MvSl-1064-A2-R4_A2g00729	-0.864195031411624	0.00704462530143923
45	MvSl-1064-A2-R4_A2g00739	-6.51571050775942	7.43321729447724e-59
46	MvSl-1064-A2-R4_A2g00740	-8.36869625471061	2.61179576072484e-79
47	MvSl-1064-A2-R4_A2g00760	-3.01649709312697	0.0422259490258716
48	MvSl-1064-A2-R4_A2g00830	-1.856936923414	1.80324483834548e-06
49	MvSl-1064-A2-R4_A2g00848	-2.65714339967703	0.0044675314054352
50	MvSl-1064-A2-R4_A2g00851	-1.56859298312026	1.34338900561603e-05
51	MvSl-1064-A2-R4_A2g00852	-1.10747990056499	0.0167041379033442
52	MvSl-1064-A2-R4_A2g00906	-0.97455974720564	0.000381144984025087
53	MvSl-1064-A2-R4_A2g00940	-4.64568835550563	2.85841942992602e-07
54	MvSl-1064-A2-R4_A2g00945	-1.25202045650774	1.48093620400958e-05
55	MvSl-1064-A2-R4_A2g00997	-0.690682275001357	0.0498565956479831
56	MvSl-1064-A2-R4_A2g01013	-1.10874197487023	0.00944048963228684
57	MvSl-1064-A2-R4_A2g01026	-1.01861102572332	0.022183371215893
58	MvSl-1064-A2-R4_A2g01040	-1.80247680553929	0.00174676005371058
59	MvSl-1064-A2-R4_A2g01054	-1.96408745903925	5.05083583526801e-07
60	MvSl-1064-A2-R4_A2g01055	-1.37065897709923	0.000388422127692564
61	MvSl-1064-A2-R4_A2g01056	-3.0828501031163	1.36733999195573e-25
62	MvSl-1064-A2-R4_A2g01057	-4.66714775900789	5.04756635030694e-31
63	MvSl-1064-A2-R4_A2g01067	-7.52764664924295	6.06020577374469e-29
64	MvSl-1064-A2-R4_A2g01074	-4.79391099888714	0.0364521329695425
65	MvSl-1064-A2-R4_A2g01086	-2.38568051297708	0.0180944534469336
66	MvSl-1064-A2-R4_A2g01087	-1.10176760606984	0.00027842503559979
67	MvSl-1064-A2-R4_A2g01115	-0.964114904868866	0.0159664187197696
68	MvSl-1064-A2-R4_A2g01141	-1.47005478901144	0.00358168842888658
69	MvSl-1064-A2-R4_A2g01150	-0.617083605195825	0.0465361069271065
70	MvSl-1064-A2-R4_A2g01163	-0.742161417281724	0.0189521513474248
71	MvSl-1064-A2-R4_A2g01167	-2.80468253949449	0.000536930617624912
72	MvSl-1064-A2-R4_A2g01171	-2.0469102663557	4.76412504675161e-05
73	MvSl-1064-A2-R4_A2g01185	-1.73764690997897	2.14036495785734e-07
74	MvSl-1064-A2-R4_A2g01220	-3.75668083123335	1.92628653587272e-05
75	MvSl-1064-A2-R4_A2g01239	-3.75577967466112	0.00432116700121568
76	MvSl-1064-A2-R4_A2g01272	-2.44115110653244	3.22476574239282e-09
77	MvSl-1064-A2-R4_A2g01297	-3.42863493957659	3.15154314481786e-22
78	MvSl-1064-A2-R4_A2g01302	-4.34878103329118	0.000327997622599536
79	MvSl-1064-A2-R4_A2g01327	-0.88610843464352	0.0285524108235982
80	MvSl-1064-A2-R4_A2g01351	-5.02897645299598	0.0253790664481576
81	MvSl-1064-A2-R4_A2g01380	-6.31275335216386	0.000319217651165199
82	MvSl-1064-A2-R4_A2g01386	-1.14218244361516	0.0118540401607956
83	MvSl-1064-A2-R4_A2g01389	-1.12965733752479	2.73095715405199e-05
84	MvSl-1064-A2-R4_A2g01406	-0.77667367000588	0.0359984948319049
85	MvSl-1064-A2-R4_A2g01407	-1.03397700754842	0.000325126493892086
86	MvSl-1064-A2-R4_A2g01408	-4.21003320091324	2.04727309218544e-14
87	MvSl-1064-A2-R4_A2g01481	-1.37322522696662	0.00126321538037751
88	MvSl-1064-A2-R4_A2g01482	-1.57549520114047	5.13177216095915e-06
89	MvSl-1064-A2-R4_A2g01483	-0.964651644212402	0.00131509958081166
90	MvSl-1064-A2-R4_A2g01484	-1.8499431161313	1.46321004082511e-07
91	MvSl-1064-A2-R4_A2g01485	-2.81361046470786	2.75125899041862e-09
92	MvSl-1064-A2-R4_A2g01496	-1.65042830732224	0.0256577603496944
93	MvSl-1064-A2-R4_A2g01498	-1.37117187291292	0.000238253858524364
94	MvSl-1064-A2-R4_A2g01550	-6.14055989185098	0.00129311041515921
95	MvSl-1064-A2-R4_A2g01574	-3.76954893375333	6.539013141447e-10
96	MvSl-1064-A2-R4_A2g01597	-4.92063066445215	0.0208654456267952
97	MvSl-1064-A2-R4_A2g01603	-2.9816932938475	3.19694815699723e-20
98	MvSl-1064-A2-R4_A2g01616	-1.91108114780714	0.000104032591980689
99	MvSl-1064-A2-R4_A2g01702	-2.1892458405035	0.00637198356538753
100	MvSl-1064-A2-R4_A2g01707	-5.80212578273361	0.00467466274242151
101	MvSl-1064-A2-R4_A2g01708	-8.23191208392247	2.4916471156128e-06
102	MvSl-1064-A2-R4_A2g01709	-2.09086672736118	0.00307068468478699
103	MvSl-1064-A2-R4_A2g01714	-1.61425354158263	1.40975365476182e-06
104	MvSl-1064-A2-R4_A2g01718	-1.59922762063261	0.000102746323158269
105	MvSl-1064-A2-R4_A2g01723	-0.990594743517952	0.0326885709505241
106	MvSl-1064-A2-R4_A2g01730	-5.9331441839342	5.35640133990636e-18
107	MvSl-1064-A2-R4_A2g01733	-1.09479809081902	0.00322508831531412
108	MvSl-1064-A2-R4_A2g01740	-0.6106857252831	0.0298740262798674
