gid	gname	chr	start	end	logCPM	logFC.water.rich	logFC.water.diploid	logFC.rich.diploid	PV.water.rich	PV.water.diploid	PV.rich.diploid	FDR.water.rich	FDR.water.diploid	FDR.rich.diploid	water1	water2	rich1	rich2	di1	di2	average	ward.D
MvSl-1064-A1-R4_A1g00088	MvSl-1064-A1-R4_A1	MAT	206579	207529	8.86298914401443	-0.046075766619414	1.10196416270439	1.1480399293238	0.89008441833499	0.00178707449428473	0.00129504928913479	1	0.00893537247142363	0.00416899428694076	8.98499894376263	9.24599536085979	9.1719689815066	9.15867958661805	7.83568887297763	8.22949774307387	2	2
MvSl-1064-A1-R4_A1g00095	MvSl-1064-A1-R4_A1	MAT	217252	218206	10.2616938854178	-2.62077848497563	-2.00561908468743	0.615159400288206	9.5594959664579e-12	1.37413122337005e-07	0.0832505863515623	1.44934293685007e-10	1.74551804049709e-06	0.154655239467329	7.81916399705599	8.83634980454466	10.9623257488609	11.0128702946875	10.613521313641	10.0992010126775	1	1
MvSl-1064-A1-R4_A1g00096	MvSl-1064-A1-R4_A1	MAT	218396	218626	4.07219366781657	0	-4.13859106808604	-4.13859106808604	1	0.012228865850999	0.0224525856876739	1	0.0471301265994071	0.0507109574139407	3.65459552555813	3.65459552555813	3.65459552555813	3.65459552555813	4.75399775944264	4.61909347618597	1	1
MvSl-1064-A1-R4_A1g00101	MvSl-1064-A1-R4_A1	MAT	224546	224905	7.91437647953419	2.38869020740723	1.52529864673199	-0.863391560675241	2.60236146995022e-07	0.000319993337216872	0.0849831045943687	2.22383616523019e-06	0.00221171865429308	0.156635526115111	8.70833925891677	8.9074490850884	6.93432155211057	6.15150410848597	6.82429812069911	7.71618524031572	2	2
MvSl-1064-A1-R4_A1g00117	MvSl-1064-A1-R4_A1	MAT	267885	268632	8.29338732985254	-0.63201109568635	-1.55877296256604	-0.926761866879691	0.1260492007263	8.01996646421056e-05	0.0169629382301785	0.220234662979036	0.000661295480382274	0.0404373799974631	7.25762152944937	7.6660039948389	8.38321693199289	7.69745744146148	9.10909094495687	8.81347896045311	1	1
MvSl-1064-A1-R4_A1g00131	MvSl-1064-A1-R4_A1	MAT	292914	293328	9.93678210627675	-0.977486917762381	-0.991651278719745	-0.0141643609573641	0.00321840925778248	0.0027421962631135	0.965156540345153	0.0100318529595627	0.013018507511751	1	8.98499894376263	9.4383291734055	10.2143901530862	10.1673675766296	10.3996618238944	9.98444731630951	1	1
MvSl-1064-A1-R4_A1g00135	MvSl-1064-A1-R4_A1	MAT	302447	302932	6.62265479385551	1.15699076675734	-3.14817152065523	-4.30516228741257	0.222224800957835	9.85234466263211e-08	1.90811378452548e-09	0.339109274188904	1.28627833095475e-06	1.52002284529996e-08	5.06169181797653	5.37354827799711	4.35260532394462	4.67761357260875	7.83568887297763	7.9438394045968	1	1
MvSl-1064-A1-R4_A1g00139	MvSl-1064-A1-R4_A1	MAT	311724	312921	7.84233608609563	-0.364783279860793	-1.10302462614839	-0.738241346287597	0.378112503412748	0.00482650901726668	0.0599654656665474	0.510669185643654	0.0210042522047717	0.117005798421755	7.4840623644317	7.12509122448683	7.85806524053517	7.45182347322863	8.36269980393809	8.36673371028009	1	1
MvSl-1064-A1-R4_A1g00173	MvSl-1064-A1-R4_A1	MAT	378060	378408	16.599006917254	6.81886381526398	4.84860038463034	-1.97026343063364	7.96234283044555e-25	9.49862146376438e-16	0.000229519541405095	1.24743371010314e-22	3.18882291997804e-14	0.000860724889951607	18.0821813674992	18.1609516355152	11.8424320881623	10.4614069319098	13.142472716138	13.3965588004589	2	2
MvSl-1064-A1-R4_A1g00195	MvSl-1064-A1-R4_A1	MAT	433303	434055	10.7994978310605	0.830017582186218	-3.48884735655651	-4.31886493874273	0.0239633214642909	8.67798952894059e-24	3.90308387930345e-31	0.0583562750684803	5.09831884825260e-22	6.11483141090874e-29	9.0143166868071	8.39174706954791	8.16424618081043	7.69745744146148	12.2558514742394	12.1259251504469	1	1
MvSl-1064-A1-R4_A1g00201	MvSl-1064-A1-R4_A1	MAT	446323	447356	12.5303039886338	0.556832434854426	1.33025786075833	0.773425425903908	0.101093058004308	0.000116205836929207	0.0239040426466815	0.187061957724507	0.000925707514520805	0.0532459717722288	12.530385089582	13.4452727622029	12.3530526357919	12.6382877925895	11.6916971108964	11.7703006540177	2	2
MvSl-1064-A1-R4_A1g00223	MvSl-1064-A1-R4_A1	MAT	512213	513436	8.29827206051249	2.69419017346437	-1.39770500547623	-4.09189517894059	1.00853876366476e-06	0.000578912491253778	9.92555264320312e-15	7.07482416302147e-06	0.00348831885755482	1.37206168891337e-13	7.52537798142522	8.31537128707279	6.23428801773303	4.67761357260875	9.23501290804789	9.40417887858843	1	1
MvSl-1064-A1-R4_A1g00224	MvSl-1064-A1-R4_A1	MAT	513881	514167	7.67331615315322	0.682551477571228	-2.47042293619061	-3.15297441376184	0.301132387604592	1.46680758882195e-05	3.61224948824004e-07	0.428885521739873	0.000149602730239497	2.23389113088529e-06	7.10246179687997	5.56162779939655	6.07571304894674	5.86016945058731	9.26906026692354	8.28596808049661	1	1
MvSl-1064-A1-R4_A1g00234	MvSl-1064-A1-R4_A1	MAT	529154	529949	8.57844491599371	1.17855566339197	2.01623143558364	0.837675772191678	0.00459314200144634	3.68313824015927e-06	0.0632445236551826	0.013838312440255	4.12160707827347e-05	0.122830273214611	8.9701135847131	9.6909593885319	8.16424618081043	8.28335811416816	6.82429812069911	7.83449808832201	2	2
MvSl-1064-A1-R4_A1g00236	MvSl-1064-A1-R4_A1	MAT	534384	537432	15.617857321612	0.956935995365918	1.21496725550488	0.258031260138962	0.0262096220974499	0.00499362684066048	0.545700274117734	0.0622431177769822	0.0215321524322058	0.682125342647168	16.078343815611	16.3891984244831	15.1271042281923	15.4279646501319	15.0654780436839	14.9883962041605	2	2
MvSl-1064-A1-R4_A1g00239	MvSl-1064-A1-R4_A1	MAT	540556	541585	11.7406165224601	1.44704030129832	1.0398605384232	-0.407179762875113	0.000105977049723759	0.00480364979686496	0.270031596673561	0.000483584595826862	0.0210042522047717	0.389309357167404	11.7784779152595	12.8803975310292	10.6679087936541	11.2507771123996	11.5114387577955	11.2695540533516	2	2
MvSl-1064-A1-R4_A1g00255	MvSl-1064-A1-R4_A1	MAT	585329	585682	10.6158338785374	-1.1484790494377	-1.23209898043494	-0.0836199309972341	0.000831689464002068	0.000335108594170131	0.803264674893163	0.00298392403115246	0.00228262375739075	0.923066985818549	9.90569533499418	9.54251379547621	10.3762494679411	11.2391872040743	10.9384273858397	10.975451873813	1	1
MvSl-1064-A1-R4_A1g00257	MvSl-1064-A1-R4_A1	MAT	587793	588573	13.6878091622154	-1.02261485942845	-1.28007729906594	-0.25746243963749	0.00769826861345664	0.000902896830154886	0.497661385556774	0.0219284015049977	0.00493443616479996	0.639073363966349	12.6808118198129	12.9567608556332	14.2255841526447	13.3322998815569	14.1385929756736	14.0685764162245	1	1
MvSl-1064-A1-R4_A1g00267	MvSl-1064-A1-R4_A1	MAT	614785	614994	6.8788377605215	0.523278870101288	-5.63789405023666	-6.16117292033795	0.728080490115939	1.68903899419102e-14	1.23203596761642e-13	0.872953648863498	4.66969604276341e-13	1.52383395994663e-12	4.15336427203613	4.19897676272701	4.35260532394462	3.65459552555813	8.36269980393809	8.31339542188153	1	1
MvSl-1064-A1-R4_A1g00317	MvSl-1064-A1-R4_A1	MAT	725878	726223	10.8057339966649	-0.57697089279067	-0.969527872143602	-0.392556979352932	0.0760699168199354	0.00285726814531865	0.222939374613469	0.15022210464441	0.0134291602829977	0.343810665326872	10.3470473925239	10.1305199800844	10.4264040992601	11.1178597009917	11.3773979154254	11.0135755586808	1	1
MvSl-1064-A1-R4_A1g00330	MvSl-1064-A1-R4_A1	MAT	745290	746054	10.4450972297564	-0.0867836387006963	1.08343374766414	1.17021738636483	0.775224599283817	0.000550755649232428	0.000204477446268525	0.904108093457553	0.00336175526154858	0.000785929362755678	10.6000406584889	10.7685294909334	10.4985109909771	10.9991926642883	9.68934455357145	9.53808057749103	2	2
MvSl-1064-A1-R4_A1g00333	MvSl-1064-A1-R4_A1	MAT	752770	754312	4.5261748171756	0.197651493198402	4.45023804403783	4.25258655083943	0.826737775149955	0.00748536092746704	0.016018200051392	0.95004096410875	0.0295640305538614	0.0386079693546371	4.81746383814689	4.90263489139206	4.82100932781139	4.67761357260875	3.65459552555813	3.65459552555813	2	2
MvSl-1064-A1-R4_A1g00340	MvSl-1064-A1-R4_A1	MAT	766367	766927	12.7722665968446	3.38578807299834	3.81981881285016	0.434030739851812	1.38546830484718e-15	1.11996879580573e-18	0.272557117781931	4.06981314548858e-14	5.26385334028695e-17	0.391095519074913	13.6156981684599	14.5105330997695	10.2143901530862	11.1429552158613	10.2457366809267	10.3971320442761	2	2
MvSl-1064-A1-R4_A1g00342	MvSl-1064-A1-R4_A1	MAT	767711	767993	12.098150934005	0.948645751396169	1.32253908417472	0.373893332778554	0.00177755728863021	1.5928409292817e-05	0.219162436301854	0.00596751375468713	0.000152782701380081	0.343810665326872	12.4957255090771	12.9504616994932	11.6796500312992	11.8997895435544	11.6176552895606	11.1977816244092	2	2
MvSl-1064-A1-R4_A1g00353	MvSl-1064-A1-R4_A1	MAT	796977	799849	13.1145786093795	0.688587900489685	1.36217154737982	0.673583646890134	0.0490899252098166	0.000124292461139293	0.0550335929592685	0.103929120939702	0.000973624278924465	0.108679784415362	13.3024745281735	13.9979742864275	12.8103568389604	13.1739126436755	12.1433337751619	12.4972336136307	2	2
MvSl-1064-A1-R4_A1g00355	MvSl-1064-A1-R4_A1	MAT	800398	801531	15.3102178544968	2.44248571962405	1.46708734791701	-0.975398371707041	6.55451609444866e-07	0.00201950613493502	0.0380936715028873	5.13437094065145e-06	0.00999124087809959	0.0799286857426654	15.5836224589414	16.7281004499115	13.7230855411491	13.9200059779408	14.6594686856868	14.9275747258983	2	2
MvSl-1064-A1-R4_A1g00356	MvSl-1064-A1-R4_A1	MAT	801996	802169	8.43931844538999	2.05342354854263	1.25850963065455	-0.794913917888079	7.90630340767386e-07	0.0011845979557418	0.0682682923910085	5.89835333588367e-06	0.00625574201346791	0.130392258166852	8.92451320827129	9.52000315208983	7.46889695866735	7.08829936024844	7.74182287671573	8.25800919119336	2	2
MvSl-1064-A1-R4_A1g00387	MvSl-1064-A1-R4_A1	MAT	875047	876411	7.39344840925774	2.85691918955063	1.64512628497405	-1.21179290457658	5.78982035360626e-08	0.000346873584642457	0.0402441795460014	5.44243113238988e-07	0.00229620541946415	0.0836936477284099	8.47520700916571	8.17834227654484	5.17403476581678	6.15150410848597	6.99676218397589	6.59188159321706	2	2
MvSl-1064-A1-R4_A1g00410	MvSl-1064-A1-R4_A1	MAT	934508	935674	11.4860625718886	0.507804988018552	1.19392292807268	0.686117940054133	0.118636869684045	0.000301350228635847	0.0374070350899591	0.209621536659778	0.00211394936505744	0.0791950742895531	11.743890725097	12.1662114240419	11.8207186862269	10.9946044855201	10.6719510657499	10.8823717148353	2	2
MvSl-1064-A1-R4_A1g00413	MvSl-1064-A1-R4_A1	MAT	939062	939680	14.3314908279341	0.442360279412825	1.4780841338903	1.03572385447748	0.328328184951991	0.00135853473590087	0.0233839842743503	0.462526938397193	0.00701660797663086	0.0523355838521173	14.2722954121766	15.2601910077195	14.0653351852215	14.6828850441289	12.9314670347744	13.7088207833512	2	2
MvSl-1064-A1-R4_A1g00424	MvSl-1064-A1-R4_A1	MAT	962847	963114	4.52736907959716	2.16136193993403	-3.09455955040776	-5.25592149034179	0.286348130588647	0.00384673748366226	0.000794859506678824	0.412833194406945	0.0175530739545754	0.00264953168892941	4.15336427203613	3.65459552555813	3.65459552555813	3.65459552555813	4.75399775944264	5.76891096106896	1	1
MvSl-1064-A1-R4_A1g00429	MvSl-1064-A1-R4_A1	MAT	974324	974825	11.5743286120987	1.51321584918565	-1.07917168462678	-2.59238753381243	6.77564709696157e-06	0.000851450672517319	5.78123806888147e-14	4.08276171227171e-05	0.004764069239085	7.34373484425484e-13	11.2535735120584	11.4723045348256	10.2332977443848	9.38589739864741	12.2171335352331	12.6367602783449	1	1
MvSl-1064-A1-R4_A1g00431	MvSl-1064-A1-R4_A1	MAT	981578	982760	12.5300400523701	-1.18374586648999	-4.94792458553701	-3.76417871904702	0.000492981665504948	1.27881265764385e-39	1.64942068228526e-26	0.00198035369903697	2.00347316364204e-37	1.29204620112345e-24	8.77836867623042	9.28656818107239	10.032049422464	10.3793115359838	14.1721554541628	13.7325077124966	1	1
MvSl-1064-A1-R4_A1g00443	MvSl-1064-A1-R4_A1	MAT	1002523	1003071	10.0711552007159	1.23941057305344	0.812958084232944	-0.426452488820494	6.07895236938857e-05	0.00717506975541108	0.173423279609149	0.00028859672864774	0.0285786676698577	0.283017157695487	10.5458571195555	10.7493049049576	9.32081885582836	9.51965313464232	9.88865286938806	9.80285343168497	2	2
MvSl-1064-A1-R4_A1g00449	MvSl-1064-A1-R4_A1	MAT	1012588	1012846	4.15922292242842	0	-4.44373968290348	-4.44373968290348	1	0.00520127875453203	0.0108922126530236	1	0.0218267947734826	0.0278224997115276	3.65459552555813	3.65459552555813	3.65459552555813	3.65459552555813	4.75399775944264	4.93381510747154	1	1
MvSl-1064-A1-R4_A1g00450	MvSl-1064-A1-R4_A1	MAT	1013912	1014286	8.68870681709788	-2.00842575830611	-2.76577716868851	-0.757351410382399	3.12784434595435e-06	6.36904808679825e-11	0.045016524526165	2.07054484873035e-05	1.06909021456971e-09	0.0915920628887341	6.50161166018577	7.12509122448683	9.04929869401132	8.34232683063152	9.58508675576607	9.35223207972266	1	1
MvSl-1064-A1-R4_A1g00484	MvSl-1064-A1-R4_A1	MAT	1067717	1069413	5.10603923332134	0.781577373386543	3.26719035240538	2.48561297901883	0.329984460030116	0.00312638473199383	0.047783694603515	0.462963272281059	0.0144058904317363	0.0968031744122933	5.89248475534561	5.37354827799711	5.89753087978565	3.65459552555813	3.65459552555813	4.21598732819973	2	2
MvSl-1064-A1-R4_A1g00485	MvSl-1064-A1-R4_A1	MAT	1069705	1070074	4.83811219927263	0.528513813925404	-2.69286059314523	-3.22137440707063	0.724511879180571	0.00392693238727547	0.00306465710594822	0.872953648863498	0.0177467136732642	0.00905904930689097	3.65459552555813	4.59328738131764	4.35260532394462	3.65459552555813	6.27329588343899	4.93381510747154	1	1
MvSl-1064-A1-R4_A1g00545	MvSl-1064-A1-R4_A1	MAT	1215794	1216564	7.95857396596479	1.67879026216046	1.88623841632958	0.207448154169121	3.21088708127659e-05	3.49656607303653e-06	0.650782886033581	0.000167679658688889	4.00825866909065e-05	0.782270988326811	8.93987403906307	8.6826887949898	7.53134203170957	6.86519099946633	7.15079331439201	6.91197718229463	2	2
MvSl-1064-A1-R4_A1g00548	MvSl-1064-A1-R4_A1	MAT	1218916	1220550	9.75343626759093	0.0991808626456361	-1.2369863421616	-1.33616720480723	0.772659222132215	0.000213487470043575	8.39093804949174e-05	0.904108093457553	0.00154367862954585	0.00035667355959667	9.44945170508614	9.00793081903969	9.07048183660205	9.22285438088991	10.6397826630674	10.2768947664473	1	1
MvSl-1064-A1-R4_A1g00550	MvSl-1064-A1-R4_A1	MAT	1224001	1224328	10.1976661714406	0.65858313167699	0.770899793387095	0.112316661710104	0.0286070486635624	0.0104343394553395	0.713823112657516	0.0672265643593717	0.0408678295334129	0.839616913263768	10.5256383226067	10.7199789901003	9.9992860556408	9.94760595334469	9.71427288449425	9.99295368722785	2	2
MvSl-1064-A1-R4_A1g00578	MvSl-1064-A1-R4_A1	MAT	1280349	1280637	8.09356707622406	1.6715976187836	2.02277128233673	0.351173663553124	0.000673358475954983	4.99950963734088e-05	0.507410410391163	0.0024724881538972	0.000427230823554585	0.646295102666251	8.53711591795772	9.32603111653232	7.59119601940757	7.15560875067398	6.13243752545578	7.58729595695865	2	2
MvSl-1064-A1-R4_A1g00582	MvSl-1064-A1-R4_A1	MAT	1285336	1286410	13.1218568060675	1.880048551063	1.33423919218654	-0.545809358876468	8.54626990004831e-07	0.000379300771632007	0.142341814020225	6.17961054311185e-06	0.00245514926271012	0.23808061419753	13.4810862714708	14.3294222632724	11.9261581748948	12.2354243169491	12.3282859112998	12.8854513582052	2	2
MvSl-1064-A1-R4_A1g00588	MvSl-1064-A1-R4_A1	MAT	1292274	1292945	6.79978566735957	4.19835869848948	-4.30997465857618	-8.50833335706566	0.0204500963951985	2.08237698283614e-11	1.23408852932062e-14	0.050854737067425	3.62487845160365e-10	1.65720459651626e-13	4.81746383814689	4.59328738131764	3.65459552555813	3.65459552555813	8.08540673340084	8.34031105017076	1	1
MvSl-1064-A1-R4_A1g00601	MvSl-1064-A1-R4_A1	MAT	1315464	1315679	7.92862782096676	2.55093773342519	1.28747281775182	-1.26346491567337	1.15153937813443e-06	0.00605294550117472	0.0211195878031926	7.95916923122326e-06	0.0247381250917576	0.0484205183780513	8.82874648278486	8.74224587913406	6.93432155211057	5.68898632616964	6.82429812069911	8.0123852969341	2	2
MvSl-1064-A1-R4_A1g00612	MvSl-1064-A1-R4_A1	MAT	1338048	1338317	8.99189289738653	-1.66967073384536	-1.14228232203152	0.527388411813846	6.90916821975849e-06	0.00223175860914044	0.135712473285987	4.11051780162847e-05	0.0109263181905834	0.228619578653813	7.56554327617754	8.26211110804017	9.62278462596173	9.51965313464232	8.88591604342351	9.19890928141423	1	1
MvSl-1064-A1-R4_A1g00617	MvSl-1064-A1-R4_A1	MAT	1350312	1350852	4.07008956843498	0	-4.13828310727316	-4.13828310727316	1	0.0122337775428248	0.0224609641500944	1	0.0471301265994071	0.0507109574139407	3.65459552555813	3.65459552555813	3.65459552555813	3.65459552555813	4.30658124188589	4.93381510747154	1	1
MvSl-1064-A1-R4_A1g00619	MvSl-1064-A1-R4_A1	MAT	1351565	1352868	6.57779675213436	0.722392697850091	-2.41317884563746	-3.13557154348755	0.350944690444563	1.52785767053104e-05	9.06906101555863e-07	0.485129425026307	0.000149602730239497	5.26229466334883e-06	5.27049938209279	5.87713974446567	5.17403476581678	5.00410153270882	7.78951914006948	7.58729595695865	1	1
MvSl-1064-A1-R4_A1g00621	MvSl-1064-A1-R4_A1	MAT	1354338	1354822	8.69029581804691	7.8063863149853	2.25343733269084	-5.55294898229446	2.38355397416529e-25	2.25643540404701e-07	7.51080885918799e-11	5.60135183928844e-23	2.79085431553183e-06	7.20424523228235e-10	9.47075886474264	10.2920154167219	3.65459552555813	4.25494412396616	8.04667465455913	7.39530686296588	2	2
MvSl-1064-A1-R4_A1g00636	MvSl-1064-A1-R4_A1	MAT	1381215	1381929	12.3540318507769	1.863811133835	1.52481928597906	-0.338991847855947	1.51221695254938e-06	6.82837626907948e-05	0.370054014887723	1.03006082275103e-05	0.000573095865440599	0.499785594819627	12.6021375193322	13.6778497837684	11.1679400052774	11.5611636494377	11.4272501056008	11.9557831295985	2	2
MvSl-1064-A1-R4_A1g00639	MvSl-1064-A1-R4_A1	MAT	1384621	1385073	9.77051361819476	0.449334712335291	0.92607573556492	0.476741023229629	0.170733234745971	0.00540814148519183	0.157710138396447	0.276705587346918	0.0222967236670189	0.260083386127474	9.92897496907611	10.3821401424819	9.57911047304055	9.85951252937809	9.21768309269659	9.29834475447107	2	2
MvSl-1064-A1-R4_A1g00655	MvSl-1064-A1-R4_A1	MAT	1411041	1411256	4.81867732115965	0	-5.90281347862829	-5.90281347862829	1	0.000217817970767095	0.000608550363337742	1	0.00155112797364447	0.00211865682050917	3.65459552555813	3.65459552555813	3.65459552555813	3.65459552555813	3.65459552555813	6.678805703752	1	1
MvSl-1064-A1-R4_A1g00658	MvSl-1064-A1-R4_A1	MAT	1418198	1418380	8.63715406774411	1.16216510995284	1.83158404285057	0.669418932897729	0.0297746685491281	0.000845594465747378	0.22796068267195	0.0689364247196561	0.004764069239085	0.346736313449244	8.87742432929934	9.78835634349807	8.71454763946867	7.65156292862562	6.62838195478083	8.20041145430896	2	2
MvSl-1064-A1-R4_A1g00659	MvSl-1064-A1-R4_A1	MAT	1419367	1421348	9.69371199655034	1.66477566021732	-2.19786399528363	-3.86263965550095	4.32081928319635e-05	4.20143089138137e-10	9.56321021630632e-22	0.000216040964159817	6.17085162171639e-09	3.45746830897229e-20	8.82874648278486	8.64157277002186	6.83878841099744	7.39724729834835	11.1450543529965	10.6221751996473	1	1
MvSl-1064-A1-R4_A1g00676	MvSl-1064-A1-R4_A1	MAT	1456305	1457669	13.0122550667267	1.62302019866615	1.49242992840944	-0.130590270256713	8.38000294313438e-06	3.87221496453345e-05	0.714509511753831	4.92325172909145e-05	0.000343385100628438	0.839616913263768	13.3499618107277	14.2158378185236	12.154098197213	12.2944784045439	12.1318151962765	12.5500692459055	2	2
MvSl-1064-A1-R4_A1g00686	MvSl-1064-A1-R4_A1	MAT	1472457	1472968	8.11333906483661	1.87338910273072	-1.16772438527068	-3.0411134880014	4.14301275561676e-05	0.000863800390212273	2.34834630316288e-12	0.000209378063993535	0.00477630803999727	2.56679712206175e-11	7.9155480759739	7.85771828885008	6.37714635217986	6.01317825305095	8.9291458988765	9.09210968480544	1	1
MvSl-1064-A1-R4_A1g00701	MvSl-1064-A1-R4_A1	MAT	1502152	1502317	6.90977283810875	0	-8.7012588710738	-8.7012588710738	1	3.44731577477832e-17	2.89296014322481e-15	1	1.24633724165062e-15	4.53230422438554e-14	3.65459552555813	3.65459552555813	3.65459552555813	3.65459552555813	8.19572929431676	8.58499766139425	1	1
MvSl-1064-A1-R4_A1g00716	MvSl-1064-A1-R4_A1	MAT	1524220	1524556	10.8600983777926	-2.56284048183082	-2.10067640608927	0.462164075741554	1.23847615115072e-16	7.78835685721676e-12	0.105434395915677	4.47756762339107e-15	1.59153379256169e-10	0.186291979664637	8.9550730397703	9.02401785561436	11.3435280845498	11.6830859886942	11.0697867626574	11.0588432365287	1	1
MvSl-1064-A1-R4_A1g00717	MvSl-1064-A1-R4_A1	MAT	1524811	1525014	12.5743196047312	-3.05445540977216	-3.05510445126757	-0.000649041495411701	1.22306753954811e-17	1.19041510769319e-17	0.998414679163084	6.38713048430682e-16	4.66245917179832e-16	1	9.68645632059388	10.3183449183011	12.7801374634621	13.3195159198389	13.011583492246	13.1373825810693	1	1
MvSl-1064-A1-R4_A1g00724	MvSl-1064-A1-R4_A1	MAT	1537571	1538928	9.7416243188902	-0.885922115031921	-1.77563363651527	-0.889711521483348	0.0215130783396177	3.78390626608031e-06	0.0173066908694965	0.053216562208528	4.13589754664593e-05	0.0406707235433167	8.5167733742975	8.87233739220568	9.97702300936485	9.02107380690896	10.6068805975421	10.2768947664473	1	1
MvSl-1064-A1-R4_A1g00725	MvSl-1064-A1-R4_A1	MAT	1538995	1539330	8.07279465700616	-0.923039823981594	-1.39780387968772	-0.474764055706127	0.0259361095448041	0.00051838350611992	0.22087339735877	0.0621937320717242	0.0032485366383515	0.343810665326872	7.10246179687997	7.39624126256946	8.38321693199289	7.82698176090677	8.79536471714029	8.34031105017076	1	1
MvSl-1064-A1-R4_A1g00748	MvSl-1064-A1-R4_A1	MAT	1577528	1577867	12.4722228975105	1.03729197295759	-1.22680675690985	-2.26409872986744	0.000546349245113172	3.55172739465575e-05	2.22092493096152e-13	0.00210478807543599	0.000321021514516962	2.60958679387978e-12	12.0555339440939	12.1842187510232	11.2721828339647	10.8798691226465	13.3102596201675	13.3804400554127	1	1
MvSl-1064-A1-R4_A1g00760	MvSl-1064-A1-R4_A1	MAT	1612135	1612362	11.0306851097963	-1.22860666924127	-0.982785737287991	0.245820931953278	6.99703779688324e-05	0.00142121045286113	0.41647389588685	0.000322412525934816	0.00726053166135579	0.546767405214579	9.96695856115323	10.4251755457987	11.6657980699549	11.1594462753773	11.2165890642533	11.1605104520818	1	1
MvSl-1064-A1-R4_A1g00761	MvSl-1064-A1-R4_A1	MAT	1612647	1613030	9.79344353187708	-1.13243742753527	-1.42337164640234	-0.290934218867073	0.000616154837620034	1.5192438215453e-05	0.360419998913189	0.00233542559420497	0.000149602730239497	0.489587859795373	8.69028756953449	8.9916623762993	10.0640852307814	9.84938388200142	10.1935068178218	10.2976431560846	1	1
MvSl-1064-A1-R4_A1g00762	MvSl-1064-A1-R4_A1	MAT	1613927	1614079	8.07051333087168	1.7279184189228	-1.31797567118012	-3.04589409010292	0.000379622825043204	0.000611566131752902	4.83459501001649e-11	0.00157338702350372	0.0035929510240483	4.73387428064114e-10	7.81916399705599	7.6660039948389	6.23428801773303	6.15150410848597	9.30232260466233	8.67232519469993	1	1
MvSl-1064-A1-R4_A1g00770	MvSl-1064-A1-R4_A1	MAT	1635321	1635701	7.02283217888722	1.28983502384102	1.99145386215215	0.701618838311124	0.0194083808625371	0.000607284632603151	0.268237326337657	0.0485209521563428	0.0035929510240483	0.387912441165227	7.25762152944937	8.17834227654484	6.37714635217986	6.78243393738142	5.60194276946062	6.29443285284695	2	2
MvSl-1064-A1-R4_A1g00776	MvSl-1064-A1-R4_A1	MAT	1644054	1644584	7.65750024098372	-1.25843708052079	-4.13054608954736	-2.87210900902658	0.0844141088173379	2.67020262091456e-10	2.06539581253444e-06	0.162600947312085	4.04837171558014e-09	1.1556381332038e-05	5.89248475534561	4.19897676272701	6.83878841099744	5.49472204770933	9.31867054252053	8.49204159066711	1	1
MvSl-1064-A1-R4_A1g00787	MvSl-1064-A1-R4_A1	MAT	1675443	1676404	10.7138615241333	-1.15810103581907	-4.45491557317001	-3.29681453735094	0.00298620052428286	5.45188619321327e-29	1.24567935106864e-18	0.00941955870075803	4.27064418468373e-27	3.25260719445701e-17	7.44152858779923	7.96160016142469	9.2296022098083	8.31314373734044	12.011269595534	12.1753437119164	1	1
MvSl-1064-A1-R4_A1g00813	MvSl-1064-A1-R4_A1	MAT	1734470	1735304	7.74794148342948	0.0157389737723282	-4.65808164032089	-4.67382061409322	0.984117969137482	2.34476000444051e-18	9.0470117385421e-17	1	1.00185200189731e-16	2.02480738910228e-15	5.45287120588825	4.59328738131764	5.69419952433565	4.25494412396616	9.20014257611992	9.16919324924743	1	1
MvSl-1064-A1-R4_A1g00814	MvSl-1064-A1-R4_A1	MAT	1735366	1735672	9.54155310440732	-0.819449506215197	-1.67991222519754	-0.86046271898234	0.0181331992873397	9.20180594693449e-07	0.00978369557432631	0.0465716047270472	1.10893558847672e-05	0.025405176353223	8.31950045897256	8.79944150156381	9.21064580369779	9.51965313464232	10.2878620819235	10.1608962742481	1	1
MvSl-1064-A1-R4_A1g00815	MvSl-1064-A1-R4_A1	MAT	1735751	1736615	10.0024818500098	2.32549472494223	-2.83421330144872	-5.15970802639095	7.16886675796588e-07	1.87142111873124e-13	1.68283399476052e-28	5.44586401845758e-06	4.62930487265096e-12	1.58186395507489e-26	8.53711591795772	8.5776144905474	6.83878841099744	5.86016945058731	10.9437071481398	11.6677755953879	1	1
MvSl-1064-A1-R4_A1g00824	MvSl-1064-A1-R4_A1	MAT	1751427	1752854	12.8037980343205	1.43125899886263	1.03026484882161	-0.400994150041021	2.71976413549625e-05	0.00226255083474253	0.233256873446196	0.000148638272521307	0.0109628751786494	0.352510387523189	13.042766874239	13.8331421764927	11.9577655398869	12.1595740172342	12.422057432692	12.5017112452744	2	2
MvSl-1064-A1-R4_A1g00852	MvSl-1064-A1-R4_A1	MAT	1832733	1833013	7.54108046794942	4.52288976639715	3.40186193475493	-1.12102783164222	1.4991596312894e-08	1.57046472008304e-06	0.214705345347294	1.63861634117678e-07	1.84529604609757e-05	0.339769401728041	8.9701135847131	8.64157277002186	5.69419952433565	3.65459552555813	3.65459552555813	6.49938250720649	2	2
MvSl-1064-A1-R4_A1g00863	MvSl-1064-A1-R4_A1	MAT	1859765	1861043	10.8235524080222	-0.290228223577549	-0.995267580205455	-0.705039356627906	0.346660022845603	0.00119847650805736	0.0214792274453445	0.480620090670895	0.00625871065318846	0.0490060043655919	10.4999597196538	10.1526384190932	10.5893684055875	10.6599108982396	11.5569368199751	11.0547861862848	1	1
MvSl-1064-A1-R4_A1g00865	MvSl-1064-A1-R4_A1	MAT	1861713	1862835	9.07494122416402	1.66531800523172	1.51932670623779	-0.145991298993927	4.55663619238531e-05	0.000159017506860188	0.72857477686435	0.000225433580044326	0.00120545529394014	0.846996999065332	9.99664144441481	9.78835634349807	8.3489527532346	8.19012365542236	7.69249567632884	8.86998697783267	2	2
MvSl-1064-A1-R4_A1g00882	MvSl-1064-A1-R4_A1	MAT	1896076	1897987	12.6765317610934	0.480867650016144	-0.802807947630281	-1.28367559764642	0.106483521868734	0.00689175611155438	2.01715913244422e-05	0.192489443378096	0.0276848322429962	9.87567491925818e-05	12.460212720529	12.480807060352	12.1138535415093	11.8574595807373	13.1344145560779	13.3973600296688	1	1
MvSl-1064-A1-R4_A1g00889	MvSl-1064-A1-R4_A1	MAT	1916537	1917571	10.0076893155728	0.478939728966709	-1.37933510633139	-1.8582748352981	0.191254140488072	0.00010377735772866	4.16705664011189e-07	0.303680560910114	0.000840954450559832	2.54352807902934e-06	9.37229638500912	9.59730008387303	9.32081885582836	8.6530154145146	10.5176487923425	11.1222508080673	1	1
MvSl-1064-A1-R4_A1g00896	MvSl-1064-A1-R4_A1	MAT	1934137	1934705	8.17497366252572	2.98796422849717	-7.05986470164199	-10.0478289301392	0.134262684665672	6.90612217673269e-30	1.18429591154286e-29	0.22699086975851	6.49175484612873e-28	1.39154769606286e-27	4.52329355896884	3.65459552555813	3.65459552555813	3.65459552555813	9.89956174351737	9.52640843158963	1	1
MvSl-1064-A1-R4_A1g00901	MvSl-1064-A1-R4_A1	MAT	1943418	1943662	6.96475559719866	-0.909460081258583	-4.73388695905651	-3.82442687779793	0.358495515314036	2.22576443076633e-10	6.31103887432231e-08	0.490661956137068	3.48703094153392e-09	4.36204157489924e-07	4.15336427203613	4.90263489139206	5.17403476581678	5.00410153270882	8.79536471714029	7.71618524031572	1	1
MvSl-1064-A1-R4_A1g00914	MvSl-1064-A1-R4_A1	MAT	1975648	1977845	15.5659139601271	0.830913587817976	1.60730695803481	0.776393370216838	0.0730353828446221	0.000658438198426979	0.0937994104372764	0.144838100999884	0.00382056732420593	0.16826611796	15.6802476148597	16.630099313763	15.2397936023444	15.5463359030792	14.5197473336408	14.7232386269738	2	2
MvSl-1064-A1-R4_A1g00915	MvSl-1064-A1-R4_A1	MAT	1978003	1978161	6.50353623909798	0.0128423462284899	2.42038814495863	2.40754579873014	0.980892552574524	0.000381331693995402	0.000545216819008956	1	0.00245514926271012	0.00192670605213691	6.65839944237108	7.12509122448683	6.83878841099744	6.9434573199688	4.30658124188589	5.41096165532624	2	2
MvSl-1064-A1-R4_A1g00945	MvSl-1064-A1-R4_A1	MAT	2034877	2035970	7.5994244587916	0.924639364361785	-1.37118776497032	-2.29582712933211	0.103484378219088	0.00538773265707893	2.54292378225287e-05	0.189251586626349	0.0222967236670189	0.000119517417765885	7.15605738092466	7.18355164720444	6.83878841099744	5.68898632616964	7.88042676660884	8.86998697783267	1	1
MvSl-1064-A1-R4_A1g00976	MvSl-1064-A1-R4_A1	MAT	2097071	2097556	9.80599825641832	-1.53075391939178	1.13145569171824	2.66220961111002	1.46883157429636e-05	0.00264010299918349	2.20121517523215e-12	8.31747999902761e-05	0.0126617184654718	2.46326460085502e-11	9.57281541251119	8.92468959536915	10.5966877697129	10.9761044461439	8.00687397980665	8.34031105017076	2	2
MvSl-1064-A1-R4_A1g00994	MvSl-1064-A1-R4_A1	MAT	2129917	2130858	7.02702264703184	3.01736752359337	1.826798032481	-1.19056949111238	6.32251816114187e-05	0.00660904283919306	0.139415738837449	0.000297158353573668	0.0267780184001788	0.234019275905719	8.53711591795772	7.06416147395792	5.89753087978565	4.67761357260875	5.80124320710001	6.678805703752	2	2
MvSl-1064-A1-R4_A1g01001	MvSl-1064-A1-R4_A1	MAT	2147585	2149416	9.63014497017256	0.109698024809122	-2.93584381181655	-3.04554183662567	0.783719213082529	5.34730306743479e-15	2.53802657042737e-15	0.911113556610104	1.67029619664341e-13	4.11335340724437e-14	7.9155480759739	8.08940801406926	7.75716115994516	8.01994851274718	10.5105506580417	11.1717932528166	1	1
MvSl-1064-A1-R4_A1g01043	MvSl-1064-A1-R4_A1	MAT	2245051	2245491	4.57647681511387	5.29382771189845	5.29382771189845	0	0.000520374974177698	0.000345316481815434	1	0.00203813531552932	0.00229620541946415	1	5.45287120588825	5.37354827799711	3.65459552555813	3.65459552555813	3.65459552555813	3.65459552555813	2	2
MvSl-1064-A1-R4_A1g01048	MvSl-1064-A1-R4_A1	MAT	2254832	2255059	6.5832230096275	2.16637853734995	-6.16963545164856	-8.33601398899851	0.289083415949905	9.41287131531863e-12	6.55628072881939e-12	0.415502157481515	1.84335396591656e-10	6.84767098343358e-11	3.65459552555813	4.19897676272701	3.65459552555813	3.65459552555813	8.3938942208011	7.631550889853	1	1
MvSl-1064-A1-R4_A1g01094	MvSl-1064-A1-R4_A1	MAT	2409081	2410475	4.77507245336551	0.526829516279559	-2.55342431404733	-3.08025383032689	0.72158585954308	0.00458875225822884	0.00362322585939149	0.871838956260276	0.0203463543525241	0.0105118281105803	4.15336427203613	4.19897676272701	4.35260532394462	3.65459552555813	5.60194276946062	5.60100936940226	1	1
MvSl-1064-A1-R4_A1g01114	MvSl-1064-A1-R4_A1	MAT	2486044	2486963	8.29750587377962	-1.31780882856896	-6.21732844144153	-4.89951961287258	0.131708148578035	2.05055951183251e-28	7.72559319729839e-22	0.223475919969951	1.37680424365897e-26	3.30093527520931e-20	4.52329355896884	4.59328738131764	5.45743447707722	5.27016786155353	9.5578010081674	9.98444731630951	1	1
MvSl-1064-A1-R4_A1g01115	MvSl-1064-A1-R4_A1	MAT	2487024	2487693	5.92259268106186	0	-7.55957586439427	-7.55957586439427	1	2.05100587203771e-11	5.40846561507231e-10	1	3.62487845160365e-10	4.79618648883771e-09	3.65459552555813	3.65459552555813	3.65459552555813	3.65459552555813	7.41686444030205	7.23243759478487	1	1
MvSl-1064-A1-R4_A1g01116	MvSl-1064-A1-R4_A1	MAT	2488287	2489096	6.15343771841917	1.42935910602881	-3.81132963769245	-5.24068874372126	0.290758030601332	7.64796542479574e-08	7.16637231394506e-09	0.41663498287386	1.02701249990114e-06	5.346341250086e-08	4.52329355896884	4.59328738131764	4.35260532394462	3.65459552555813	7.53350792708738	7.39530686296588	1	1
MvSl-1064-A1-R4_A1g01117	MvSl-1064-A1-R4_A1	MAT	2489884	2490261	6.27511128898211	-4.22992455184297	-7.87935117116414	-3.64942661932117	0.0137225460918888	2.02378695575605e-11	1.89430067336489e-06	0.0372809055675593	3.62487845160365e-10	1.07267628491747e-05	3.65459552555813	3.65459552555813	3.65459552555813	5.27016786155353	7.41686444030205	7.7961285225863	1	1
MvSl-1064-A1-R4_A1g01122	MvSl-1064-A1-R4_A1	MAT	2492581	2493816	4.83594606234836	-3.32623412094391	-5.78449608632904	-2.45826196538513	0.0695112685689918	1.18337332819913e-05	0.00629346398472921	0.138433458590789	0.000123596769834131	0.0170978501319233	3.65459552555813	3.65459552555813	4.35260532394462	4.25494412396616	5.97632345631724	5.60100936940226	1	1
MvSl-1064-A1-R4_A1g01138	MvSl-1064-A1-R4_A1	MAT	2519820	2520678	7.70329525318825	-1.60287221630171	-3.77906775671959	-2.17619554041787	0.00743439759851171	1.32142188935757e-12	4.08787665826971e-06	0.0213058955567104	3.10534143999029e-11	2.11132091141402e-05	5.27049938209279	5.72799179655127	6.37714635217986	7.15560875067398	9.1823861716515	8.53926816752465	1	1
MvSl-1064-A1-R4_A1g01140	MvSl-1064-A1-R4_A1	MAT	2521041	2521388	10.3793866938195	7.34190206479271	1.70083768628244	-5.64106437851027	2.17113831483423e-34	1.93314336540495e-05	6.7346293731397e-21	1.02043500797209e-31	0.000181715476348065	1.97829737835979e-19	11.9906358941483	10.913746009014	4.35260532394462	5.27016786155353	10.0925459859509	9.59506547222018	2	2
MvSl-1064-A1-R4_A1g01141	MvSl-1064-A1-R4_A1	MAT	2522143	2522310	9.58325900949419	2.35225345663021	-1.5570220376899	-3.90927549432011	9.67628819619233e-07	0.000169986251447135	9.63383102895536e-16	6.89069007910666e-06	0.00126815139968498	1.61710735128894e-14	8.92451320827129	9.29984279426725	7.53134203170957	5.86016945058731	10.3206986072162	10.9318760618177	1	1
MvSl-1064-A1-R4_A1g01142	MvSl-1064-A1-R4_A1	MAT	2523541	2525310	12.6556117737267	-1.187805658551	-2.78897400692536	-1.60116834837436	0.00050354820829582	5.68611471197757e-15	2.73295602708074e-06	0.00200565811778844	1.67029619664341e-13	1.45964696900903e-05	10.7161048542969	11.0613469264565	11.7469824266745	12.3512099772757	13.413758278746	13.9041177470719	1	1
MvSl-1064-A1-R4_A1g01191	MvSl-1064-A1-R4_A1	MAT	2629993	2631280	12.5511602236724	-2.34256794891978	-1.2391072459406	1.10346070297918	6.08349599965282e-14	4.46345032736014e-05	0.000230747523689154	1.36154434277944e-12	0.00038848549145542	0.000860724889951607	11.0133593839466	11.1186525380845	13.325115553859	13.4766518959548	12.5101042425792	12.0586361979411	1	1
MvSl-1064-A1-R4_A1g01193	MvSl-1064-A1-R4_A1	MAT	2635950	2638646	11.1879170956699	-0.462128190139171	-0.788012968578303	-0.325884778439132	0.0946166299668243	0.00426865142662078	0.23494292357877	0.178593638893203	0.0191072968620168	0.353920429750071	10.6287594553084	10.8429641010218	11.2993524354597	11.0923199130376	11.4754370406556	11.5688284213834	1	1
MvSl-1064-A1-R4_A1g01207	MvSl-1064-A1-R4_A1	MAT	2679047	2679570	7.18528271015506	-0.903655511327263	-3.712590814718	-2.80893530339073	0.204783688486602	7.60232589098083e-11	2.17450248831377e-07	0.317651265969317	1.2321010926762e-09	1.40002215001024e-06	5.06169181797653	5.37354827799711	6.37714635217986	5.27016786155353	8.59519139062935	8.25800919119336	1	1
MvSl-1064-A1-R4_A1g01218	MvSl-1064-A1-R4_A1	MAT	2703817	2704714	13.2024644489079	0.320894979810833	1.45432533933333	1.1334303595225	0.390487221078199	0.000138213549199166	0.00279246694904276	0.524851811602979	0.00106492406760013	0.00842472334428132	13.6012796365356	13.7394308639792	13.753692446361	12.7929449249259	11.9600821682412	12.4392802726969	2	2
MvSl-1064-A1-R4_A1g01221	MvSl-1064-A1-R4_A1	MAT	2711352	2711600	8.13709894381091	-2.09244973251785	-7.82583556115692	-5.73338582863907	0.10296891602647	1.8431547791021e-32	3.48269248228408e-25	0.189044494267347	2.16570686544497e-30	2.33837923810502e-23	4.15336427203613	3.65459552555813	4.82100932781139	4.67761357260875	9.73877778483188	9.58384713915876	1	1
MvSl-1064-A1-R4_A1g01233	MvSl-1064-A1-R4_A1	MAT	2736134	2736497	7.71461492890739	0.479017735663054	-1.96349236321706	-2.44251009888011	0.373820048057105	2.1220969293135e-05	8.7648021826107e-07	0.506326866244493	0.000195565795446538	5.26229466334883e-06	6.22896000694182	7.34593566820651	6.73647775743778	6.15150410848597	8.62178545183711	8.83256195113957	1	1
MvSl-1064-A1-R4_A1g01248	MvSl-1064-A1-R4_A1	MAT	2768811	2769341	6.29545401668428	-1.12368198708591	-3.83630463737622	-2.71262265029031	0.227266530881925	5.12523460216899e-08	2.92083938377754e-05	0.345680483865712	7.08488312652772e-07	0.000135920248552024	4.81746383814689	4.19897676272701	4.82100932781139	5.49472204770933	7.41686444030205	7.54164041882728	1	1
MvSl-1064-A1-R4_A1g01249	MvSl-1064-A1-R4_A1	MAT	2769725	2770523	13.9183936735209	3.50574126708487	-1.45795984439526	-4.96370111148013	1.749121608162e-13	0.000818090383497842	1.50562724362729e-22	3.42536314931726e-12	0.00468905463712178	7.07644804504826e-21	13.6012796365356	13.5258595079738	10.6039701871674	9.23846175241526	14.9383432307913	15.0994058087191	1	1
MvSl-1064-A1-R4_A1g01255	MvSl-1064-A1-R4_A1	MAT	2778871	2780197	11.5728416880501	0.445035878253616	1.66409029260853	1.21905441435491	0.335275966917252	0.000458090568621473	0.0095981933208277	0.467925303908827	0.0029094941520553	0.0250619492266057	11.6698235017728	12.4617406165773	11.4362004491291	11.8800241792344	9.28578729446166	11.0987983310298	2	2
MvSl-1064-A1-R4_A1g01284	MvSl-1064-A1-R4_A1	MAT	2842509	2842715	9.78459076429224	-0.781730310768035	-2.70935563392117	-1.92762532315314	0.0455275077602012	3.45683458857121e-12	3.04761338077602e-07	0.0977074367456373	7.38505571194758e-11	1.92843020394975e-06	7.78554988333275	8.53334402516369	8.57329042114097	9.2539020856302	10.817098030991	10.9050844800376	1	1
MvSl-1064-A1-R4_A1g01300	MvSl-1064-A1-R4_A1	MAT	2881852	2882406	9.30230495421916	3.25555581998515	1.33931882721819	-1.91623699276695	1.63337906941061e-11	0.00174232388684637	6.89448565136464e-05	2.39902550819683e-10	0.00880529276148164	0.000300037801494572	10.2640501211876	10.2786682509623	7.02391960830982	7.21991728615837	8.08540673340084	9.47875194883271	2	2
MvSl-1064-A1-R4_A1g01301	MvSl-1064-A1-R4_A1	MAT	2882708	2882899	5.79778841566499	2.38630013765397	-2.21308139327906	-4.59938153093303	0.0454802626607095	0.000531291592230624	8.95061793651224e-07	0.0977074367456373	0.0032856190572157	5.26229466334883e-06	5.27049938209279	4.90263489139206	3.65459552555813	4.25494412396616	6.72966313150425	6.98201719740098	1	1
MvSl-1064-A1-R4_A1g01305	MvSl-1064-A1-R4_A1	MAT	2891625	2892286	12.2109497276388	1.85487248290536	0.951790137715113	-0.90308234519025	1.69644965045877e-08	0.00289786784242496	0.00521479785166581	1.81211667208096e-07	0.0134851275835617	0.0145890177993032	12.5442703574728	13.2666585917573	11.034169510021	11.1635397537929	12.14103740485	11.8450306595845	2	2
MvSl-1064-A1-R4_A1g01306	MvSl-1064-A1-R4_A1	MAT	2894931	2896335	12.7206164570868	0.743828935530911	-5.65445664206068	-6.39828557759159	0.0602299520423256	3.36097429369746e-42	2.23713678314465e-48	0.125256979911031	7.89828959018904e-40	5.25727144038993e-46	8.87742432929934	8.36673505485041	8.31385495751798	7.45182347322863	14.4081591297879	14.0940047048386	1	1
MvSl-1064-A1-R4_A1g01307	MvSl-1064-A1-R4_A1	MAT	2896667	2897461	11.5909516635872	-1.57383873361058	-10.5187419535267	-8.94490321991608	0.149594575435034	4.05264254255142e-71	4.57970584421881e-63	0.247568487515725	1.90474199499917e-68	2.15246174678284e-60	3.65459552555813	4.59328738131764	5.45743447707722	4.25494412396616	13.4485293517777	12.8259913298313	1	1
MvSl-1064-A1-R4_A1g01308	MvSl-1064-A1-R4_A1	MAT	2898422	2899008	7.7743159613486	-0.112322879106351	-3.48597237044231	-3.37364949133596	0.854573849984012	1.57271169591287e-13	4.56169227190863e-12	0.965504109356937	4.10652498377248e-12	4.87271674499331e-11	6.01357440545194	5.72799179655127	6.37714635217986	5.49472204770933	9.25213702414361	8.88834161044235	1	1
MvSl-1064-A1-R4_A1g01323	MvSl-1064-A1-R4_A1	MAT	2936331	2936675	4.16131299560477	0	-4.4446200542367	-4.4446200542367	1	0.00518599441197672	0.0108648401367189	1	0.0218267947734826	0.0278224997115276	3.65459552555813	3.65459552555813	3.65459552555813	3.65459552555813	5.09501009494027	4.61909347618597	1	1
MvSl-1064-A1-R4_A1g01329	MvSl-1064-A1-R4_A1	MAT	2947632	2948402	7.67896101177419	4.20245188583984	-5.29904498204667	-9.50149686788651	0.0193915511159486	1.79774877863666e-20	1.55151108837374e-23	0.0485209521563428	9.38824362176925e-19	8.10233568372953e-22	4.52329355896884	4.90263489139206	3.65459552555813	3.65459552555813	9.31867054252053	9.04380183619343	1	1
MvSl-1064-A1-R4_A1g01338	MvSl-1064-A1-R4_A1	MAT	2970367	2971159	10.5567106355108	1.02147452803843	1.4328911321733	0.411416604134876	0.0009043113005831	4.39286794035177e-06	0.19046349422182	0.00321989629753073	4.69238166355758e-05	0.307621451148644	11.1317876036668	11.3339746161579	9.9657613139726	10.4345575358353	9.65112533378799	9.95862306883827	2	2
MvSl-1064-A1-R4_A1g01370	MvSl-1064-A1-R4_A1	MAT	3048163	3050355	12.7014486705983	1.89666303279261	-1.22029145463424	-3.11695448742684	8.29261536806195e-07	0.00107027552991456	8.35556094442812e-15	6.0898894109205e-06	0.00571624430749821	1.19003443753976e-13	12.5112326547258	12.3640157010365	10.0212107627021	10.9335910429954	13.9870214800972	13.2320436809965	1	1
MvSl-1064-A1-R4_A1g01371	MvSl-1064-A1-R4_A1	MAT	3050902	3054160	9.77666129555535	1.15890020717865	-2.49216647894326	-3.65106668612191	0.00333235028840635	1.44004480307449e-12	6.50083066831143e-21	0.010303977865467	3.2229574164048e-11	1.97829737835979e-19	8.79535749169727	8.2889869603062	7.53134203170957	7.39724729834835	11.1587400871468	10.8731855332937	1	1
MvSl-1064-A1-R4_A1g01400	MvSl-1064-A1-R4_A1	MAT	3130971	3131616	7.98882556566061	-1.97493328784531	-1.58095508740179	0.393978200443525	3.49371589058116e-05	0.00100585638770162	0.368982476141467	0.000178483311801429	0.00543393680712367	0.499774535407751	7.04679807942831	6.24970333381478	8.0408885074718	8.92788941020749	7.88042676660884	8.41817011967017	1	1
MvSl-1064-A1-R4_A1g01401	MvSl-1064-A1-R4_A1	MAT	3132127	3133455	8.50930228945089	10.2290379083054	3.63917578123181	-6.58986212707354	3.22760111095287e-20	1.00776361996863e-09	3.94947464681735e-06	3.0339450442957e-18	1.43529970116744e-08	2.06250342667128e-05	10.505132134825	8.83634980454466	3.65459552555813	3.65459552555813	6.40161651367325	6.49938250720649	2	2
MvSl-1064-A1-R4_A1g01423	MvSl-1064-A1-R4_A1	MAT	3178351	3179220	5.5260537783081	2.18691327512621	-1.98077918355687	-4.16769245868307	0.0773932092775346	0.0051498883270102	3.64963878327923e-05	0.151608991688148	0.0218267947734826	0.000164935598859734	5.27049938209279	4.59328738131764	4.35260532394462	3.65459552555813	6.13243752545578	6.76078882325286	1	1
MvSl-1064-A1-R4_A1g01430	MvSl-1064-A1-R4_A1	MAT	3186854	3188061	10.175451165905	-0.124858106278261	-1.11642140475307	-0.991563298474806	0.681075016078121	0.000183487668920023	0.000957813917912534	0.837971878420724	0.00134748756863142	0.00314805973020203	9.71352096415257	9.63967877707203	9.9080952060136	9.68824662382101	10.7158148221631	10.8452707351707	1	1
