gid	gname	chr	start	end	logCPM	logFC.water.rich	logFC.water.diploid	logFC.rich.diploid	PV.water.rich	PV.water.diploid	PV.rich.diploid	FDR.water.rich	FDR.water.diploid	FDR.rich.diploid	water1	water2	rich1	rich2	di1	di2	average	ward.D
MvSl-1064-A1-R4_A1g00094	MvSl-1064-A1-R4_A1	MAT	215113	216890	4.32643755073097	-4.81037614538804	-2.36639644456618	2.44397970082185	0.0017154556346695	0.210363639118963	0.0382947111043159	0.00580046149852276	0.392911020841726	0.0799933965290155	3.65459552555813	3.65459552555813	4.82100932781139	5.27016786155353	4.30658124188589	3.65459552555813	2	2
MvSl-1064-A1-R4_A1g00095	MvSl-1064-A1-R4_A1	MAT	217252	218206	10.2616938854178	-2.62077848497563	-2.00561908468743	0.615159400288206	9.5594959664579e-12	1.37413122337005e-07	0.0832505863515623	1.44934293685007e-10	1.74551804049709e-06	0.154655239467329	7.81916399705599	8.83634980454466	10.9623257488609	11.0128702946875	10.613521313641	10.0992010126775	2	2
MvSl-1064-A1-R4_A1g00101	MvSl-1064-A1-R4_A1	MAT	224546	224905	7.91437647953419	2.38869020740723	1.52529864673199	-0.863391560675241	2.60236146995022e-07	0.000319993337216872	0.0849831045943687	2.22383616523019e-06	0.00221171865429308	0.156635526115111	8.70833925891677	8.9074490850884	6.93432155211057	6.15150410848597	6.82429812069911	7.71618524031572	1	1
MvSl-1064-A1-R4_A1g00121	MvSl-1064-A1-R4_A1	MAT	274757	275079	12.5692197902302	-1.49796474166664	-0.250451282638667	1.24751345902797	6.02771481437252e-06	0.442259795066002	0.000149953825235367	3.67925449708452e-05	0.635545244258341	0.00059727371068324	11.4936729071891	12.1051402765231	13.1156289724135	13.5091841814956	12.2366223861191	11.907106247568	2	2
MvSl-1064-A1-R4_A1g00123	MvSl-1064-A1-R4_A1	MAT	281578	282184	6.57803351632194	1.37492944410851	0.345255914309414	-1.02967352979909	0.0174457607469787	0.498809340416782	0.0890862813015853	0.0455528197282221	0.691564572259256	0.161040585429789	6.79980594281244	7.12509122448683	6.07571304894674	5.49472204770933	6.72966313150425	6.59188159321706	1	1
MvSl-1064-A1-R4_A1g00124	MvSl-1064-A1-R4_A1	MAT	282374	283117	10.3146364678161	2.91808978080335	-0.534912200218781	-3.45300198102213	1.44945992399253e-13	0.115474966091191	4.68911157474401e-18	2.96193984468038e-12	0.279622749269537	1.10194122006484e-16	10.2942430739411	10.7249082265435	8.16424618081043	7.0176952878259	11.0697867626574	11.0425461292768	1	1
MvSl-1064-A1-R4_A1g00125	MvSl-1064-A1-R4_A1	MAT	283790	285460	10.7874837267881	-0.985120626222162	-0.0418561471396399	0.943264479082522	0.000665238557968835	0.885680238103159	0.0011647803044685	0.00246190647437285	0.996643377060791	0.00377549478000136	10.3296598161761	10.4191056707304	11.4843473031701	11.2117764103014	10.4672124451968	10.3647254529991	2	2
MvSl-1064-A1-R4_A1g00131	MvSl-1064-A1-R4_A1	MAT	292914	293328	9.93678210627675	-0.977486917762381	-0.991651278719745	-0.0141643609573641	0.00321840925778248	0.0027421962631135	0.965156540345153	0.0100318529595627	0.013018507511751	1	8.98499894376263	9.4383291734055	10.2143901530862	10.1673675766296	10.3996618238944	9.98444731630951	2	2
MvSl-1064-A1-R4_A1g00145	MvSl-1064-A1-R4_A1	MAT	321322	321920	10.3165555380632	-3.12233993596687	0.274001244728487	3.39634118069536	1.1283443625105e-19	0.443529447056885	8.52187359691888e-22	8.83869750633227e-18	0.635545244258341	3.3377338254599e-20	8.53711591795772	8.55564906134484	11.496137077916	11.7472240533146	8.59519139062935	7.90830517293147	2	2
MvSl-1064-A1-R4_A1g00146	MvSl-1064-A1-R4_A1	MAT	322032	322722	9.06384122388907	-2.95374389962673	0.135001832425266	3.08874573205199	4.39187219635612e-16	0.741112719180497	1.40656125809573e-16	1.47441423734813e-14	0.916639415828509	3.00492632411361e-15	7.44152858779923	7.49187746803127	10.4588973178885	10.1996191443503	7.15079331439201	7.49449271552894	2	2
MvSl-1064-A1-R4_A1g00161	MvSl-1064-A1-R4_A1	MAT	353892	354131	5.37689170253106	2.65855945836684	0.892507550368645	-1.76605190799819	0.00269096513150429	0.179286772843027	0.0831063778347328	0.00854563251220957	0.379559213066209	0.154655239467329	5.89248475534561	6.01230302992756	4.82100932781139	3.65459552555813	5.37062850536883	5.19202512772423	1	1
MvSl-1064-A1-R4_A1g00169	MvSl-1064-A1-R4_A1	MAT	371961	372797	10.2870704691604	-2.08274803418912	-0.695305566077109	1.38744246811201	1.7874612756011e-07	0.0776785835727753	0.000362329732860671	1.58510716892928e-06	0.207437126586389	0.00133042948784778	8.43240743151022	9.58650800353671	10.8807322905212	11.421156225516	9.67671697879229	9.91452808259804	2	2
MvSl-1064-A1-R4_A1g00173	MvSl-1064-A1-R4_A1	MAT	378060	378408	16.599006917254	6.81886381526398	4.84860038463034	-1.97026343063364	7.96234283044555e-25	9.49862146376438e-16	0.000229519541405095	1.24743371010314e-22	3.18882291997804e-14	0.000860724889951607	18.0821813674992	18.1609516355152	11.8424320881623	10.4614069319098	13.142472716138	13.3965588004589	1	1
MvSl-1064-A1-R4_A1g00183	MvSl-1064-A1-R4_A1	MAT	404057	405445	10.843701347175	-1.19400735230418	-0.0442211635987403	1.14978618870544	4.78003136465017e-05	0.88088597181346	9.49799407282761e-05	0.000229997815614289	0.996643377060791	0.000391583966160436	10.1028108085766	10.5189732061406	11.4922178484403	11.5297952280021	10.4375797157925	10.2976431560846	2	2
MvSl-1064-A1-R4_A1g00190	MvSl-1064-A1-R4_A1	MAT	422409	423645	10.4947874418408	1.49263524774049	0.585681384189711	-0.906953863550783	4.56686788680609e-06	0.0622613128438241	0.00541105112821839	2.86190387573182e-05	0.180634673065416	0.0150484853861695	10.7469968524838	11.3112126254448	9.70635608359278	9.44089651252468	10.6002091728634	10.3382656468666	1	1
MvSl-1064-A1-R4_A1g00191	MvSl-1064-A1-R4_A1	MAT	423985	426191	13.7694100897306	-1.56267446368945	0.298349026068308	1.86102348975776	3.09512284574715e-05	0.41733555347434	8.96165729780178e-07	0.000165307697443314	0.611052056488909	5.26229466334883e-06	12.9585472323536	13.2333184089297	14.285124339809	14.9632275355817	12.8731684108414	12.7325726038986	2	2
MvSl-1064-A1-R4_A1g00198	MvSl-1064-A1-R4_A1	MAT	438188	438544	10.2013317144835	1.13971565884694	-0.180120856736945	-1.31983651558389	0.000260070852465191	0.545146984851649	2.51066637750962e-05	0.00112140642806092	0.744822915349637	0.000119193252265608	10.5458571195555	10.2584130782407	9.40660955147363	9.15867958661805	10.5595194821843	10.6166813508329	1	1
MvSl-1064-A1-R4_A1g00202	MvSl-1064-A1-R4_A1	MAT	449331	450021	4.4008290839918	-5.02629826142477	-2.36453201784204	2.66176624358273	0.000729752830159001	0.210667185642798	0.0198424141237681	0.00263833715519023	0.392911020841726	0.0461679932582724	3.65459552555813	3.65459552555813	5.17403476581678	5.27016786155353	3.65459552555813	4.21598732819973	2	2
MvSl-1064-A1-R4_A1g00213	MvSl-1064-A1-R4_A1	MAT	481957	483035	7.07221040971038	1.64788114061656	-0.170761058231488	-1.81864219884805	0.00230304119221439	0.702090380978087	0.000792569434619419	0.00751687055792197	0.882306093742515	0.00264953168892941	7.35250351284079	7.29381238690515	6.23428801773303	5.49472204770933	7.41686444030205	7.54164041882728	1	1
MvSl-1064-A1-R4_A1g00216	MvSl-1064-A1-R4_A1	MAT	487259	488338	8.01648076799265	-1.27695250436697	0.348740888360122	1.6256933927271	0.000625235076390473	0.396905477913517	3.30412786646032e-05	0.00235088388722818	0.595426659756812	0.00015077088322683	7.64266726296984	7.49187746803127	8.68738103592861	8.8888624040213	6.91310572777955	7.49449271552894	2	2
MvSl-1064-A1-R4_A1g00219	MvSl-1064-A1-R4_A1	MAT	497168	498774	10.9980664991806	1.72822666271228	0.576651669607312	-1.15157499310497	1.24057920700176e-08	0.0471065235255239	0.000140985467325567	1.3882672078353e-07	0.148591047362391	0.000566351877290738	11.6372146916267	11.5548999739597	10.0102900576263	9.74398288820107	10.7762505991682	11.2305217670897	1	1
MvSl-1064-A1-R4_A1g00223	MvSl-1064-A1-R4_A1	MAT	512213	513436	8.29827206051249	2.69419017346437	-1.39770500547623	-4.09189517894059	1.00853876366476e-06	0.000578912491253778	9.92555264320312e-15	7.07482416302147e-06	0.00348831885755482	1.37206168891337e-13	7.52537798142522	8.31537128707279	6.23428801773303	4.67761357260875	9.23501290804789	9.40417887858843	1	1
MvSl-1064-A1-R4_A1g00226	MvSl-1064-A1-R4_A1	MAT	515650	516516	4.99474091898928	-3.01159732896071	-0.231279114533547	2.78031821442716	0.000512760293998109	0.858721166028781	0.00162538985387954	0.00202518771579085	0.991021922513532	0.00505916047234028	4.15336427203613	4.19897676272701	5.89753087978565	6.01317825305095	4.75399775944264	3.65459552555813	2	2
MvSl-1064-A1-R4_A1g00227	MvSl-1064-A1-R4_A1	MAT	516570	517975	10.5575278349385	-0.7782854185679	-0.269932346704172	0.508353071863728	0.0153824921699821	0.401394135979879	0.112490879965096	0.0413129789708091	0.595426659756812	0.193665617522327	10.4035375739399	9.90587403773378	10.7224577149417	11.1429552158613	10.2457366809267	10.6166813508329	2	2
MvSl-1064-A1-R4_A1g00232	MvSl-1064-A1-R4_A1	MAT	527440	527715	8.11941905876201	-1.46769335000167	-0.916537411343562	0.551155938658104	0.000383025928461185	0.0289972799370415	0.163427406365861	0.00157338702350372	0.09947971949204	0.268569513957883	7.25762152944937	7.29381238690515	9.02779987778152	8.2218760135459	7.96594406824023	8.28596808049661	2	2
MvSl-1064-A1-R4_A1g00234	MvSl-1064-A1-R4_A1	MAT	529154	529949	8.57844491599371	1.17855566339197	2.01623143558364	0.837675772191678	0.00459314200144634	3.68313824015927e-06	0.0632445236551826	0.013838312440255	4.12160707827347e-05	0.122830273214611	8.9701135847131	9.6909593885319	8.16424618081043	8.28335811416816	6.82429812069911	7.83449808832201	1	1
MvSl-1064-A1-R4_A1g00239	MvSl-1064-A1-R4_A1	MAT	540556	541585	11.7406165224601	1.44704030129832	1.0398605384232	-0.407179762875113	0.000105977049723759	0.00480364979686496	0.270031596673561	0.000483584595826862	0.0210042522047717	0.389309357167404	11.7784779152595	12.8803975310292	10.6679087936541	11.2507771123996	11.5114387577955	11.2695540533516	1	1
MvSl-1064-A1-R4_A1g00244	MvSl-1064-A1-R4_A1	MAT	549134	550850	9.62288195444338	3.06780749146591	-0.090967549769341	-3.15877504123525	1.97386442351929e-14	0.784307415976275	3.95529286236831e-15	4.8827172581793e-13	0.948332574968239	5.9967343397197e-14	10.1365325781346	9.99017668205004	7.4036262725803	6.78243393738142	9.87766087941841	10.3842566274576	1	1
MvSl-1064-A1-R4_A1g00255	MvSl-1064-A1-R4_A1	MAT	585329	585682	10.6158338785374	-1.1484790494377	-1.23209898043494	-0.0836199309972341	0.000831689464002068	0.000335108594170131	0.803264674893163	0.00298392403115246	0.00228262375739075	0.923066985818549	9.90569533499418	9.54251379547621	10.3762494679411	11.2391872040743	10.9384273858397	10.975451873813	2	2
MvSl-1064-A1-R4_A1g00257	MvSl-1064-A1-R4_A1	MAT	587793	588573	13.6878091622154	-1.02261485942845	-1.28007729906594	-0.25746243963749	0.00769826861345664	0.000902896830154886	0.497661385556774	0.0219284015049977	0.00493443616479996	0.639073363966349	12.6808118198129	12.9567608556332	14.2255841526447	13.3322998815569	14.1385929756736	14.0685764162245	2	2
MvSl-1064-A1-R4_A1g00282	MvSl-1064-A1-R4_A1	MAT	651600	651861	6.84339963348287	7.50228147630891	-0.157888291831671	-7.66016976814058	1.06239530003868e-08	0.784896535452436	4.1160566717093e-09	1.24831447754545e-07	0.948332574968239	3.12023650919899e-08	7.35250351284079	7.18355164720444	3.65459552555813	3.65459552555813	7.92381896594413	6.678805703752	1	1
MvSl-1064-A1-R4_A1g00288	MvSl-1064-A1-R4_A1	MAT	665245	665589	5.40573847937397	-1.81300691138936	-1.06672851990447	0.746278391484883	0.0173350102110118	0.197256358768671	0.277998689347441	0.045516507257964	0.392911020841726	0.397140984782058	5.06169181797653	4.19897676272701	6.07571304894674	5.86016945058731	5.37062850536883	5.41096165532624	2	2
MvSl-1064-A1-R4_A1g00294	MvSl-1064-A1-R4_A1	MAT	682868	684833	11.066124325007	1.32495499791271	0.388765722560298	-0.936189275352413	4.08594547865139e-06	0.163101704677584	0.00114089264317509	2.63067722598103e-05	0.35489722777067	0.00372374682147425	11.6926723552259	11.3532030781991	10.2426594204158	10.1916235927194	11.0842018059715	11.2051216909542	1	1
MvSl-1064-A1-R4_A1g00298	MvSl-1064-A1-R4_A1	MAT	689704	690217	10.7150302287098	-1.19002611053921	-0.0934246988090912	1.09660141173012	6.4366093970774e-05	0.755030050496679	0.000238174841824892	0.00029952538778479	0.929398681951536	0.000881434453997631	10.2269641818239	10.1453032200131	11.3863911571396	11.3510981255571	10.4745264929071	10.0592572245901	2	2
MvSl-1064-A1-R4_A1g00299	MvSl-1064-A1-R4_A1	MAT	690280	690676	9.46409393934306	-1.20124036599414	-0.42837756169166	0.772862804302484	0.000226610997933115	0.194240108710002	0.0165423159126777	0.000995394103070693	0.392911020841726	0.0396677983620333	8.76117741845041	8.94172650854677	10.2332977443848	9.80814285667408	9.30232260466233	9.24236627712592	2	2
MvSl-1064-A1-R4_A1g00301	MvSl-1064-A1-R4_A1	MAT	696126	696729	6.92947413575556	2.27147686898869	-0.206159009674674	-2.47763587866336	0.000569279164995899	0.695282809790141	0.000171701335097098	0.00217529437030953	0.880816497577807	0.000672496895796966	7.15605738092466	7.29381238690515	3.65459552555813	6.01317825305095	7.58847375057421	7.23243759478487	1	1
MvSl-1064-A1-R4_A1g00324	MvSl-1064-A1-R4_A1	MAT	737420	737716	6.11974034067577	-2.32407903435893	-1.57658127331616	0.747497761042772	0.000408901878765369	0.0246152001759441	0.187447205778681	0.001656757612239	0.088993416020721	0.303793747296483	4.81746383814689	5.1572208770123	6.73647775743778	6.86519099946633	6.13243752545578	6.17989310722113	2	2
MvSl-1064-A1-R4_A1g00328	MvSl-1064-A1-R4_A1	MAT	742628	743237	10.8531490097436	-1.94987514508116	-0.884877358617468	1.06499778646369	3.44250395714232e-07	0.0188744195827747	0.00419372818341421	2.78961527561533e-06	0.0693045094055008	0.0118738087120764	9.25438402470399	10.0542423893482	11.4684762174584	11.795502758065	10.9698199597656	10.0592572245901	2	2
MvSl-1064-A1-R4_A1g00336	MvSl-1064-A1-R4_A1	MAT	761485	762354	5.68656101284311	2.5873759141681	1.03146651469886	-1.55590939946924	0.00193080063698139	0.123760852201649	0.0997685577310838	0.00637669725223791	0.287958418488986	0.178293620279884	6.65839944237108	5.87713974446567	4.35260532394462	4.67761357260875	5.60194276946062	5.41096165532624	1	1
MvSl-1064-A1-R4_A1g00338	MvSl-1064-A1-R4_A1	MAT	762986	764724	6.28857397335527	2.49943071849659	0.596027369527738	-1.90340334896886	0.000238383888462959	0.259232911125196	0.00933720958540724	0.00103741136645917	0.46326794003362	0.0245166955594492	6.86562993875383	6.86422120071849	4.82100932781139	5.00410153270882	6.27329588343899	6.40054402437277	1	1
MvSl-1064-A1-R4_A1g00340	MvSl-1064-A1-R4_A1	MAT	766367	766927	12.7722665968446	3.38578807299834	3.81981881285016	0.434030739851812	1.38546830484718e-15	1.11996879580573e-18	0.272557117781931	4.06981314548858e-14	5.26385334028695e-17	0.391095519074913	13.6156981684599	14.5105330997695	10.2143901530862	11.1429552158613	10.2457366809267	10.3971320442761	1	1
MvSl-1064-A1-R4_A1g00342	MvSl-1064-A1-R4_A1	MAT	767711	767993	12.098150934005	0.948645751396169	1.32253908417472	0.373893332778554	0.00177755728863021	1.5928409292817e-05	0.219162436301854	0.00596751375468713	0.000152782701380081	0.343810665326872	12.4957255090771	12.9504616994932	11.6796500312992	11.8997895435544	11.6176552895606	11.1977816244092	1	1
MvSl-1064-A1-R4_A1g00345	MvSl-1064-A1-R4_A1	MAT	771175	771479	7.21986970628061	1.67786829465416	-1.0514625057798	-2.72933080043396	0.0179563292954087	0.0770349312639448	8.44071777854414e-05	0.0463707404881433	0.206893815394595	0.00035667355959667	7.30584239566137	6.71365922681806	6.37714635217986	4.25494412396616	7.41686444030205	8.44321658109445	1	1
MvSl-1064-A1-R4_A1g00355	MvSl-1064-A1-R4_A1	MAT	800398	801531	15.3102178544968	2.44248571962405	1.46708734791701	-0.975398371707041	6.55451609444866e-07	0.00201950613493502	0.0380936715028873	5.13437094065145e-06	0.00999124087809959	0.0799286857426654	15.5836224589414	16.7281004499115	13.7230855411491	13.9200059779408	14.6594686856868	14.9275747258983	1	1
MvSl-1064-A1-R4_A1g00356	MvSl-1064-A1-R4_A1	MAT	801996	802169	8.43931844538999	2.05342354854263	1.25850963065455	-0.794913917888079	7.90630340767386e-07	0.0011845979557418	0.0682682923910085	5.89835333588367e-06	0.00625574201346791	0.130392258166852	8.92451320827129	9.52000315208983	7.46889695866735	7.08829936024844	7.74182287671573	8.25800919119336	1	1
MvSl-1064-A1-R4_A1g00362	MvSl-1064-A1-R4_A1	MAT	827022	827609	8.27414202449418	-1.52450143571151	0.40573675024213	1.93023818595364	0.000274189394811905	0.369803186869266	1.00957583120503e-05	0.00117153650510541	0.57173519022551	5.04787915602514e-05	7.56554327617754	7.82135952083291	9.59381591779365	8.58138833355204	7.28995402325356	7.34303375141903	2	2
MvSl-1064-A1-R4_A1g00387	MvSl-1064-A1-R4_A1	MAT	875047	876411	7.39344840925774	2.85691918955063	1.64512628497405	-1.21179290457658	5.78982035360626e-08	0.000346873584642457	0.0402441795460014	5.44243113238988e-07	0.00229620541946415	0.0836936477284099	8.47520700916571	8.17834227654484	5.17403476581678	6.15150410848597	6.99676218397589	6.59188159321706	1	1
MvSl-1064-A1-R4_A1g00429	MvSl-1064-A1-R4_A1	MAT	974324	974825	11.5743286120987	1.51321584918565	-1.07917168462678	-2.59238753381243	6.77564709696157e-06	0.000851450672517319	5.78123806888147e-14	4.08276171227171e-05	0.004764069239085	7.34373484425484e-13	11.2535735120584	11.4723045348256	10.2332977443848	9.38589739864741	12.2171335352331	12.6367602783449	1	1
MvSl-1064-A1-R4_A1g00431	MvSl-1064-A1-R4_A1	MAT	981578	982760	12.5300400523701	-1.18374586648999	-4.94792458553701	-3.76417871904702	0.000492981665504948	1.27881265764385e-39	1.64942068228526e-26	0.00198035369903697	2.00347316364204e-37	1.29204620112345e-24	8.77836867623042	9.28656818107239	10.032049422464	10.3793115359838	14.1721554541628	13.7325077124966	2	2
MvSl-1064-A1-R4_A1g00435	MvSl-1064-A1-R4_A1	MAT	989905	990838	10.940958488526	1.01520811751322	-0.235007362821038	-1.25021548033426	0.000380611044684449	0.395426708369835	1.30544214977175e-05	0.00157338702350372	0.595426659756812	6.45850326729184e-05	11.0024276502766	11.2023249160076	10.1561335124779	10.0395649738414	11.3773979154254	11.3007223006442	1	1
MvSl-1064-A1-R4_A1g00443	MvSl-1064-A1-R4_A1	MAT	1002523	1003071	10.0711552007159	1.23941057305344	0.812958084232944	-0.426452488820494	6.07895236938857e-05	0.00717506975541108	0.173423279609149	0.00028859672864774	0.0285786676698577	0.283017157695487	10.5458571195555	10.7493049049576	9.32081885582836	9.51965313464232	9.88865286938806	9.80285343168497	1	1
MvSl-1064-A1-R4_A1g00450	MvSl-1064-A1-R4_A1	MAT	1013912	1014286	8.68870681709788	-2.00842575830611	-2.76577716868851	-0.757351410382399	3.12784434595435e-06	6.36904808679825e-11	0.045016524526165	2.07054484873035e-05	1.06909021456971e-09	0.0915920628887341	6.50161166018577	7.12509122448683	9.04929869401132	8.34232683063152	9.58508675576607	9.35223207972266	2	2
MvSl-1064-A1-R4_A1g00452	MvSl-1064-A1-R4_A1	MAT	1015602	1016332	12.086372634212	-0.910437908407011	-0.00995308634865263	0.900484822058358	0.00268594601935187	0.973752432139885	0.00303666890837983	0.00854563251220957	1	0.00903312903125647	11.4325462726237	11.9517043123255	12.709314673182	12.5314786666886	11.8988798749733	11.5284385775086	2	2
MvSl-1064-A1-R4_A1g00454	MvSl-1064-A1-R4_A1	MAT	1018305	1020228	8.99877157000639	2.68930939915542	-0.489837105893155	-3.17914650504858	3.9581631592944e-11	0.131983248630915	4.19376801774692e-15	5.63738389354051e-10	0.30259574076356	6.15959677606579e-14	9.30271142890207	9.11694574889891	6.93432155211057	6.39377641910273	9.67671697879229	9.71303149720605	1	1
MvSl-1064-A1-R4_A1g00472	MvSl-1064-A1-R4_A1	MAT	1047860	1048111	6.77364991350596	-1.56308219905966	-1.03784477742546	0.525237421634204	0.00351742338167469	0.0605705429474087	0.292634773680343	0.0108051567933798	0.180034906781501	0.413028058948231	6.12528294903269	5.72799179655127	7.46889695866735	7.15560875067398	6.91310572777955	6.76078882325286	2	2
MvSl-1064-A1-R4_A1g00477	MvSl-1064-A1-R4_A1	MAT	1054632	1054787	10.5153102208801	-1.444806969145	0.046564024999354	1.49137099414436	4.78507118337203e-05	0.896096021298668	3.07256212014925e-05	0.000229997815614289	0.996907186667482	0.000141578842791191	9.79179568262195	9.96539906757352	11.1481501167377	11.4616141616304	10.2542607379461	9.25656583864624	2	2
MvSl-1064-A1-R4_A1g00499	MvSl-1064-A1-R4_A1	MAT	1103738	1104479	4.52634831126332	4.20105127225874	-0.244815394840084	-4.44586666709883	0.0177825966580719	0.783171496172155	0.0113258436671211	0.0461758034767613	0.948332574968239	0.0284660241900906	4.52329355896884	4.90263489139206	3.65459552555813	3.65459552555813	5.09501009494027	4.61909347618597	1	1
MvSl-1064-A1-R4_A1g00526	MvSl-1064-A1-R4_A1	MAT	1167990	1170000	13.4437271537713	-1.82072833575629	-0.0409710047381204	1.77975733101817	8.39178896871394e-08	0.901458626241872	1.59506384308305e-07	7.73360944175598e-07	0.996907186667482	1.04122223090144e-06	12.4734677462706	12.6327837052019	14.1659429142332	14.5555036866799	12.6571608194453	12.5326714848553	2	2
MvSl-1064-A1-R4_A1g00536	MvSl-1064-A1-R4_A1	MAT	1190911	1191630	9.78874569708275	-0.905453482120405	-0.0645294808442837	0.840924001276121	0.00625680121297203	0.847433472489317	0.011543559560521	0.0183156998093866	0.981019044507337	0.0288588989013025	9.33792339935501	9.48556459315387	10.4015447229701	10.2075706279987	9.72657736254362	9.18412777378663	2	2
MvSl-1064-A1-R4_A1g00545	MvSl-1064-A1-R4_A1	MAT	1215794	1216564	7.95857396596479	1.67879026216046	1.88623841632958	0.207448154169121	3.21088708127659e-05	3.49656607303653e-06	0.650782886033581	0.000167679658688889	4.00825866909065e-05	0.782270988326811	8.93987403906307	8.6826887949898	7.53134203170957	6.86519099946633	7.15079331439201	6.91197718229463	1	1
MvSl-1064-A1-R4_A1g00551	MvSl-1064-A1-R4_A1	MAT	1224433	1225980	12.4121100572614	1.24235590277982	0.0223111061430627	-1.22004479663676	2.95186948973677e-05	0.938859956452192	4.13029093280778e-05	0.000159468811514515	1	0.000184879689373301	12.6635671656161	12.7903907920831	11.2858315928181	11.6658745659474	12.6262998662871	12.7812662182522	1	1
MvSl-1064-A1-R4_A1g00555	MvSl-1064-A1-R4_A1	MAT	1233985	1234510	8.59089025171575	-2.97478807995265	0.0403222585301815	3.01511033848283	1.06944694486678e-12	0.931862919994354	1.68493970658229e-12	1.79514308602638e-11	1	1.93151624900896e-11	6.92858125901655	7.06416147395792	9.4717484054494	10.1426967604362	7.15079331439201	6.76078882325286	2	2
MvSl-1064-A1-R4_A1g00557	MvSl-1064-A1-R4_A1	MAT	1236663	1237721	9.30652719066125	5.49393662306637	-0.781600072374948	-6.27553669544132	9.68259815918843e-19	0.0469873188315221	1.86354427309592e-24	5.68852641852321e-17	0.148591047362391	1.09483226044386e-22	9.84986925313925	8.81801367744989	4.82100932781139	4.67761357260875	10.2711592324793	10.1226469975251	1	1
MvSl-1064-A1-R4_A1g00564	MvSl-1064-A1-R4_A1	MAT	1252641	1252985	7.27891589402576	-9.14643201308006	0	9.14643201308006	1.76665684006986e-17	1	2.74279656227012e-16	7.51840850710551e-16	1	4.95813224718059e-15	3.65459552555813	3.65459552555813	8.20312782411492	9.26917891817044	3.65459552555813	3.65459552555813	2	2
MvSl-1064-A1-R4_A1g00565	MvSl-1064-A1-R4_A1	MAT	1253191	1254392	6.7221477405483	-1.29563490915139	0.470712104209059	1.76634701336045	0.0127754093629413	0.432256928553315	0.00158810776164541	0.0349095488405955	0.62898067003114	0.00497607098648895	6.58213440735682	6.01230302992756	7.64866541031088	7.34052509502057	5.80124320710001	6.05546936153795	2	2
MvSl-1064-A1-R4_A1g00567	MvSl-1064-A1-R4_A1	MAT	1255487	1256568	11.6008412849159	1.38636879634514	0.025077851461063	-1.36129094488407	6.25844803327857e-07	0.925601512976115	1.03186838245434e-06	4.98554334854395e-06	1	5.91436755797002e-06	11.8493328891415	12.0274718513701	10.5966877697129	10.5264224460772	11.988459724789	11.8403244415328	1	1
MvSl-1064-A1-R4_A1g00574	MvSl-1064-A1-R4_A1	MAT	1273863	1274099	7.03822206908707	2.53034347335137	1.02757586362377	-1.5027676097276	4.3622025756217e-06	0.026062337294876	0.0125842678150995	2.77058812235432e-05	0.0927977161256949	0.031129504595246	7.67973631470914	7.89318322421808	5.45743447707722	5.68898632616964	6.99676218397589	6.678805703752	1	1
MvSl-1064-A1-R4_A1g00578	MvSl-1064-A1-R4_A1	MAT	1280349	1280637	8.09356707622406	1.6715976187836	2.02277128233673	0.351173663553124	0.000673358475954983	4.99950963734088e-05	0.507410410391163	0.0024724881538972	0.000427230823554585	0.646295102666251	8.53711591795772	9.32603111653232	7.59119601940757	7.15560875067398	6.13243752545578	7.58729595695865	1	1
MvSl-1064-A1-R4_A1g00582	MvSl-1064-A1-R4_A1	MAT	1285336	1286410	13.1218568060675	1.880048551063	1.33423919218654	-0.545809358876468	8.54626990004831e-07	0.000379300771632007	0.142341814020225	6.17961054311185e-06	0.00245514926271012	0.23808061419753	13.4810862714708	14.3294222632724	11.9261581748948	12.2354243169491	12.3282859112998	12.8854513582052	1	1
MvSl-1064-A1-R4_A1g00600	MvSl-1064-A1-R4_A1	MAT	1315222	1315416	6.21501432201267	2.34924257611769	1.48561647395349	-0.863626102164202	0.0167008266819581	0.100656203003996	0.400809641812023	0.0442803163209568	0.252986178673145	0.527676559248321	7.20773302127079	6.71365922681806	5.45743447707722	4.67761357260875	3.65459552555813	6.49938250720649	1	1
MvSl-1064-A1-R4_A1g00601	MvSl-1064-A1-R4_A1	MAT	1315464	1315679	7.92862782096676	2.55093773342519	1.28747281775182	-1.26346491567337	1.15153937813443e-06	0.00605294550117472	0.0211195878031926	7.95916923122326e-06	0.0247381250917576	0.0484205183780513	8.82874648278486	8.74224587913406	6.93432155211057	5.68898632616964	6.82429812069911	8.0123852969341	1	1
MvSl-1064-A1-R4_A1g00612	MvSl-1064-A1-R4_A1	MAT	1338048	1338317	8.99189289738653	-1.66967073384536	-1.14228232203152	0.527388411813846	6.90916821975849e-06	0.00223175860914044	0.135712473285987	4.11051780162847e-05	0.0109263181905834	0.228619578653813	7.56554327617754	8.26211110804017	9.62278462596173	9.51965313464232	8.88591604342351	9.19890928141423	2	2
MvSl-1064-A1-R4_A1g00620	MvSl-1064-A1-R4_A1	MAT	1353495	1354271	10.8148556831562	1.05197259821658	0.480896483405768	-0.571076114810812	0.0018060356763298	0.146587863401712	0.0906458287621203	0.00602011892109934	0.322949987384445	0.163231952176998	11.0024276502766	11.4752327865662	10.5217673870988	9.82891072933193	10.9542090576404	10.583271533788	1	1
MvSl-1064-A1-R4_A1g00621	MvSl-1064-A1-R4_A1	MAT	1354338	1354822	8.69029581804691	7.8063863149853	2.25343733269084	-5.55294898229446	2.38355397416529e-25	2.25643540404701e-07	7.51080885918799e-11	5.60135183928844e-23	2.79085431553183e-06	7.20424523228235e-10	9.47075886474264	10.2920154167219	3.65459552555813	4.25494412396616	8.04667465455913	7.39530686296588	1	1
MvSl-1064-A1-R4_A1g00622	MvSl-1064-A1-R4_A1	MAT	1355213	1356312	12.852779368442	3.26424940686167	0.387437793326919	-2.87681161353475	4.17651988262157e-23	0.193557539469262	9.07564178265469e-19	4.90741086208034e-21	0.392911020841726	2.50914802226336e-17	13.5180153307257	13.5489747101183	10.4181651442093	10.1343785040295	13.1005428153557	13.1910449718896	1	1
MvSl-1064-A1-R4_A1g00623	MvSl-1064-A1-R4_A1	MAT	1356413	1356598	9.83920135700582	2.92809451053059	0.466216371538051	-2.46187813899254	2.34718926803098e-14	0.162540535949267	1.42361101003425e-10	5.51589477987281e-13	0.35489722777067	1.31195524454137e-09	10.3470473925239	10.6697375674911	7.4036262725803	7.86769523469109	9.7865731757618	10.2768947664473	1	1
MvSl-1064-A1-R4_A1g00628	MvSl-1064-A1-R4_A1	MAT	1369568	1370214	9.77530070050633	1.71260804905545	0.0398500397098983	-1.67275800934555	1.32878341302065e-05	0.913871123453106	2.2064426021937e-05	7.61619761121594e-05	1	0.000105819186023575	9.81697113101233	10.4432334316142	8.0408885074718	8.80749083287776	9.92113510650529	10.2976431560846	1	1
MvSl-1064-A1-R4_A1g00629	MvSl-1064-A1-R4_A1	MAT	1370267	1370662	10.0552336027803	-1.02353516716864	0.493483991943066	1.5170191591117	0.00322299956785952	0.164906267872444	2.06887517484434e-05	0.0100318529595627	0.357170257603912	0.000100244467234726	9.44945170508614	9.99017668205004	10.3847305941049	11.0487224339233	9.20014257611992	9.31200645682034	2	2
MvSl-1064-A1-R4_A1g00630	MvSl-1064-A1-R4_A1	MAT	1370783	1372841	13.1370363437649	-2.27591868821629	0.473394653912014	2.7493133421283	5.44797618190949e-10	0.181213252177582	2.09178176971252e-13	7.31585372999274e-09	0.379559213066209	2.52086520965355e-12	11.9979926460885	12.0234764681847	13.7892643098589	14.6504387550752	11.634077709847	11.4378824986541	2	2
MvSl-1064-A1-R4_A1g00631	MvSl-1064-A1-R4_A1	MAT	1373003	1373898	13.9110946486269	-3.89634716226269	0.287909955100865	4.18425711736355	7.39804844473654e-19	0.467449377604271	6.41439490063301e-21	4.96726109860882e-17	0.657788046329363	1.97829737835979e-19	11.4298289290916	11.4486620616718	14.8112139571831	15.7104376339327	11.3012909361007	10.9882720319915	2	2
MvSl-1064-A1-R4_A1g00632	MvSl-1064-A1-R4_A1	MAT	1374331	1374784	10.5755608029645	-1.58462346241803	0.271575546564154	1.85619900898218	7.18390572647595e-07	0.401596279027467	1.1757241937691e-08	5.44586401845758e-06	0.595426659756812	8.63422454799179e-08	9.74883502363725	10.0384906986198	11.1874620991503	11.70852414196	9.77477195283082	9.47875194883271	2	2
MvSl-1064-A1-R4_A1g00633	MvSl-1064-A1-R4_A1	MAT	1374868	1376500	13.3594640749985	-1.65081362681916	0.318967743409792	1.96978137022895	2.77356596466613e-06	0.355559769277925	3.21683415881777e-08	1.86225143341868e-05	0.564571255272381	2.2565851561856e-07	12.5912347690516	12.6893580781723	13.9284650921593	14.5786803958166	12.4163719299027	12.2231253889941	2	2
MvSl-1064-A1-R4_A1g00634	MvSl-1064-A1-R4_A1	MAT	1378027	1378182	11.7962608402345	-1.5516451379937	0.305928082240217	1.85757322023392	5.69553086464219e-06	0.366819475883507	8.21424629405697e-08	3.52223619260767e-05	0.570877992269035	5.51527965458111e-07	11.3458334108066	10.9007362260427	12.2337177583689	13.0311171932057	10.5935067542743	11.0425461292768	2	2
MvSl-1064-A1-R4_A1g00636	MvSl-1064-A1-R4_A1	MAT	1381215	1381929	12.3540318507769	1.863811133835	1.52481928597906	-0.338991847855947	1.51221695254938e-06	6.82837626907948e-05	0.370054014887723	1.03006082275103e-05	0.000573095865440599	0.499785594819627	12.6021375193322	13.6778497837684	11.1679400052774	11.5611636494377	11.4272501056008	11.9557831295985	1	1
MvSl-1064-A1-R4_A1g00638	MvSl-1064-A1-R4_A1	MAT	1383670	1384158	6.84451799526626	4.78228299333821	-0.600830689178957	-5.38311368251717	1.63342750039777e-07	0.215733379512892	7.15439369191803e-10	1.47636716382106e-06	0.400769519253198	6.22697228741014e-09	6.79980594281244	7.23973512189281	3.65459552555813	4.25494412396616	7.58847375057421	7.58729595695865	1	1
MvSl-1064-A1-R4_A1g00659	MvSl-1064-A1-R4_A1	MAT	1419367	1421348	9.69371199655034	1.66477566021732	-2.19786399528363	-3.86263965550095	4.32081928319635e-05	4.20143089138137e-10	9.56321021630632e-22	0.000216040964159817	6.17085162171639e-09	3.45746830897229e-20	8.82874648278486	8.64157277002186	6.83878841099744	7.39724729834835	11.1450543529965	10.6221751996473	1	1
MvSl-1064-A1-R4_A1g00673	MvSl-1064-A1-R4_A1	MAT	1453621	1453990	8.3325762933606	3.98827705691617	0.512621018178478	-3.47565603873769	9.68419366249662e-13	0.22053270117429	1.03331870100622e-09	1.75060423898977e-11	0.408072321070536	8.83017799041676e-09	8.93987403906307	9.16125735565885	5.45743447707722	5.49472204770933	9.03187175620353	7.87187356783676	1	1
MvSl-1064-A1-R4_A1g00676	MvSl-1064-A1-R4_A1	MAT	1456305	1457669	13.0122550667267	1.62302019866615	1.49242992840944	-0.130590270256713	8.38000294313438e-06	3.87221496453345e-05	0.714509511753831	4.92325172909145e-05	0.000343385100628438	0.839616913263768	13.3499618107277	14.2158378185236	12.154098197213	12.2944784045439	12.1318151962765	12.5500692459055	1	1
MvSl-1064-A1-R4_A1g00685	MvSl-1064-A1-R4_A1	MAT	1469635	1470091	9.06472303370509	-1.19612829988272	0.285120399530497	1.48124869941321	0.000720293299234244	0.440572234404005	4.67613835283564e-05	0.00262432442356662	0.635180828741971	0.000207338209984222	8.81214857728739	8.41633283023424	9.91981430082021	9.67683623858588	8.62178545183711	8.04547441373756	2	2
MvSl-1064-A1-R4_A1g00686	MvSl-1064-A1-R4_A1	MAT	1472457	1472968	8.11333906483661	1.87338910273072	-1.16772438527068	-3.0411134880014	4.14301275561676e-05	0.000863800390212273	2.34834630316288e-12	0.000209378063993535	0.00477630803999727	2.56679712206175e-11	7.9155480759739	7.85771828885008	6.37714635217986	6.01317825305095	8.9291458988765	9.09210968480544	1	1
MvSl-1064-A1-R4_A1g00688	MvSl-1064-A1-R4_A1	MAT	1475930	1476249	6.94929471075635	2.51627900397989	0.828258671032078	-1.68802033294782	8.54246714548865e-06	0.0733401597651737	0.00568861376030768	4.95674019553045e-05	0.203925165798126	0.0157028485194507	7.52537798142522	7.74577191605477	5.45743447707722	5.49472204770933	6.91310572777955	6.83836258502792	1	1
MvSl-1064-A1-R4_A1g00689	MvSl-1064-A1-R4_A1	MAT	1478443	1478850	12.7317675389253	2.02590302727045	0.33634174482799	-1.68956128244246	2.6886420005845e-10	0.272984424246511	1.08098769404742e-07	3.71665217727857e-09	0.466551010884411	7.15583403101811e-07	13.153968033742	13.4105106498772	11.4922178484403	11.0037662975953	12.9394176108842	12.9643491727683	1	1
MvSl-1064-A1-R4_A1g00690	MvSl-1064-A1-R4_A1	MAT	1478950	1479853	12.544787910389	1.63788018381045	0.453823132113477	-1.18405705169698	3.32285787455004e-08	0.114695862143871	5.67158450946121e-05	3.25363166883024e-07	0.279333467271434	0.000249125674714651	12.986553971617	13.1885237503762	11.5944701496786	11.3073698646618	12.6619738165829	12.613503787127	1	1
MvSl-1064-A1-R4_A1g00697	MvSl-1064-A1-R4_A1	MAT	1494572	1495446	13.2615742233041	-1.42916257397628	-0.605446795312886	0.823715778663397	3.15380932778396e-05	0.0737601663525138	0.0150549373032157	0.000166549481354884	0.203925165798126	0.0364733017139761	12.2590624057089	12.6471366413499	13.5991959591574	14.1369492328487	13.0910572192794	13.0493862327781	2	2
MvSl-1064-A1-R4_A1g00698	MvSl-1064-A1-R4_A1	MAT	1495555	1496468	12.8264193522719	-2.20527108757404	0.283466127119176	2.48873721469322	5.43156091186688e-12	0.360950576065875	1.61326005442969e-14	8.50944542859144e-11	0.568543805112933	2.10620062661654e-13	11.5372450396341	11.9003407894391	13.7707793731357	14.075275705303	11.457093577677	11.4378824986541	2	2
MvSl-1064-A1-R4_A1g00705	MvSl-1064-A1-R4_A1	MAT	1506010	1507991	11.7380807200195	-0.993338766663511	0.502658190493253	1.49599695715676	0.000538882830258072	0.081902388131104	3.07728224034535e-07	0.00209318124149829	0.216259114728196	1.92843020394975e-06	11.1778607500198	11.6615815439276	12.3246825852402	12.5267195840442	10.9331282304515	10.9450875584766	2	2
MvSl-1064-A1-R4_A1g00716	MvSl-1064-A1-R4_A1	MAT	1524220	1524556	10.8600983777926	-2.56284048183082	-2.10067640608927	0.462164075741554	1.23847615115072e-16	7.78835685721676e-12	0.105434395915677	4.47756762339107e-15	1.59153379256169e-10	0.186291979664637	8.9550730397703	9.02401785561436	11.3435280845498	11.6830859886942	11.0697867626574	11.0588432365287	2	2
MvSl-1064-A1-R4_A1g00717	MvSl-1064-A1-R4_A1	MAT	1524811	1525014	12.5743196047312	-3.05445540977216	-3.05510445126757	-0.000649041495411701	1.22306753954811e-17	1.19041510769319e-17	0.998414679163084	6.38713048430682e-16	4.66245917179832e-16	1	9.68645632059388	10.3183449183011	12.7801374634621	13.3195159198389	13.011583492246	13.1373825810693	2	2
MvSl-1064-A1-R4_A1g00720	MvSl-1064-A1-R4_A1	MAT	1532912	1533593	13.0920091159182	-1.70569717314685	-0.179014458150426	1.52668271499642	2.13425904237523e-07	0.577819373965552	3.09572625723321e-06	1.85759583317844e-06	0.771520186829005	1.63482173134788e-05	12.1787976900345	12.3141895763172	13.7602256367337	14.1196708505879	12.6014608962569	12.2285381932617	2	2
MvSl-1064-A1-R4_A1g00733	MvSl-1064-A1-R4_A1	MAT	1552758	1553579	14.5085332451306	1.19982719960514	0.817538214814671	-0.382288984790471	0.00169852796201024	0.031150041515617	0.31165452284306	0.00580046149852276	0.103833471718723	0.435945314691185	14.8887133334978	15.2684438514189	13.9902098132182	13.7863649928037	14.360101260717	14.1821911957605	1	1
MvSl-1064-A1-R4_A1g00748	MvSl-1064-A1-R4_A1	MAT	1577528	1577867	12.4722228975105	1.03729197295759	-1.22680675690985	-2.26409872986744	0.000546349245113172	3.55172739465575e-05	2.22092493096152e-13	0.00210478807543599	0.000321021514516962	2.60958679387978e-12	12.0555339440939	12.1842187510232	11.2721828339647	10.8798691226465	13.3102596201675	13.3804400554127	1	1
MvSl-1064-A1-R4_A1g00754	MvSl-1064-A1-R4_A1	MAT	1603528	1605548	13.8049886485853	0.866255774363794	0.252895481299122	-0.613360293064671	0.0111992439543181	0.455460338375788	0.0716576918613485	0.0313312182055328	0.64988703620348	0.135257490661983	14.1615953826994	14.1053554893867	13.3534771746554	13.1779653378814	13.8864237683805	13.875651218612	1	1
MvSl-1064-A1-R4_A1g00758	MvSl-1064-A1-R4_A1	MAT	1609522	1610175	12.1258115887762	-0.808655407555836	-0.0582609848625435	0.750394422693292	0.00377393161372674	0.834433142123527	0.00723120721725317	0.0114435345706553	0.973027928736985	0.0192015106898813	11.6949374630421	11.8783876026601	12.6595087438759	12.5298940495004	11.7471033735756	11.9404724467785	2	2
MvSl-1064-A1-R4_A1g00759	MvSl-1064-A1-R4_A1	MAT	1610298	1611449	12.1589771839243	-0.642687412894259	-0.0681214552821931	0.574565957612065	0.0190563524565223	0.803642169376975	0.0362180806634001	0.0484134359706243	0.956232454701717	0.0770248774289504	11.8533944116871	11.9326566434594	12.576800588708	12.4913315261783	11.9626851355703	11.9601279311415	2	2
MvSl-1064-A1-R4_A1g00760	MvSl-1064-A1-R4_A1	MAT	1612135	1612362	11.0306851097963	-1.22860666924127	-0.982785737287991	0.245820931953278	6.99703779688324e-05	0.00142121045286113	0.41647389588685	0.000322412525934816	0.00726053166135579	0.546767405214579	9.96695856115323	10.4251755457987	11.6657980699549	11.1594462753773	11.2165890642533	11.1605104520818	2	2
MvSl-1064-A1-R4_A1g00761	MvSl-1064-A1-R4_A1	MAT	1612647	1613030	9.79344353187708	-1.13243742753527	-1.42337164640234	-0.290934218867073	0.000616154837620034	1.5192438215453e-05	0.360419998913189	0.00233542559420497	0.000149602730239497	0.489587859795373	8.69028756953449	8.9916623762993	10.0640852307814	9.84938388200142	10.1935068178218	10.2976431560846	2	2
MvSl-1064-A1-R4_A1g00762	MvSl-1064-A1-R4_A1	MAT	1613927	1614079	8.07051333087168	1.7279184189228	-1.31797567118012	-3.04589409010292	0.000379622825043204	0.000611566131752902	4.83459501001649e-11	0.00157338702350372	0.0035929510240483	4.73387428064114e-10	7.81916399705599	7.6660039948389	6.23428801773303	6.15150410848597	9.30232260466233	8.67232519469993	1	1
MvSl-1064-A1-R4_A1g00769	MvSl-1064-A1-R4_A1	MAT	1634670	1635220	5.13377113966859	-1.89242275192373	-0.552864299652621	1.33955845227111	0.019296362474912	0.565628905973535	0.0865728184827224	0.0485209521563428	0.763662506225722	0.157656573053434	4.15336427203613	4.90263489139206	6.07571304894674	5.49472204770933	5.37062850536883	4.21598732819973	2	2
MvSl-1064-A1-R4_A1g00770	MvSl-1064-A1-R4_A1	MAT	1635321	1635701	7.02283217888722	1.28983502384102	1.99145386215215	0.701618838311124	0.0194083808625371	0.000607284632603151	0.268237326337657	0.0485209521563428	0.0035929510240483	0.387912441165227	7.25762152944937	8.17834227654484	6.37714635217986	6.78243393738142	5.60194276946062	6.29443285284695	1	1
MvSl-1064-A1-R4_A1g00787	MvSl-1064-A1-R4_A1	MAT	1675443	1676404	10.7138615241333	-1.15810103581907	-4.45491557317001	-3.29681453735094	0.00298620052428286	5.45188619321327e-29	1.24567935106864e-18	0.00941955870075803	4.27064418468373e-27	3.25260719445701e-17	7.44152858779923	7.96160016142469	9.2296022098083	8.31314373734044	12.011269595534	12.1753437119164	2	2
MvSl-1064-A1-R4_A1g00790	MvSl-1064-A1-R4_A1	MAT	1683482	1684057	6.8048519302447	-1.81682066066582	-0.131780705758028	1.68503995490779	0.00155617911091664	0.836389964276047	0.00381392982479351	0.0054178087565246	0.973027928736985	0.0109301647417863	6.50161166018577	5.37354827799711	7.75716115994516	7.60416032944046	6.40161651367325	5.91929328093719	2	2
MvSl-1064-A1-R4_A1g00791	MvSl-1064-A1-R4_A1	MAT	1684208	1684384	4.66837982290086	-3.05164773516638	-1.58928404895971	1.46236368620666	0.00522051344559448	0.236183898843583	0.105305577316575	0.0154317064115057	0.428596264310749	0.186291979664637	3.65459552555813	4.19897676272701	5.45743447707722	5.27016786155353	4.75399775944264	4.21598732819973	2	2
MvSl-1064-A1-R4_A1g00810	MvSl-1064-A1-R4_A1	MAT	1730738	1731250	10.0883039297435	-0.833073878068152	0.33401617908649	1.16709005715464	0.00689617801125859	0.288834276825752	0.000205679386423295	0.0198846850631383	0.481390461376253	0.000785929362755678	9.66812697429472	9.99834221539503	10.5446548274076	10.7767526569186	9.4727036715352	9.54965904710321	2	2
MvSl-1064-A1-R4_A1g00814	MvSl-1064-A1-R4_A1	MAT	1735366	1735672	9.54155310440732	-0.819449506215197	-1.67991222519754	-0.86046271898234	0.0181331992873397	9.20180594693449e-07	0.00978369557432631	0.0465716047270472	1.10893558847672e-05	0.025405176353223	8.31950045897256	8.79944150156381	9.21064580369779	9.51965313464232	10.2878620819235	10.1608962742481	2	2
MvSl-1064-A1-R4_A1g00815	MvSl-1064-A1-R4_A1	MAT	1735751	1736615	10.0024818500098	2.32549472494223	-2.83421330144872	-5.15970802639095	7.16886675796588e-07	1.87142111873124e-13	1.68283399476052e-28	5.44586401845758e-06	4.62930487265096e-12	1.58186395507489e-26	8.53711591795772	8.5776144905474	6.83878841099744	5.86016945058731	10.9437071481398	11.6677755953879	1	1
MvSl-1064-A1-R4_A1g00816	MvSl-1064-A1-R4_A1	MAT	1736704	1736911	9.05192071605003	1.50281573911435	-0.352445887224714	-1.85526162633906	0.0001378719958978	0.326957579815301	2.58704314363889e-06	0.000623075366076597	0.531609245761666	1.39759802012676e-05	8.86138018336254	9.53130237806555	7.46889695866735	8.01994851274718	9.50163076896965	9.64988479222806	1	1
MvSl-1064-A1-R4_A1g00824	MvSl-1064-A1-R4_A1	MAT	1751427	1752854	12.8037980343205	1.43125899886263	1.03026484882161	-0.400994150041021	2.71976413549625e-05	0.00226255083474253	0.233256873446196	0.000148638272521307	0.0109628751786494	0.352510387523189	13.042766874239	13.8331421764927	11.9577655398869	12.1595740172342	12.422057432692	12.5017112452744	1	1
MvSl-1064-A1-R4_A1g00828	MvSl-1064-A1-R4_A1	MAT	1758020	1758187	9.53711356797506	-2.46309671162355	0.340878980831193	2.80397569245474	1.24497060733919e-09	0.418649098682701	1.96259899597949e-11	1.62537829291505e-08	0.611071665779098	1.96259899597949e-10	8.1970012472329	8.39174706954791	10.1361798764268	11.1220727189461	7.92381896594413	8.0123852969341	2	2
MvSl-1064-A1-R4_A1g00833	MvSl-1064-A1-R4_A1	MAT	1764621	1764984	10.3331723658615	-1.57238356787428	0.536486194462248	2.10886976233653	1.57746351081634e-05	0.147045313404832	1.84618253689762e-08	8.82628392956759e-05	0.322949987384445	1.33493198821828e-07	9.64018878027075	9.77890726189853	11.6657980699549	10.7278315699186	8.95028457192	9.37843927112789	2	2
MvSl-1064-A1-R4_A1g00841	MvSl-1064-A1-R4_A1	MAT	1788461	1789644	11.0607677500607	-3.27095977020884	0.396028313181969	3.6669880833908	2.68540312234397e-08	0.476499125275452	1.09305020464316e-09	2.68540312234397e-07	0.668521160834217	9.17381421754082e-09	9.39476500332622	8.89000005267541	13.1669310006971	10.7222920610037	8.84135069993484	8.71408351110724	2	2
MvSl-1064-A1-R4_A1g00852	MvSl-1064-A1-R4_A1	MAT	1832733	1833013	7.54108046794942	4.52288976639715	3.40186193475493	-1.12102783164222	1.4991596312894e-08	1.57046472008304e-06	0.214705345347294	1.63861634117678e-07	1.84529604609757e-05	0.339769401728041	8.9701135847131	8.64157277002186	5.69419952433565	3.65459552555813	3.65459552555813	6.49938250720649	1	1
MvSl-1064-A1-R4_A1g00857	MvSl-1064-A1-R4_A1	MAT	1845751	1846365	9.4993375129423	-0.902701020227532	0.476918715265728	1.37961973549326	0.0108562131970058	0.192402111536525	0.000155717274491532	0.0305534143867829	0.392911020841726	0.000615017806815296	8.93987403906307	9.50861473123924	9.89628013618306	10.3436766572271	8.9291458988765	8.62932207824483	2	2
MvSl-1064-A1-R4_A1g00859	MvSl-1064-A1-R4_A1	MAT	1850243	1851664	10.2574517847608	-1.87072630808061	-0.416567690592303	1.45415861748831	1.66471482303996e-09	0.182707343584739	2.09548380832212e-06	2.1146377481859e-08	0.379966599490387	1.1586792822487e-05	9.20438147275995	9.35175252194947	10.9959294961872	11.2507771123996	9.8098899095909	9.56114533208454	2	2
MvSl-1064-A1-R4_A1g00865	MvSl-1064-A1-R4_A1	MAT	1861713	1862835	9.07494122416402	1.66531800523172	1.51932670623779	-0.145991298993927	4.55663619238531e-05	0.000159017506860188	0.72857477686435	0.000225433580044326	0.00120545529394014	0.846996999065332	9.99664144441481	9.78835634349807	8.3489527532346	8.19012365542236	7.69249567632884	8.86998697783267	1	1
MvSl-1064-A1-R4_A1g00874	MvSl-1064-A1-R4_A1	MAT	1880645	1880865	4.92582045723887	4.68107509862976	-0.725113246154991	-5.40618834478475	0.00665175343961263	0.362575257792212	0.000740175735538662	0.0192982970161601	0.568543805112933	0.00252088837466066	3.65459552555813	5.72799179655127	3.65459552555813	3.65459552555813	5.37062850536883	5.60100936940226	1	1
MvSl-1064-A1-R4_A1g00875	MvSl-1064-A1-R4_A1	MAT	1880922	1881191	5.30751380251296	2.49645989572844	0.731086177819538	-1.7653737179089	0.00627410142406646	0.287868446832185	0.0853828204774263	0.0183156998093866	0.481390461376253	0.156757521970275	5.45287120588825	6.13588080939843	4.82100932781139	3.65459552555813	5.37062850536883	5.19202512772423	1	1
MvSl-1064-A1-R4_A1g00891	MvSl-1064-A1-R4_A1	MAT	1921718	1923408	10.3596080167044	1.14556634359295	0.450661107464313	-0.694905236128635	0.000299146619985498	0.144146396504082	0.029042252147295	0.00126665685939806	0.321084390317149	0.0629025737752471	10.9388660253079	10.6697375674911	9.38985469149701	9.90911581056048	10.237161960658	10.4781328383038	1	1
MvSl-1064-A1-R4_A1g00904	MvSl-1064-A1-R4_A1	MAT	1950368	1950922	5.14037834178579	3.0515204314896	0.426189590206166	-2.62533084128344	0.00502150089225313	0.553378993227433	0.0255252647507134	0.0150325185946431	0.751699788488131	0.0563233541447666	6.01357440545194	4.90263489139206	4.35260532394462	3.65459552555813	5.09501009494027	5.41096165532624	1	1
MvSl-1064-A1-R4_A1g00919	MvSl-1064-A1-R4_A1	MAT	1983323	1983762	9.4930383044982	-2.4198708228703	0.14207977045252	2.56195059332282	1.82537888668473e-09	0.732440858518233	3.91636644237823e-10	2.25770546511006e-08	0.910706887575581	3.53979274599571e-09	7.56554327617754	8.74224587913406	10.5217673870988	10.7443236085762	8.04667465455913	8.20041145430896	2	2
MvSl-1064-A1-R4_A1g00925	MvSl-1064-A1-R4_A1	MAT	1999093	1999997	8.83426256233364	1.03722640177317	0.550257428656431	-0.486968973116743	0.0024555309073078	0.0953292935195583	0.16713480125379	0.00795930707885977	0.244834797563893	0.273705075223977	9.30271142890207	9.25964680837162	8.41668617573428	8.12444224305369	8.79536471714029	8.69335543265987	1	1
MvSl-1064-A1-R4_A1g00926	MvSl-1064-A1-R4_A1	MAT	2000097	2000516	9.86841820020354	1.20219322362413	0.111406214538978	-1.09078700908515	0.0013980712518672	0.758441796058236	0.00388752643420853	0.00490368274908645	0.929398681951536	0.0110735601459273	10.1231383071548	10.285357269034	9.13222665236236	8.90850787027449	10.5034174278076	9.53808057749103	1	1
MvSl-1064-A1-R4_A1g00931	MvSl-1064-A1-R4_A1	MAT	2009185	2010535	9.41765202037103	1.46728511688544	-0.393074733878926	-1.86035985076437	0.00194014405759579	0.377964748052775	9.34384111179508e-05	0.00637669725223791	0.580534090146419	0.000388637639163158	9.67732075639202	9.46214019208413	8.79310666166658	7.0176952878259	9.79827864758626	10.1070587540802	1	1
MvSl-1064-A1-R4_A1g00932	MvSl-1064-A1-R4_A1	MAT	2010788	2011245	5.06424874839196	2.70050636167239	-0.110182249526931	-2.81068861119932	0.0155901071038443	0.876476296809675	0.0127018099900077	0.0416326723795841	0.996643377060791	0.0312557628026367	5.27049938209279	5.37354827799711	3.65459552555813	4.25494412396616	5.80124320710001	4.93381510747154	1	1
MvSl-1064-A1-R4_A1g00939	MvSl-1064-A1-R4_A1	MAT	2019346	2020028	4.90885969870202	3.06145729890849	1.78243120458268	-1.27902609432581	0.00363269119179711	0.0332317422615442	0.357183093112041	0.011086784806134	0.108464714325873	0.486597257283071	5.76029272564015	5.37354827799711	4.35260532394462	3.65459552555813	3.65459552555813	4.93381510747154	1	1
MvSl-1064-A1-R4_A1g00967	MvSl-1064-A1-R4_A1	MAT	2078590	2079312	11.0590738712455	1.30690142160163	0.34741594141685	-0.959485480184783	3.5942778796624e-06	0.20334031725694	0.000679470095490099	2.34626472700184e-05	0.392911020841726	0.00233102879474705	11.4541027101309	11.5604256263722	10.3065434570609	10.1091320369762	11.2165890642533	11.1066582600084	1	1
MvSl-1064-A1-R4_A1g00976	MvSl-1064-A1-R4_A1	MAT	2097071	2097556	9.80599825641832	-1.53075391939178	1.13145569171824	2.66220961111002	1.46883157429636e-05	0.00264010299918349	2.20121517523215e-12	8.31747999902761e-05	0.0126617184654718	2.46326460085502e-11	9.57281541251119	8.92468959536915	10.5966877697129	10.9761044461439	8.00687397980665	8.34031105017076	2	2
MvSl-1064-A1-R4_A1g00980	MvSl-1064-A1-R4_A1	MAT	2104867	2106707	12.9508808130337	-2.82296693950575	-0.983051998982641	1.83991494052311	2.76989765442157e-07	0.0584884289267634	0.000507098538382756	2.32473553138953e-06	0.176215138433197	0.00181936116824348	10.6981506762184	11.5931423437292	14.7157065164535	12.680320675992	12.1995862949697	12.1865115469088	2	2
MvSl-1064-A1-R4_A1g00981	MvSl-1064-A1-R4_A1	MAT	2106900	2107445	5.54753006974151	-4.13041615015381	2.99219460240514	7.12261075255895	0.00019564914541507	0.135328855921173	6.21626563865885e-06	0.000875762841381743	0.307268416825851	3.14155360233297e-05	4.15336427203613	4.19897676272701	7.64866541031088	5.49472204770933	3.65459552555813	3.65459552555813	2	2
MvSl-1064-A1-R4_A1g00994	MvSl-1064-A1-R4_A1	MAT	2129917	2130858	7.02702264703184	3.01736752359337	1.826798032481	-1.19056949111238	6.32251816114187e-05	0.00660904283919306	0.139415738837449	0.000297158353573668	0.0267780184001788	0.234019275905719	8.53711591795772	7.06416147395792	5.89753087978565	4.67761357260875	5.80124320710001	6.678805703752	1	1
MvSl-1064-A1-R4_A1g00996	MvSl-1064-A1-R4_A1	MAT	2135852	2138855	13.2514794072083	1.81833426336487	-0.157459831124824	-1.97579409448969	2.57007851614966e-08	0.616940626003519	1.74037962682937e-09	2.62594978823987e-07	0.814500264667567	1.41030762863759e-08	13.5909786155632	13.555215105609	11.6657980699549	11.8447694969304	13.8531413350819	13.5967874647161	1	1
MvSl-1064-A1-R4_A1g01010	MvSl-1064-A1-R4_A1	MAT	2180684	2181124	9.78531705809323	-1.7101706964977	-0.14256723004078	1.56760346645692	4.79569913408518e-05	0.735216939364753	0.000189830331006876	0.000229997815614289	0.911746600267636	0.000737357484076296	8.27174155248557	9.4383291734055	10.3931621537809	10.8698828803928	8.81854092649383	9.33894777023009	2	2
MvSl-1064-A1-R4_A1g01011	MvSl-1064-A1-R4_A1	MAT	2181536	2182498	13.8195068356476	-1.90547127678952	0.345209996904517	2.25068127369403	3.29478431856352e-07	0.341161640701872	2.63383900586014e-09	2.71675198197343e-06	0.547255874163413	2.06317388792378e-08	12.6308150174386	13.1911975847852	14.8542178250123	14.8292110043244	12.7429447464344	12.4267771797918	2	2
MvSl-1064-A1-R4_A1g01019	MvSl-1064-A1-R4_A1	MAT	2200588	2202941	12.3839415296422	-0.724974635985919	0.277824853500294	1.00279948948621	0.0123440417887438	0.33803327133095	0.000592587808031557	0.0341276449453505	0.54409464906009	0.00207847962518531	12.0886438665423	12.2506672852566	12.966821940794	12.8204272150734	12.0435932668459	11.7301606411206	2	2
MvSl-1064-A1-R4_A1g01034	MvSl-1064-A1-R4_A1	MAT	2234431	2236252	13.3092264975018	2.3414039933538	0.791285499269096	-1.5501184940847	5.09300748572386e-08	0.0539529146859495	0.000218571741876581	4.88512962916371e-07	0.166828091463133	0.000828457408725752	13.7421044695861	14.3282081056131	11.4073544082899	11.9878386322001	12.6571608194453	13.704295391878	1	1
MvSl-1064-A1-R4_A1g01043	MvSl-1064-A1-R4_A1	MAT	2245051	2245491	4.57647681511387	5.29382771189845	5.29382771189845	0	0.000520374974177698	0.000345316481815434	1	0.00203813531552932	0.00229620541946415	1	5.45287120588825	5.37354827799711	3.65459552555813	3.65459552555813	3.65459552555813	3.65459552555813	1	1
MvSl-1064-A1-R4_A1g01044	MvSl-1064-A1-R4_A1	MAT	2245658	2246287	5.14044608825803	2.49261860996247	1.68956415760438	-0.80305445235809	0.00507694578408029	0.0270637014274428	0.486849448448927	0.0151023070792262	0.095638644142091	0.630356035181806	5.76029272564015	5.87713974446567	4.82100932781139	3.65459552555813	4.30658124188589	4.93381510747154	1	1
MvSl-1064-A1-R4_A1g01117	MvSl-1064-A1-R4_A1	MAT	2489884	2490261	6.27511128898211	-4.22992455184297	-7.87935117116414	-3.64942661932117	0.0137225460918888	2.02378695575605e-11	1.89430067336489e-06	0.0372809055675593	3.62487845160365e-10	1.07267628491747e-05	3.65459552555813	3.65459552555813	3.65459552555813	5.27016786155353	7.41686444030205	7.7961285225863	2	2
MvSl-1064-A1-R4_A1g01128	MvSl-1064-A1-R4_A1	MAT	2503139	2503641	6.06151824812992	3.5260837086078	0.616315400231039	-2.90976830837676	2.68729730103046e-05	0.275650041255031	0.00135612199872363	0.000148591733115802	0.466856445892031	0.00433590026802794	6.73083450343338	6.63204411204005	4.35260532394462	4.25494412396616	5.97632345631724	6.29443285284695	1	1
MvSl-1064-A1-R4_A1g01138	MvSl-1064-A1-R4_A1	MAT	2519820	2520678	7.70329525318825	-1.60287221630171	-3.77906775671959	-2.17619554041787	0.00743439759851171	1.32142188935757e-12	4.08787665826971e-06	0.0213058955567104	3.10534143999029e-11	2.11132091141402e-05	5.27049938209279	5.72799179655127	6.37714635217986	7.15560875067398	9.1823861716515	8.53926816752465	2	2
MvSl-1064-A1-R4_A1g01140	MvSl-1064-A1-R4_A1	MAT	2521041	2521388	10.3793866938195	7.34190206479271	1.70083768628244	-5.64106437851027	2.17113831483423e-34	1.93314336540495e-05	6.7346293731397e-21	1.02043500797209e-31	0.000181715476348065	1.97829737835979e-19	11.9906358941483	10.913746009014	4.35260532394462	5.27016786155353	10.0925459859509	9.59506547222018	1	1
MvSl-1064-A1-R4_A1g01141	MvSl-1064-A1-R4_A1	MAT	2522143	2522310	9.58325900949419	2.35225345663021	-1.5570220376899	-3.90927549432011	9.67628819619233e-07	0.000169986251447135	9.63383102895536e-16	6.89069007910666e-06	0.00126815139968498	1.61710735128894e-14	8.92451320827129	9.29984279426725	7.53134203170957	5.86016945058731	10.3206986072162	10.9318760618177	1	1
MvSl-1064-A1-R4_A1g01142	MvSl-1064-A1-R4_A1	MAT	2523541	2525310	12.6556117737267	-1.187805658551	-2.78897400692536	-1.60116834837436	0.00050354820829582	5.68611471197757e-15	2.73295602708074e-06	0.00200565811778844	1.67029619664341e-13	1.45964696900903e-05	10.7161048542969	11.0613469264565	11.7469824266745	12.3512099772757	13.413758278746	13.9041177470719	2	2
MvSl-1064-A1-R4_A1g01165	MvSl-1064-A1-R4_A1	MAT	2583336	2583491	6.04171820954712	-4.6928102216027	0.619100427129464	5.31191064873216	2.36916832336738e-08	0.680992399481673	1.98362782863747e-08	2.47446469329482e-07	0.865044399341584	1.41258345372668e-07	4.15336427203613	4.19897676272701	7.10827708800417	7.69745744146148	4.30658124188589	3.65459552555813	2	2
MvSl-1064-A1-R4_A1g01170	MvSl-1064-A1-R4_A1	MAT	2591375	2591527	5.70284885081103	-1.4921263460634	0.712021437439889	2.20414778350329	0.0185961546049852	0.388301894293537	0.00227767641915751	0.0475010470888209	0.594468698104112	0.00704281524344756	5.27049938209279	5.37354827799711	6.62635400690488	6.39377641910273	5.09501009494027	4.61909347618597	2	2
MvSl-1064-A1-R4_A1g01179	MvSl-1064-A1-R4_A1	MAT	2609428	2609592	9.79288885975822	2.67265231487372	0.505312163897836	-2.16734015097588	7.36941621470108e-14	0.108083444738459	1.50744892298254e-09	1.57437528223159e-12	0.265964497523957	1.24298419965227e-08	10.4578989202151	10.4728365304544	7.70393295270346	7.98336490566251	9.83283578586844	10.0833559592493	1	1
MvSl-1064-A1-R4_A1g01183	MvSl-1064-A1-R4_A1	MAT	2616817	2617032	5.9360369773154	-1.71842254457581	1.65812049486204	3.37654303943786	0.0167699921385751	0.0893436891415333	0.000130935055137554	0.0442803163209568	0.233722474761379	0.00053051272340216	5.45287120588825	5.56162779939655	7.46889695866735	6.15150410848597	4.75399775944264	4.21598732819973	2	2
MvSl-1064-A1-R4_A1g01186	MvSl-1064-A1-R4_A1	MAT	2621476	2622538	10.6589409379403	-0.982314254984884	-0.115231914282177	0.867082340702707	0.00171446841862113	0.714139392678194	0.00571316403580016	0.00580046149852276	0.892674240847743	0.0157028485194507	10.2269641818239	10.2309560773502	11.2676044015358	11.138802827829	10.6462739814229	9.96728261459258	2	2
MvSl-1064-A1-R4_A1g01188	MvSl-1064-A1-R4_A1	MAT	2623923	2624564	9.22101031222634	-3.0825989285309	0.197830447346529	3.28042937587743	2.12324086376413e-15	0.643279347347655	2.33970768095432e-16	5.87013650570084e-14	0.839836925703884	4.58192754186888e-15	7.10246179687997	7.85771828885008	10.4669075478885	10.5702505311984	7.07583243921931	7.54164041882728	2	2
MvSl-1064-A1-R4_A1g01190	MvSl-1064-A1-R4_A1	MAT	2628613	2629713	11.7377990542013	1.0462777584575	0.206059216753525	-0.840218541703977	0.000635762071012518	0.493193251969031	0.00605908976257633	0.00237149343949114	0.685801267530901	0.0165568150489004	12.0817362243442	12.0918466312326	11.3736654185212	10.6247125510292	11.8988798749733	11.8637034962958	1	1
MvSl-1064-A1-R4_A1g01191	MvSl-1064-A1-R4_A1	MAT	2629993	2631280	12.5511602236724	-2.34256794891978	-1.2391072459406	1.10346070297918	6.08349599965282e-14	4.46345032736014e-05	0.000230747523689154	1.36154434277944e-12	0.00038848549145542	0.000860724889951607	11.0133593839466	11.1186525380845	13.325115553859	13.4766518959548	12.5101042425792	12.0586361979411	2	2
MvSl-1064-A1-R4_A1g01192	MvSl-1064-A1-R4_A1	MAT	2631363	2634911	13.5358224236146	1.23565175127315	0.331775810377774	-0.903875940895379	0.0142224436391005	0.504141393111108	0.0711275875945904	0.0384169454619381	0.696901337535944	0.134798250683296	13.8240669420923	14.1025175687703	13.4085806372462	11.4381517918379	13.7416189453974	13.527482564073	1	1
MvSl-1064-A1-R4_A1g01209	MvSl-1064-A1-R4_A1	MAT	2680895	2681239	7.27891589402576	-9.14645477275637	0	9.14645477275637	1.62566792115286e-17	1	2.546235102199e-16	7.51840850710551e-16	1	4.78692199213412e-15	3.65459552555813	3.65459552555813	8.20312782411492	9.26917891817044	3.65459552555813	3.65459552555813	2	2
MvSl-1064-A1-R4_A1g01214	MvSl-1064-A1-R4_A1	MAT	2700378	2700722	7.27891589402576	-9.14640933282104	0	9.14640933282104	1.91959366138864e-17	1	2.9541762351639e-16	7.51840850710551e-16	1	5.1424549278779e-15	3.65459552555813	3.65459552555813	8.20312782411492	9.26917891817044	3.65459552555813	3.65459552555813	2	2
MvSl-1064-A1-R4_A1g01217	MvSl-1064-A1-R4_A1	MAT	2703214	2703624	4.89571983207223	-2.16609554388807	0.287635854033907	2.45373139792197	0.0126855509160423	0.812994844573536	0.00990391188734784	0.034866718892046	0.963773085182491	0.0255760361926016	4.52329355896884	4.19897676272701	6.23428801773303	5.00410153270882	4.75399775944264	3.65459552555813	2	2
MvSl-1064-A1-R4_A1g01249	MvSl-1064-A1-R4_A1	MAT	2769725	2770523	13.9183936735209	3.50574126708487	-1.45795984439526	-4.96370111148013	1.749121608162e-13	0.000818090383497842	1.50562724362729e-22	3.42536314931726e-12	0.00468905463712178	7.07644804504826e-21	13.6012796365356	13.5258595079738	10.6039701871674	9.23846175241526	14.9383432307913	15.0994058087191	1	1
MvSl-1064-A1-R4_A1g01254	MvSl-1064-A1-R4_A1	MAT	2777826	2778361	11.5314227351716	-2.41414342626573	0.328925936712704	2.74306936297843	3.55737921627295e-15	0.278647744712052	1.95225194339949e-18	9.28871239804604e-14	0.469406595034639	4.82925480735662e-17	10.1231383071548	10.4492028456728	12.428823386438	12.92298978459	10.014411586122	9.92345555787925	2	2
MvSl-1064-A1-R4_A1g01273	MvSl-1064-A1-R4_A1	MAT	2819344	2820733	8.51113721911004	1.06758576494305	0.502226425499667	-0.565359339443382	0.00267540624911965	0.138186679589822	0.123746981621151	0.00854563251220957	0.310754734005819	0.209967802750689	9.0143166868071	8.87233739220568	8.08319058826163	7.74193687439685	8.3938942208011	8.51584811553207	1	1
MvSl-1064-A1-R4_A1g01294	MvSl-1064-A1-R4_A1	MAT	2863391	2864667	12.8570009065048	-1.8996985091213	0.0266803642368454	1.92637887335814	4.87018662455554e-09	0.932824301192661	3.20741876264628e-09	5.86919926549001e-08	1	2.47128986630123e-08	11.9813868837318	11.8783876026601	13.5080049177843	14.0882538624855	11.928474640409	11.8798462954329	2	2
MvSl-1064-A1-R4_A1g01300	MvSl-1064-A1-R4_A1	MAT	2881852	2882406	9.30230495421916	3.25555581998515	1.33931882721819	-1.91623699276695	1.63337906941061e-11	0.00174232388684637	6.89448565136464e-05	2.39902550819683e-10	0.00880529276148164	0.000300037801494572	10.2640501211876	10.2786682509623	7.02391960830982	7.21991728615837	8.08540673340084	9.47875194883271	1	1
MvSl-1064-A1-R4_A1g01305	MvSl-1064-A1-R4_A1	MAT	2891625	2892286	12.2109497276388	1.85487248290536	0.951790137715113	-0.90308234519025	1.69644965045877e-08	0.00289786784242496	0.00521479785166581	1.81211667208096e-07	0.0134851275835617	0.0145890177993032	12.5442703574728	13.2666585917573	11.034169510021	11.1635397537929	12.14103740485	11.8450306595845	1	1
MvSl-1064-A1-R4_A1g01315	MvSl-1064-A1-R4_A1	MAT	2911702	2912107	9.79329928482239	-1.22313643527213	0.00761530090105954	1.23075173617319	0.000384977675963677	0.982635883861555	0.000396056601828096	0.00157338702350372	1	0.00143189694507081	9.502140941743	9.00793081903969	10.3505027757696	10.6067860164096	9.4727036715352	9.04380183619343	2	2
MvSl-1064-A1-R4_A1g01318	MvSl-1064-A1-R4_A1	MAT	2918580	2919346	7.69327254456776	5.37415248465324	0.443373406588994	-4.93077907806425	3.65905069099341e-13	0.321099187309612	9.93799077575712e-11	6.87901529906762e-12	0.524016034845547	9.3417113292117e-10	7.85201271726166	8.79944150156381	3.65459552555813	4.67761357260875	7.96594406824023	7.97851940989329	1	1
MvSl-1064-A1-R4_A1g01329	MvSl-1064-A1-R4_A1	MAT	2947632	2948402	7.67896101177419	4.20245188583984	-5.29904498204667	-9.50149686788651	0.0193915511159486	1.79774877863666e-20	1.55151108837374e-23	0.0485209521563428	9.38824362176925e-19	8.10233568372953e-22	4.52329355896884	4.90263489139206	3.65459552555813	3.65459552555813	9.31867054252053	9.04380183619343	1	1
MvSl-1064-A1-R4_A1g01337	MvSl-1064-A1-R4_A1	MAT	2969672	2970325	10.4691671451689	0.967935397539924	0.10981369990086	-0.858121697639064	0.00101259607195547	0.700932552679105	0.00371820679397426	0.00357834702119601	0.882306093742515	0.0107212097740362	10.6753891085531	10.8474911793331	9.74639383914499	9.85951252937809	10.7342128591177	10.5719607537831	1	1
MvSl-1064-A1-R4_A1g01338	MvSl-1064-A1-R4_A1	MAT	2970367	2971159	10.5567106355108	1.02147452803843	1.4328911321733	0.411416604134876	0.0009043113005831	4.39286794035177e-06	0.19046349422182	0.00321989629753073	4.69238166355758e-05	0.307621451148644	11.1317876036668	11.3339746161579	9.9657613139726	10.4345575358353	9.65112533378799	9.95862306883827	1	1
MvSl-1064-A1-R4_A1g01352	MvSl-1064-A1-R4_A1	MAT	3002566	3003090	10.6870196196549	-0.925625598544822	0.490832751299196	1.41645834984402	0.00158583230663738	0.1003352473081	2.32966022843021e-06	0.00548044988323212	0.252986178673145	1.27318640390954e-05	10.2640501211876	10.5691722503473	11.2721828339647	11.4108619446739	10.014411586122	9.8597710370153	2	2
MvSl-1064-A1-R4_A1g01360	MvSl-1064-A1-R4_A1	MAT	3021786	3022133	8.98954801269931	1.3183194103734	0.374488917446267	-0.943830492927136	0.000220941284542536	0.264864635015175	0.00925581333100664	0.000979645318254639	0.463945932678847	0.0244395071099613	9.4812955877741	9.38949471210024	8.3489527532346	7.94582942821161	8.86380544467668	9.24236627712592	1	1
MvSl-1064-A1-R4_A1g01370	MvSl-1064-A1-R4_A1	MAT	3048163	3050355	12.7014486705983	1.89666303279261	-1.22029145463424	-3.11695448742684	8.29261536806195e-07	0.00107027552991456	8.35556094442812e-15	6.0898894109205e-06	0.00571624430749821	1.19003443753976e-13	12.5112326547258	12.3640157010365	10.0212107627021	10.9335910429954	13.9870214800972	13.2320436809965	1	1
MvSl-1064-A1-R4_A1g01371	MvSl-1064-A1-R4_A1	MAT	3050902	3054160	9.77666129555535	1.15890020717865	-2.49216647894326	-3.65106668612191	0.00333235028840635	1.44004480307449e-12	6.50083066831143e-21	0.010303977865467	3.2229574164048e-11	1.97829737835979e-19	8.79535749169727	8.2889869603062	7.53134203170957	7.39724729834835	11.1587400871468	10.8731855332937	1	1
MvSl-1064-A1-R4_A1g01395	MvSl-1064-A1-R4_A1	MAT	3121131	3121426	11.3338893701704	-1.79543117924159	-0.579983904630167	1.21544727461143	1.16730888290332e-08	0.062073986222423	8.49945503719724e-05	1.3381345730843e-07	0.180634673065416	0.00035667355959667	10.2269641818239	10.4669643061321	11.7403888509402	12.4466797685749	10.9489676587783	10.9050844800376	2	2
MvSl-1064-A1-R4_A1g01398	MvSl-1064-A1-R4_A1	MAT	3125001	3125581	6.85540225866842	1.46273276770066	0.861221835210321	-0.601510932490337	0.00883674944545428	0.0976754858687106	0.315442569196145	0.0250197122853224	0.248148531666454	0.438633158349669	7.44152858779923	7.39624126256946	6.23428801773303	6.01317825305095	6.13243752545578	6.98201719740098	1	1
MvSl-1064-A1-R4_A1g01400	MvSl-1064-A1-R4_A1	MAT	3130971	3131616	7.98882556566061	-1.97493328784531	-1.58095508740179	0.393978200443525	3.49371589058116e-05	0.00100585638770162	0.368982476141467	0.000178483311801429	0.00543393680712367	0.499774535407751	7.04679807942831	6.24970333381478	8.0408885074718	8.92788941020749	7.88042676660884	8.41817011967017	2	2
MvSl-1064-A1-R4_A1g01401	MvSl-1064-A1-R4_A1	MAT	3132127	3133455	8.50930228945089	10.2290379083054	3.63917578123181	-6.58986212707354	3.22760111095287e-20	1.00776361996863e-09	3.94947464681735e-06	3.0339450442957e-18	1.43529970116744e-08	2.06250342667128e-05	10.505132134825	8.83634980454466	3.65459552555813	3.65459552555813	6.40161651367325	6.49938250720649	1	1
MvSl-1064-A1-R4_A1g01414	MvSl-1064-A1-R4_A1	MAT	3163920	3164102	6.87342931985861	2.84769525250294	-0.265340566447692	-3.11303581895063	3.3308709005821e-05	0.590468576542964	4.8817433496297e-06	0.000172033991568526	0.783955454732184	2.49393410252821e-05	7.04679807942831	7.29381238690515	4.35260532394462	5.27016786155353	7.15079331439201	7.631550889853	1	1
MvSl-1064-A1-R4_A1g01425	MvSl-1064-A1-R4_A1	MAT	3181703	3182009	6.8014527366254	-1.39117559812666	0.999819087489365	2.39099468561602	0.0117666224801953	0.129755240230855	0.000118013212522109	0.0327237429922593	0.300418536495082	0.000482314868568618	6.79980594281244	5.87713974446567	7.4036262725803	7.90729122061864	5.80124320710001	5.41096165532624	2	2
MvSl-1064-A1-R4_A1g01427	MvSl-1064-A1-R4_A1	MAT	3184962	3185129	10.5139492983975	-2.61908839430513	-0.0444405589919761	2.57464783531315	4.52889302685061e-12	0.90567466492992	1.16719978806716e-11	7.33993007799927e-11	0.999218527035358	1.1925736965034e-10	8.89329200968552	9.27317028950644	11.206723549237	12.0444276945431	8.81854092649383	9.39136647772107	2	2
MvSl-1064-A1-R4_A1g01428	MvSl-1064-A1-R4_A1	MAT	3185299	3185481	9.03506831377686	-3.07204783585746	0.166430843836961	3.23847867969442	6.79566974786209e-16	0.697876250760375	1.54330178775218e-16	2.12930985433012e-14	0.881725370584345	3.15370365323271e-15	7.30584239566137	7.39624126256946	10.0746076775181	10.5390812073574	7.2220509290292	7.17378862317527	2	2
MvSl-1064-A1-R4_A1g01429	MvSl-1064-A1-R4_A1	MAT	3185524	3186787	11.1244180871816	-2.14718156443495	-0.557914799823404	1.58926676461154	1.06280756419591e-12	0.0609054259111886	7.55643677850159e-08	1.79514308602638e-11	0.180034906781501	5.14713809550108e-07	9.88996423282734	9.98196466927435	11.8175899210863	12.2832356580835	10.3919571716586	10.5776272283714	2	2
