gid	gname	chr	start	end	logCPM	logFC.water.rich	logFC.water.diploid	logFC.rich.diploid	PV.water.rich	PV.water.diploid	PV.rich.diploid	FDR.water.rich	FDR.water.diploid	FDR.rich.diploid
MvSl-1064-A1-R4_A1g00012	MvSl-1064-A1-R4_A1	MAT	26008	26178	4.45673746067644	3.89649462486818	-0.54686245236344	-4.44335707723162	0.0336875208199713	0.555967962924902	0.0112993968286204	0.0761208403143582	0.753040180330559	0.0284660241900906
MvSl-1064-A1-R4_A1g00088	MvSl-1064-A1-R4_A1	MAT	206579	207529	8.86298914401443	-0.046075766619414	1.10196416270439	1.1480399293238	0.89008441833499	0.00178707449428473	0.00129504928913479	1	0.00893537247142363	0.00416899428694076
MvSl-1064-A1-R4_A1g00094	MvSl-1064-A1-R4_A1	MAT	215113	216890	4.32643755073097	-4.81037614538804	-2.36639644456618	2.44397970082185	0.0017154556346695	0.210363639118963	0.0382947111043159	0.00580046149852276	0.392911020841726	0.0799933965290155
MvSl-1064-A1-R4_A1g00095	MvSl-1064-A1-R4_A1	MAT	217252	218206	10.2616938854178	-2.62077848497563	-2.00561908468743	0.615159400288206	9.5594959664579e-12	1.37413122337005e-07	0.0832505863515623	1.44934293685007e-10	1.74551804049709e-06	0.154655239467329
MvSl-1064-A1-R4_A1g00096	MvSl-1064-A1-R4_A1	MAT	218396	218626	4.07219366781657	0	-4.13859106808604	-4.13859106808604	1	0.012228865850999	0.0224525856876739	1	0.0471301265994071	0.0507109574139407
MvSl-1064-A1-R4_A1g00101	MvSl-1064-A1-R4_A1	MAT	224546	224905	7.91437647953419	2.38869020740723	1.52529864673199	-0.863391560675241	2.60236146995022e-07	0.000319993337216872	0.0849831045943687	2.22383616523019e-06	0.00221171865429308	0.156635526115111
MvSl-1064-A1-R4_A1g00117	MvSl-1064-A1-R4_A1	MAT	267885	268632	8.29338732985254	-0.63201109568635	-1.55877296256604	-0.926761866879691	0.1260492007263	8.01996646421056e-05	0.0169629382301785	0.220234662979036	0.000661295480382274	0.0404373799974631
MvSl-1064-A1-R4_A1g00121	MvSl-1064-A1-R4_A1	MAT	274757	275079	12.5692197902302	-1.49796474166664	-0.250451282638667	1.24751345902797	6.02771481437252e-06	0.442259795066002	0.000149953825235367	3.67925449708452e-05	0.635545244258341	0.00059727371068324
MvSl-1064-A1-R4_A1g00123	MvSl-1064-A1-R4_A1	MAT	281578	282184	6.57803351632194	1.37492944410851	0.345255914309414	-1.02967352979909	0.0174457607469787	0.498809340416782	0.0890862813015853	0.0455528197282221	0.691564572259256	0.161040585429789
MvSl-1064-A1-R4_A1g00124	MvSl-1064-A1-R4_A1	MAT	282374	283117	10.3146364678161	2.91808978080335	-0.534912200218781	-3.45300198102213	1.44945992399253e-13	0.115474966091191	4.68911157474401e-18	2.96193984468038e-12	0.279622749269537	1.10194122006484e-16
MvSl-1064-A1-R4_A1g00135	MvSl-1064-A1-R4_A1	MAT	302447	302932	6.62265479385551	1.15699076675734	-3.14817152065523	-4.30516228741257	0.222224800957835	9.85234466263211e-08	1.90811378452548e-09	0.339109274188904	1.28627833095475e-06	1.52002284529996e-08
MvSl-1064-A1-R4_A1g00139	MvSl-1064-A1-R4_A1	MAT	311724	312921	7.84233608609563	-0.364783279860793	-1.10302462614839	-0.738241346287597	0.378112503412748	0.00482650901726668	0.0599654656665474	0.510669185643654	0.0210042522047717	0.117005798421755
MvSl-1064-A1-R4_A1g00145	MvSl-1064-A1-R4_A1	MAT	321322	321920	10.3165555380632	-3.12233993596687	0.274001244728487	3.39634118069536	1.1283443625105e-19	0.443529447056885	8.52187359691888e-22	8.83869750633227e-18	0.635545244258341	3.3377338254599e-20
MvSl-1064-A1-R4_A1g00146	MvSl-1064-A1-R4_A1	MAT	322032	322722	9.06384122388907	-2.95374389962673	0.135001832425266	3.08874573205199	4.39187219635612e-16	0.741112719180497	1.40656125809573e-16	1.47441423734813e-14	0.916639415828509	3.00492632411361e-15
MvSl-1064-A1-R4_A1g00161	MvSl-1064-A1-R4_A1	MAT	353892	354131	5.37689170253106	2.65855945836684	0.892507550368645	-1.76605190799819	0.00269096513150429	0.179286772843027	0.0831063778347328	0.00854563251220957	0.379559213066209	0.154655239467329
MvSl-1064-A1-R4_A1g00169	MvSl-1064-A1-R4_A1	MAT	371961	372797	10.2870704691604	-2.08274803418912	-0.695305566077109	1.38744246811201	1.7874612756011e-07	0.0776785835727753	0.000362329732860671	1.58510716892928e-06	0.207437126586389	0.00133042948784778
MvSl-1064-A1-R4_A1g00173	MvSl-1064-A1-R4_A1	MAT	378060	378408	16.599006917254	6.81886381526398	4.84860038463034	-1.97026343063364	7.96234283044555e-25	9.49862146376438e-16	0.000229519541405095	1.24743371010314e-22	3.18882291997804e-14	0.000860724889951607
MvSl-1064-A1-R4_A1g00183	MvSl-1064-A1-R4_A1	MAT	404057	405445	10.843701347175	-1.19400735230418	-0.0442211635987403	1.14978618870544	4.78003136465017e-05	0.88088597181346	9.49799407282761e-05	0.000229997815614289	0.996643377060791	0.000391583966160436
MvSl-1064-A1-R4_A1g00190	MvSl-1064-A1-R4_A1	MAT	422409	423645	10.4947874418408	1.49263524774049	0.585681384189711	-0.906953863550783	4.56686788680609e-06	0.0622613128438241	0.00541105112821839	2.86190387573182e-05	0.180634673065416	0.0150484853861695
MvSl-1064-A1-R4_A1g00191	MvSl-1064-A1-R4_A1	MAT	423985	426191	13.7694100897306	-1.56267446368945	0.298349026068308	1.86102348975776	3.09512284574715e-05	0.41733555347434	8.96165729780178e-07	0.000165307697443314	0.611052056488909	5.26229466334883e-06
MvSl-1064-A1-R4_A1g00195	MvSl-1064-A1-R4_A1	MAT	433303	434055	10.7994978310605	0.830017582186218	-3.48884735655651	-4.31886493874273	0.0239633214642909	8.67798952894059e-24	3.90308387930345e-31	0.0583562750684803	5.09831884825260e-22	6.11483141090874e-29
MvSl-1064-A1-R4_A1g00198	MvSl-1064-A1-R4_A1	MAT	438188	438544	10.2013317144835	1.13971565884694	-0.180120856736945	-1.31983651558389	0.000260070852465191	0.545146984851649	2.51066637750962e-05	0.00112140642806092	0.744822915349637	0.000119193252265608
MvSl-1064-A1-R4_A1g00201	MvSl-1064-A1-R4_A1	MAT	446323	447356	12.5303039886338	0.556832434854426	1.33025786075833	0.773425425903908	0.101093058004308	0.000116205836929207	0.0239040426466815	0.187061957724507	0.000925707514520805	0.0532459717722288
MvSl-1064-A1-R4_A1g00202	MvSl-1064-A1-R4_A1	MAT	449331	450021	4.4008290839918	-5.02629826142477	-2.36453201784204	2.66176624358273	0.000729752830159001	0.210667185642798	0.0198424141237681	0.00263833715519023	0.392911020841726	0.0461679932582724
MvSl-1064-A1-R4_A1g00213	MvSl-1064-A1-R4_A1	MAT	481957	483035	7.07221040971038	1.64788114061656	-0.170761058231488	-1.81864219884805	0.00230304119221439	0.702090380978087	0.000792569434619419	0.00751687055792197	0.882306093742515	0.00264953168892941
MvSl-1064-A1-R4_A1g00216	MvSl-1064-A1-R4_A1	MAT	487259	488338	8.01648076799265	-1.27695250436697	0.348740888360122	1.6256933927271	0.000625235076390473	0.396905477913517	3.30412786646032e-05	0.00235088388722818	0.595426659756812	0.00015077088322683
MvSl-1064-A1-R4_A1g00219	MvSl-1064-A1-R4_A1	MAT	497168	498774	10.9980664991806	1.72822666271228	0.576651669607312	-1.15157499310497	1.24057920700176e-08	0.0471065235255239	0.000140985467325567	1.3882672078353e-07	0.148591047362391	0.000566351877290738
MvSl-1064-A1-R4_A1g00223	MvSl-1064-A1-R4_A1	MAT	512213	513436	8.29827206051249	2.69419017346437	-1.39770500547623	-4.09189517894059	1.00853876366476e-06	0.000578912491253778	9.92555264320312e-15	7.07482416302147e-06	0.00348831885755482	1.37206168891337e-13
MvSl-1064-A1-R4_A1g00224	MvSl-1064-A1-R4_A1	MAT	513881	514167	7.67331615315322	0.682551477571228	-2.47042293619061	-3.15297441376184	0.301132387604592	1.46680758882195e-05	3.61224948824004e-07	0.428885521739873	0.000149602730239497	2.23389113088529e-06
MvSl-1064-A1-R4_A1g00226	MvSl-1064-A1-R4_A1	MAT	515650	516516	4.99474091898928	-3.01159732896071	-0.231279114533547	2.78031821442716	0.000512760293998109	0.858721166028781	0.00162538985387954	0.00202518771579085	0.991021922513532	0.00505916047234028
MvSl-1064-A1-R4_A1g00232	MvSl-1064-A1-R4_A1	MAT	527440	527715	8.11941905876201	-1.46769335000167	-0.916537411343562	0.551155938658104	0.000383025928461185	0.0289972799370415	0.163427406365861	0.00157338702350372	0.09947971949204	0.268569513957883
MvSl-1064-A1-R4_A1g00234	MvSl-1064-A1-R4_A1	MAT	529154	529949	8.57844491599371	1.17855566339197	2.01623143558364	0.837675772191678	0.00459314200144634	3.68313824015927e-06	0.0632445236551826	0.013838312440255	4.12160707827347e-05	0.122830273214611
MvSl-1064-A1-R4_A1g00236	MvSl-1064-A1-R4_A1	MAT	534384	537432	15.617857321612	0.956935995365918	1.21496725550488	0.258031260138962	0.0262096220974499	0.00499362684066048	0.545700274117734	0.0622431177769822	0.0215321524322058	0.682125342647168
MvSl-1064-A1-R4_A1g00239	MvSl-1064-A1-R4_A1	MAT	540556	541585	11.7406165224601	1.44704030129832	1.0398605384232	-0.407179762875113	0.000105977049723759	0.00480364979686496	0.270031596673561	0.000483584595826862	0.0210042522047717	0.389309357167404
MvSl-1064-A1-R4_A1g00244	MvSl-1064-A1-R4_A1	MAT	549134	550850	9.62288195444338	3.06780749146591	-0.090967549769341	-3.15877504123525	1.97386442351929e-14	0.784307415976275	3.95529286236831e-15	4.8827172581793e-13	0.948332574968239	5.9967343397197e-14
MvSl-1064-A1-R4_A1g00255	MvSl-1064-A1-R4_A1	MAT	585329	585682	10.6158338785374	-1.1484790494377	-1.23209898043494	-0.0836199309972341	0.000831689464002068	0.000335108594170131	0.803264674893163	0.00298392403115246	0.00228262375739075	0.923066985818549
MvSl-1064-A1-R4_A1g00257	MvSl-1064-A1-R4_A1	MAT	587793	588573	13.6878091622154	-1.02261485942845	-1.28007729906594	-0.25746243963749	0.00769826861345664	0.000902896830154886	0.497661385556774	0.0219284015049977	0.00493443616479996	0.639073363966349
MvSl-1064-A1-R4_A1g00267	MvSl-1064-A1-R4_A1	MAT	614785	614994	6.8788377605215	0.523278870101288	-5.63789405023666	-6.16117292033795	0.728080490115939	1.68903899419102e-14	1.23203596761642e-13	0.872953648863498	4.66969604276341e-13	1.52383395994663e-12
MvSl-1064-A1-R4_A1g00282	MvSl-1064-A1-R4_A1	MAT	651600	651861	6.84339963348287	7.50228147630891	-0.157888291831671	-7.66016976814058	1.06239530003868e-08	0.784896535452436	4.1160566717093e-09	1.24831447754545e-07	0.948332574968239	3.12023650919899e-08
MvSl-1064-A1-R4_A1g00288	MvSl-1064-A1-R4_A1	MAT	665245	665589	5.40573847937397	-1.81300691138936	-1.06672851990447	0.746278391484883	0.0173350102110118	0.197256358768671	0.277998689347441	0.045516507257964	0.392911020841726	0.397140984782058
MvSl-1064-A1-R4_A1g00294	MvSl-1064-A1-R4_A1	MAT	682868	684833	11.066124325007	1.32495499791271	0.388765722560298	-0.936189275352413	4.08594547865139e-06	0.163101704677584	0.00114089264317509	2.63067722598103e-05	0.35489722777067	0.00372374682147425
MvSl-1064-A1-R4_A1g00298	MvSl-1064-A1-R4_A1	MAT	689704	690217	10.7150302287098	-1.19002611053921	-0.0934246988090912	1.09660141173012	6.4366093970774e-05	0.755030050496679	0.000238174841824892	0.00029952538778479	0.929398681951536	0.000881434453997631
MvSl-1064-A1-R4_A1g00299	MvSl-1064-A1-R4_A1	MAT	690280	690676	9.46409393934306	-1.20124036599414	-0.42837756169166	0.772862804302484	0.000226610997933115	0.194240108710002	0.0165423159126777	0.000995394103070693	0.392911020841726	0.0396677983620333
MvSl-1064-A1-R4_A1g00301	MvSl-1064-A1-R4_A1	MAT	696126	696729	6.92947413575556	2.27147686898869	-0.206159009674674	-2.47763587866336	0.000569279164995899	0.695282809790141	0.000171701335097098	0.00217529437030953	0.880816497577807	0.000672496895796966
MvSl-1064-A1-R4_A1g00324	MvSl-1064-A1-R4_A1	MAT	737420	737716	6.11974034067577	-2.32407903435893	-1.57658127331616	0.747497761042772	0.000408901878765369	0.0246152001759441	0.187447205778681	0.001656757612239	0.088993416020721	0.303793747296483
MvSl-1064-A1-R4_A1g00328	MvSl-1064-A1-R4_A1	MAT	742628	743237	10.8531490097436	-1.94987514508116	-0.884877358617468	1.06499778646369	3.44250395714232e-07	0.0188744195827747	0.00419372818341421	2.78961527561533e-06	0.0693045094055008	0.0118738087120764
MvSl-1064-A1-R4_A1g00330	MvSl-1064-A1-R4_A1	MAT	745290	746054	10.4450972297564	-0.0867836387006963	1.08343374766414	1.17021738636483	0.775224599283817	0.000550755649232428	0.000204477446268525	0.904108093457553	0.00336175526154858	0.000785929362755678
MvSl-1064-A1-R4_A1g00333	MvSl-1064-A1-R4_A1	MAT	752770	754312	4.5261748171756	0.197651493198402	4.45023804403783	4.25258655083943	0.826737775149955	0.00748536092746704	0.016018200051392	0.95004096410875	0.0295640305538614	0.0386079693546371
MvSl-1064-A1-R4_A1g00336	MvSl-1064-A1-R4_A1	MAT	761485	762354	5.68656101284311	2.5873759141681	1.03146651469886	-1.55590939946924	0.00193080063698139	0.123760852201649	0.0997685577310838	0.00637669725223791	0.287958418488986	0.178293620279884
MvSl-1064-A1-R4_A1g00338	MvSl-1064-A1-R4_A1	MAT	762986	764724	6.28857397335527	2.49943071849659	0.596027369527738	-1.90340334896886	0.000238383888462959	0.259232911125196	0.00933720958540724	0.00103741136645917	0.46326794003362	0.0245166955594492
MvSl-1064-A1-R4_A1g00340	MvSl-1064-A1-R4_A1	MAT	766367	766927	12.7722665968446	3.38578807299834	3.81981881285016	0.434030739851812	1.38546830484718e-15	1.11996879580573e-18	0.272557117781931	4.06981314548858e-14	5.26385334028695e-17	0.391095519074913
MvSl-1064-A1-R4_A1g00342	MvSl-1064-A1-R4_A1	MAT	767711	767993	12.098150934005	0.948645751396169	1.32253908417472	0.373893332778554	0.00177755728863021	1.5928409292817e-05	0.219162436301854	0.00596751375468713	0.000152782701380081	0.343810665326872
MvSl-1064-A1-R4_A1g00345	MvSl-1064-A1-R4_A1	MAT	771175	771479	7.21986970628061	1.67786829465416	-1.0514625057798	-2.72933080043396	0.0179563292954087	0.0770349312639448	8.44071777854414e-05	0.0463707404881433	0.206893815394595	0.00035667355959667
MvSl-1064-A1-R4_A1g00353	MvSl-1064-A1-R4_A1	MAT	796977	799849	13.1145786093795	0.688587900489685	1.36217154737982	0.673583646890134	0.0490899252098166	0.000124292461139293	0.0550335929592685	0.103929120939702	0.000973624278924465	0.108679784415362
MvSl-1064-A1-R4_A1g00355	MvSl-1064-A1-R4_A1	MAT	800398	801531	15.3102178544968	2.44248571962405	1.46708734791701	-0.975398371707041	6.55451609444866e-07	0.00201950613493502	0.0380936715028873	5.13437094065145e-06	0.00999124087809959	0.0799286857426654
MvSl-1064-A1-R4_A1g00356	MvSl-1064-A1-R4_A1	MAT	801996	802169	8.43931844538999	2.05342354854263	1.25850963065455	-0.794913917888079	7.90630340767386e-07	0.0011845979557418	0.0682682923910085	5.89835333588367e-06	0.00625574201346791	0.130392258166852
MvSl-1064-A1-R4_A1g00362	MvSl-1064-A1-R4_A1	MAT	827022	827609	8.27414202449418	-1.52450143571151	0.40573675024213	1.93023818595364	0.000274189394811905	0.369803186869266	1.00957583120503e-05	0.00117153650510541	0.57173519022551	5.04787915602514e-05
MvSl-1064-A1-R4_A1g00387	MvSl-1064-A1-R4_A1	MAT	875047	876411	7.39344840925774	2.85691918955063	1.64512628497405	-1.21179290457658	5.78982035360626e-08	0.000346873584642457	0.0402441795460014	5.44243113238988e-07	0.00229620541946415	0.0836936477284099
MvSl-1064-A1-R4_A1g00410	MvSl-1064-A1-R4_A1	MAT	934508	935674	11.4860625718886	0.507804988018552	1.19392292807268	0.686117940054133	0.118636869684045	0.000301350228635847	0.0374070350899591	0.209621536659778	0.00211394936505744	0.0791950742895531
MvSl-1064-A1-R4_A1g00413	MvSl-1064-A1-R4_A1	MAT	939062	939680	14.3314908279341	0.442360279412825	1.4780841338903	1.03572385447748	0.328328184951991	0.00135853473590087	0.0233839842743503	0.462526938397193	0.00701660797663086	0.0523355838521173
MvSl-1064-A1-R4_A1g00419	MvSl-1064-A1-R4_A1	MAT	947329	947573	4.76943089556574	1.73791941123098	-0.901525623628133	-2.63944503485911	0.167162846558464	0.263746238140326	0.0201744421719084	0.273181464605994	0.463945932678847	0.0467092996098372
MvSl-1064-A1-R4_A1g00424	MvSl-1064-A1-R4_A1	MAT	962847	963114	4.52736907959716	2.16136193993403	-3.09455955040776	-5.25592149034179	0.286348130588647	0.00384673748366226	0.000794859506678824	0.412833194406945	0.0175530739545754	0.00264953168892941
MvSl-1064-A1-R4_A1g00429	MvSl-1064-A1-R4_A1	MAT	974324	974825	11.5743286120987	1.51321584918565	-1.07917168462678	-2.59238753381243	6.77564709696157e-06	0.000851450672517319	5.78123806888147e-14	4.08276171227171e-05	0.004764069239085	7.34373484425484e-13
MvSl-1064-A1-R4_A1g00431	MvSl-1064-A1-R4_A1	MAT	981578	982760	12.5300400523701	-1.18374586648999	-4.94792458553701	-3.76417871904702	0.000492981665504948	1.27881265764385e-39	1.64942068228526e-26	0.00198035369903697	2.00347316364204e-37	1.29204620112345e-24
MvSl-1064-A1-R4_A1g00435	MvSl-1064-A1-R4_A1	MAT	989905	990838	10.940958488526	1.01520811751322	-0.235007362821038	-1.25021548033426	0.000380611044684449	0.395426708369835	1.30544214977175e-05	0.00157338702350372	0.595426659756812	6.45850326729184e-05
MvSl-1064-A1-R4_A1g00443	MvSl-1064-A1-R4_A1	MAT	1002523	1003071	10.0711552007159	1.23941057305344	0.812958084232944	-0.426452488820494	6.07895236938857e-05	0.00717506975541108	0.173423279609149	0.00028859672864774	0.0285786676698577	0.283017157695487
MvSl-1064-A1-R4_A1g00449	MvSl-1064-A1-R4_A1	MAT	1012588	1012846	4.15922292242842	0	-4.44373968290348	-4.44373968290348	1	0.00520127875453203	0.0108922126530236	1	0.0218267947734826	0.0278224997115276
MvSl-1064-A1-R4_A1g00450	MvSl-1064-A1-R4_A1	MAT	1013912	1014286	8.68870681709788	-2.00842575830611	-2.76577716868851	-0.757351410382399	3.12784434595435e-06	6.36904808679825e-11	0.045016524526165	2.07054484873035e-05	1.06909021456971e-09	0.0915920628887341
MvSl-1064-A1-R4_A1g00454	MvSl-1064-A1-R4_A1	MAT	1018305	1020228	8.99877157000639	2.68930939915542	-0.489837105893155	-3.17914650504858	3.9581631592944e-11	0.131983248630915	4.19376801774692e-15	5.63738389354051e-10	0.30259574076356	6.15959677606579e-14
MvSl-1064-A1-R4_A1g00461	MvSl-1064-A1-R4_A1	MAT	1029411	1029674	9.45827529326301	-0.6105973665781	0.889855409359868	1.50045277593797	0.0915935272239092	0.0183735318023418	7.2959974862959e-05	0.17358450723886	0.0679965350165405	0.000314598056748539
MvSl-1064-A1-R4_A1g00472	MvSl-1064-A1-R4_A1	MAT	1047860	1048111	6.77364991350596	-1.56308219905966	-1.03784477742546	0.525237421634204	0.00351742338167469	0.0605705429474087	0.292634773680343	0.0108051567933798	0.180034906781501	0.413028058948231
MvSl-1064-A1-R4_A1g00477	MvSl-1064-A1-R4_A1	MAT	1054632	1054787	10.5153102208801	-1.444806969145	0.046564024999354	1.49137099414436	4.78507118337203e-05	0.896096021298668	3.07256212014925e-05	0.000229997815614289	0.996907186667482	0.000141578842791191
MvSl-1064-A1-R4_A1g00479	MvSl-1064-A1-R4_A1	MAT	1058952	1059372	5.52294419868618	-0.675083495231391	1.75228453616992	2.42736803140131	0.421650377497797	0.0918457494908726	0.0171213587648833	0.555113942364047	0.238494487628233	0.0404373799974631
MvSl-1064-A1-R4_A1g00480	MvSl-1064-A1-R4_A1	MAT	1059890	1060588	7.93114790150846	0.736462578213842	-0.857209264621175	-1.59367184283502	0.117410004457377	0.0451066760632021	0.00053192352173447	0.208236611679121	0.144218624147653	0.00189397011526667
MvSl-1064-A1-R4_A1g00484	MvSl-1064-A1-R4_A1	MAT	1067717	1069413	5.10603923332134	0.781577373386543	3.26719035240538	2.48561297901883	0.329984460030116	0.00312638473199383	0.047783694603515	0.462963272281059	0.0144058904317363	0.0968031744122933
MvSl-1064-A1-R4_A1g00485	MvSl-1064-A1-R4_A1	MAT	1069705	1070074	4.83811219927263	0.528513813925404	-2.69286059314523	-3.22137440707063	0.724511879180571	0.00392693238727547	0.00306465710594822	0.872953648863498	0.0177467136732642	0.00905904930689097
MvSl-1064-A1-R4_A1g00493	MvSl-1064-A1-R4_A1	MAT	1096297	1096862	7.90826395801411	-0.869443289227721	0.180395649902158	1.04983893912988	0.0355336004588786	0.678776736807307	0.013578941313589	0.079527581979395	0.865044399341584	0.0330678881729888
MvSl-1064-A1-R4_A1g00499	MvSl-1064-A1-R4_A1	MAT	1103738	1104479	4.52634831126332	4.20105127225874	-0.244815394840084	-4.44586666709883	0.0177825966580719	0.783171496172155	0.0113258436671211	0.0461758034767613	0.948332574968239	0.0284660241900906
MvSl-1064-A1-R4_A1g00526	MvSl-1064-A1-R4_A1	MAT	1167990	1170000	13.4437271537713	-1.82072833575629	-0.0409710047381204	1.77975733101817	8.39178896871394e-08	0.901458626241872	1.59506384308305e-07	7.73360944175598e-07	0.996907186667482	1.04122223090144e-06
MvSl-1064-A1-R4_A1g00545	MvSl-1064-A1-R4_A1	MAT	1215794	1216564	7.95857396596479	1.67879026216046	1.88623841632958	0.207448154169121	3.21088708127659e-05	3.49656607303653e-06	0.650782886033581	0.000167679658688889	4.00825866909065e-05	0.782270988326811
MvSl-1064-A1-R4_A1g00548	MvSl-1064-A1-R4_A1	MAT	1218916	1220550	9.75343626759093	0.0991808626456361	-1.2369863421616	-1.33616720480723	0.772659222132215	0.000213487470043575	8.39093804949174e-05	0.904108093457553	0.00154367862954585	0.00035667355959667
MvSl-1064-A1-R4_A1g00551	MvSl-1064-A1-R4_A1	MAT	1224433	1225980	12.4121100572614	1.24235590277982	0.0223111061430627	-1.22004479663676	2.95186948973677e-05	0.938859956452192	4.13029093280778e-05	0.000159468811514515	1	0.000184879689373301
MvSl-1064-A1-R4_A1g00555	MvSl-1064-A1-R4_A1	MAT	1233985	1234510	8.59089025171575	-2.97478807995265	0.0403222585301815	3.01511033848283	1.06944694486678e-12	0.931862919994354	1.68493970658229e-12	1.79514308602638e-11	1	1.93151624900896e-11
MvSl-1064-A1-R4_A1g00557	MvSl-1064-A1-R4_A1	MAT	1236663	1237721	9.30652719066125	5.49393662306637	-0.781600072374948	-6.27553669544132	9.68259815918843e-19	0.0469873188315221	1.86354427309592e-24	5.68852641852321e-17	0.148591047362391	1.09483226044386e-22
MvSl-1064-A1-R4_A1g00564	MvSl-1064-A1-R4_A1	MAT	1252641	1252985	7.27891589402576	-9.14643201308006	0	9.14643201308006	1.76665684006986e-17	1	2.74279656227012e-16	7.51840850710551e-16	1	4.95813224718059e-15
MvSl-1064-A1-R4_A1g00565	MvSl-1064-A1-R4_A1	MAT	1253191	1254392	6.7221477405483	-1.29563490915139	0.470712104209059	1.76634701336045	0.0127754093629413	0.432256928553315	0.00158810776164541	0.0349095488405955	0.62898067003114	0.00497607098648895
MvSl-1064-A1-R4_A1g00567	MvSl-1064-A1-R4_A1	MAT	1255487	1256568	11.6008412849159	1.38636879634514	0.025077851461063	-1.36129094488407	6.25844803327857e-07	0.925601512976115	1.03186838245434e-06	4.98554334854395e-06	1	5.91436755797002e-06
MvSl-1064-A1-R4_A1g00574	MvSl-1064-A1-R4_A1	MAT	1273863	1274099	7.03822206908707	2.53034347335137	1.02757586362377	-1.5027676097276	4.3622025756217e-06	0.026062337294876	0.0125842678150995	2.77058812235432e-05	0.0927977161256949	0.031129504595246
MvSl-1064-A1-R4_A1g00578	MvSl-1064-A1-R4_A1	MAT	1280349	1280637	8.09356707622406	1.6715976187836	2.02277128233673	0.351173663553124	0.000673358475954983	4.99950963734088e-05	0.507410410391163	0.0024724881538972	0.000427230823554585	0.646295102666251
MvSl-1064-A1-R4_A1g00582	MvSl-1064-A1-R4_A1	MAT	1285336	1286410	13.1218568060675	1.880048551063	1.33423919218654	-0.545809358876468	8.54626990004831e-07	0.000379300771632007	0.142341814020225	6.17961054311185e-06	0.00245514926271012	0.23808061419753
MvSl-1064-A1-R4_A1g00588	MvSl-1064-A1-R4_A1	MAT	1292274	1292945	6.79978566735957	4.19835869848948	-4.30997465857618	-8.50833335706566	0.0204500963951985	2.08237698283614e-11	1.23408852932062e-14	0.050854737067425	3.62487845160365e-10	1.65720459651626e-13
MvSl-1064-A1-R4_A1g00600	MvSl-1064-A1-R4_A1	MAT	1315222	1315416	6.21501432201267	2.34924257611769	1.48561647395349	-0.863626102164202	0.0167008266819581	0.100656203003996	0.400809641812023	0.0442803163209568	0.252986178673145	0.527676559248321
MvSl-1064-A1-R4_A1g00601	MvSl-1064-A1-R4_A1	MAT	1315464	1315679	7.92862782096676	2.55093773342519	1.28747281775182	-1.26346491567337	1.15153937813443e-06	0.00605294550117472	0.0211195878031926	7.95916923122326e-06	0.0247381250917576	0.0484205183780513
MvSl-1064-A1-R4_A1g00612	MvSl-1064-A1-R4_A1	MAT	1338048	1338317	8.99189289738653	-1.66967073384536	-1.14228232203152	0.527388411813846	6.90916821975849e-06	0.00223175860914044	0.135712473285987	4.11051780162847e-05	0.0109263181905834	0.228619578653813
MvSl-1064-A1-R4_A1g00617	MvSl-1064-A1-R4_A1	MAT	1350312	1350852	4.07008956843498	0	-4.13828310727316	-4.13828310727316	1	0.0122337775428248	0.0224609641500944	1	0.0471301265994071	0.0507109574139407
MvSl-1064-A1-R4_A1g00619	MvSl-1064-A1-R4_A1	MAT	1351565	1352868	6.57779675213436	0.722392697850091	-2.41317884563746	-3.13557154348755	0.350944690444563	1.52785767053104e-05	9.06906101555863e-07	0.485129425026307	0.000149602730239497	5.26229466334883e-06
MvSl-1064-A1-R4_A1g00620	MvSl-1064-A1-R4_A1	MAT	1353495	1354271	10.8148556831562	1.05197259821658	0.480896483405768	-0.571076114810812	0.0018060356763298	0.146587863401712	0.0906458287621203	0.00602011892109934	0.322949987384445	0.163231952176998
MvSl-1064-A1-R4_A1g00621	MvSl-1064-A1-R4_A1	MAT	1354338	1354822	8.69029581804691	7.8063863149853	2.25343733269084	-5.55294898229446	2.38355397416529e-25	2.25643540404701e-07	7.51080885918799e-11	5.60135183928844e-23	2.79085431553183e-06	7.20424523228235e-10
MvSl-1064-A1-R4_A1g00622	MvSl-1064-A1-R4_A1	MAT	1355213	1356312	12.852779368442	3.26424940686167	0.387437793326919	-2.87681161353475	4.17651988262157e-23	0.193557539469262	9.07564178265469e-19	4.90741086208034e-21	0.392911020841726	2.50914802226336e-17
MvSl-1064-A1-R4_A1g00623	MvSl-1064-A1-R4_A1	MAT	1356413	1356598	9.83920135700582	2.92809451053059	0.466216371538051	-2.46187813899254	2.34718926803098e-14	0.162540535949267	1.42361101003425e-10	5.51589477987281e-13	0.35489722777067	1.31195524454137e-09
MvSl-1064-A1-R4_A1g00628	MvSl-1064-A1-R4_A1	MAT	1369568	1370214	9.77530070050633	1.71260804905545	0.0398500397098983	-1.67275800934555	1.32878341302065e-05	0.913871123453106	2.2064426021937e-05	7.61619761121594e-05	1	0.000105819186023575
MvSl-1064-A1-R4_A1g00629	MvSl-1064-A1-R4_A1	MAT	1370267	1370662	10.0552336027803	-1.02353516716864	0.493483991943066	1.5170191591117	0.00322299956785952	0.164906267872444	2.06887517484434e-05	0.0100318529595627	0.357170257603912	0.000100244467234726
MvSl-1064-A1-R4_A1g00630	MvSl-1064-A1-R4_A1	MAT	1370783	1372841	13.1370363437649	-2.27591868821629	0.473394653912014	2.7493133421283	5.44797618190949e-10	0.181213252177582	2.09178176971252e-13	7.31585372999274e-09	0.379559213066209	2.52086520965355e-12
MvSl-1064-A1-R4_A1g00631	MvSl-1064-A1-R4_A1	MAT	1373003	1373898	13.9110946486269	-3.89634716226269	0.287909955100865	4.18425711736355	7.39804844473654e-19	0.467449377604271	6.41439490063301e-21	4.96726109860882e-17	0.657788046329363	1.97829737835979e-19
MvSl-1064-A1-R4_A1g00632	MvSl-1064-A1-R4_A1	MAT	1374331	1374784	10.5755608029645	-1.58462346241803	0.271575546564154	1.85619900898218	7.18390572647595e-07	0.401596279027467	1.1757241937691e-08	5.44586401845758e-06	0.595426659756812	8.63422454799179e-08
MvSl-1064-A1-R4_A1g00633	MvSl-1064-A1-R4_A1	MAT	1374868	1376500	13.3594640749985	-1.65081362681916	0.318967743409792	1.96978137022895	2.77356596466613e-06	0.355559769277925	3.21683415881777e-08	1.86225143341868e-05	0.564571255272381	2.2565851561856e-07
MvSl-1064-A1-R4_A1g00634	MvSl-1064-A1-R4_A1	MAT	1378027	1378182	11.7962608402345	-1.5516451379937	0.305928082240217	1.85757322023392	5.69553086464219e-06	0.366819475883507	8.21424629405697e-08	3.52223619260767e-05	0.570877992269035	5.51527965458111e-07
MvSl-1064-A1-R4_A1g00636	MvSl-1064-A1-R4_A1	MAT	1381215	1381929	12.3540318507769	1.863811133835	1.52481928597906	-0.338991847855947	1.51221695254938e-06	6.82837626907948e-05	0.370054014887723	1.03006082275103e-05	0.000573095865440599	0.499785594819627
MvSl-1064-A1-R4_A1g00638	MvSl-1064-A1-R4_A1	MAT	1383670	1384158	6.84451799526626	4.78228299333821	-0.600830689178957	-5.38311368251717	1.63342750039777e-07	0.215733379512892	7.15439369191803e-10	1.47636716382106e-06	0.400769519253198	6.22697228741014e-09
MvSl-1064-A1-R4_A1g00655	MvSl-1064-A1-R4_A1	MAT	1411041	1411256	4.81867732115965	0	-5.90281347862829	-5.90281347862829	1	0.000217817970767095	0.000608550363337742	1	0.00155112797364447	0.00211865682050917
MvSl-1064-A1-R4_A1g00658	MvSl-1064-A1-R4_A1	MAT	1418198	1418380	8.63715406774411	1.16216510995284	1.83158404285057	0.669418932897729	0.0297746685491281	0.000845594465747378	0.22796068267195	0.0689364247196561	0.004764069239085	0.346736313449244
MvSl-1064-A1-R4_A1g00659	MvSl-1064-A1-R4_A1	MAT	1419367	1421348	9.69371199655034	1.66477566021732	-2.19786399528363	-3.86263965550095	4.32081928319635e-05	4.20143089138137e-10	9.56321021630632e-22	0.000216040964159817	6.17085162171639e-09	3.45746830897229e-20
MvSl-1064-A1-R4_A1g00665	MvSl-1064-A1-R4_A1	MAT	1432577	1432777	5.31777889165371	1.50820794676396	-1.23740738593796	-2.74561533270192	0.1440469095055	0.0703973410944061	0.0024385239527201	0.240078182509167	0.198124253379466	0.00749089057371534
MvSl-1064-A1-R4_A1g00673	MvSl-1064-A1-R4_A1	MAT	1453621	1453990	8.3325762933606	3.98827705691617	0.512621018178478	-3.47565603873769	9.68419366249662e-13	0.22053270117429	1.03331870100622e-09	1.75060423898977e-11	0.408072321070536	8.83017799041676e-09
MvSl-1064-A1-R4_A1g00676	MvSl-1064-A1-R4_A1	MAT	1456305	1457669	13.0122550667267	1.62302019866615	1.49242992840944	-0.130590270256713	8.38000294313438e-06	3.87221496453345e-05	0.714509511753831	4.92325172909145e-05	0.000343385100628438	0.839616913263768
MvSl-1064-A1-R4_A1g00685	MvSl-1064-A1-R4_A1	MAT	1469635	1470091	9.06472303370509	-1.19612829988272	0.285120399530497	1.48124869941321	0.000720293299234244	0.440572234404005	4.67613835283564e-05	0.00262432442356662	0.635180828741971	0.000207338209984222
MvSl-1064-A1-R4_A1g00686	MvSl-1064-A1-R4_A1	MAT	1472457	1472968	8.11333906483661	1.87338910273072	-1.16772438527068	-3.0411134880014	4.14301275561676e-05	0.000863800390212273	2.34834630316288e-12	0.000209378063993535	0.00477630803999727	2.56679712206175e-11
MvSl-1064-A1-R4_A1g00688	MvSl-1064-A1-R4_A1	MAT	1475930	1476249	6.94929471075635	2.51627900397989	0.828258671032078	-1.68802033294782	8.54246714548865e-06	0.0733401597651737	0.00568861376030768	4.95674019553045e-05	0.203925165798126	0.0157028485194507
MvSl-1064-A1-R4_A1g00689	MvSl-1064-A1-R4_A1	MAT	1478443	1478850	12.7317675389253	2.02590302727045	0.33634174482799	-1.68956128244246	2.6886420005845e-10	0.272984424246511	1.08098769404742e-07	3.71665217727857e-09	0.466551010884411	7.15583403101811e-07
MvSl-1064-A1-R4_A1g00690	MvSl-1064-A1-R4_A1	MAT	1478950	1479853	12.544787910389	1.63788018381045	0.453823132113477	-1.18405705169698	3.32285787455004e-08	0.114695862143871	5.67158450946121e-05	3.25363166883024e-07	0.279333467271434	0.000249125674714651
MvSl-1064-A1-R4_A1g00697	MvSl-1064-A1-R4_A1	MAT	1494572	1495446	13.2615742233041	-1.42916257397628	-0.605446795312886	0.823715778663397	3.15380932778396e-05	0.0737601663525138	0.0150549373032157	0.000166549481354884	0.203925165798126	0.0364733017139761
MvSl-1064-A1-R4_A1g00698	MvSl-1064-A1-R4_A1	MAT	1495555	1496468	12.8264193522719	-2.20527108757404	0.283466127119176	2.48873721469322	5.43156091186688e-12	0.360950576065875	1.61326005442969e-14	8.50944542859144e-11	0.568543805112933	2.10620062661654e-13
MvSl-1064-A1-R4_A1g00701	MvSl-1064-A1-R4_A1	MAT	1502152	1502317	6.90977283810875	0	-8.7012588710738	-8.7012588710738	1	3.44731577477832e-17	2.89296014322481e-15	1	1.24633724165062e-15	4.53230422438554e-14
MvSl-1064-A1-R4_A1g00705	MvSl-1064-A1-R4_A1	MAT	1506010	1507991	11.7380807200195	-0.993338766663511	0.502658190493253	1.49599695715676	0.000538882830258072	0.081902388131104	3.07728224034535e-07	0.00209318124149829	0.216259114728196	1.92843020394975e-06
MvSl-1064-A1-R4_A1g00716	MvSl-1064-A1-R4_A1	MAT	1524220	1524556	10.8600983777926	-2.56284048183082	-2.10067640608927	0.462164075741554	1.23847615115072e-16	7.78835685721676e-12	0.105434395915677	4.47756762339107e-15	1.59153379256169e-10	0.186291979664637
MvSl-1064-A1-R4_A1g00717	MvSl-1064-A1-R4_A1	MAT	1524811	1525014	12.5743196047312	-3.05445540977216	-3.05510445126757	-0.000649041495411701	1.22306753954811e-17	1.19041510769319e-17	0.998414679163084	6.38713048430682e-16	4.66245917179832e-16	1
MvSl-1064-A1-R4_A1g00720	MvSl-1064-A1-R4_A1	MAT	1532912	1533593	13.0920091159182	-1.70569717314685	-0.179014458150426	1.52668271499642	2.13425904237523e-07	0.577819373965552	3.09572625723321e-06	1.85759583317844e-06	0.771520186829005	1.63482173134788e-05
MvSl-1064-A1-R4_A1g00724	MvSl-1064-A1-R4_A1	MAT	1537571	1538928	9.7416243188902	-0.885922115031921	-1.77563363651527	-0.889711521483348	0.0215130783396177	3.78390626608031e-06	0.0173066908694965	0.053216562208528	4.13589754664593e-05	0.0406707235433167
MvSl-1064-A1-R4_A1g00725	MvSl-1064-A1-R4_A1	MAT	1538995	1539330	8.07279465700616	-0.923039823981594	-1.39780387968772	-0.474764055706127	0.0259361095448041	0.00051838350611992	0.22087339735877	0.0621937320717242	0.0032485366383515	0.343810665326872
MvSl-1064-A1-R4_A1g00733	MvSl-1064-A1-R4_A1	MAT	1552758	1553579	14.5085332451306	1.19982719960514	0.817538214814671	-0.382288984790471	0.00169852796201024	0.031150041515617	0.31165452284306	0.00580046149852276	0.103833471718723	0.435945314691185
MvSl-1064-A1-R4_A1g00748	MvSl-1064-A1-R4_A1	MAT	1577528	1577867	12.4722228975105	1.03729197295759	-1.22680675690985	-2.26409872986744	0.000546349245113172	3.55172739465575e-05	2.22092493096152e-13	0.00210478807543599	0.000321021514516962	2.60958679387978e-12
MvSl-1064-A1-R4_A1g00760	MvSl-1064-A1-R4_A1	MAT	1612135	1612362	11.0306851097963	-1.22860666924127	-0.982785737287991	0.245820931953278	6.99703779688324e-05	0.00142121045286113	0.41647389588685	0.000322412525934816	0.00726053166135579	0.546767405214579
MvSl-1064-A1-R4_A1g00761	MvSl-1064-A1-R4_A1	MAT	1612647	1613030	9.79344353187708	-1.13243742753527	-1.42337164640234	-0.290934218867073	0.000616154837620034	1.5192438215453e-05	0.360419998913189	0.00233542559420497	0.000149602730239497	0.489587859795373
MvSl-1064-A1-R4_A1g00762	MvSl-1064-A1-R4_A1	MAT	1613927	1614079	8.07051333087168	1.7279184189228	-1.31797567118012	-3.04589409010292	0.000379622825043204	0.000611566131752902	4.83459501001649e-11	0.00157338702350372	0.0035929510240483	4.73387428064114e-10
MvSl-1064-A1-R4_A1g00769	MvSl-1064-A1-R4_A1	MAT	1634670	1635220	5.13377113966859	-1.89242275192373	-0.552864299652621	1.33955845227111	0.019296362474912	0.565628905973535	0.0865728184827224	0.0485209521563428	0.763662506225722	0.157656573053434
MvSl-1064-A1-R4_A1g00770	MvSl-1064-A1-R4_A1	MAT	1635321	1635701	7.02283217888722	1.28983502384102	1.99145386215215	0.701618838311124	0.0194083808625371	0.000607284632603151	0.268237326337657	0.0485209521563428	0.0035929510240483	0.387912441165227
MvSl-1064-A1-R4_A1g00771	MvSl-1064-A1-R4_A1	MAT	1635769	1636619	6.92467728026123	-0.994136381010389	0.809297005686846	1.80343338669723	0.0375856362442723	0.145332981260232	0.000675485719813674	0.0833266463906036	0.322200477322213	0.00233102879474705
MvSl-1064-A1-R4_A1g00776	MvSl-1064-A1-R4_A1	MAT	1644054	1644584	7.65750024098372	-1.25843708052079	-4.13054608954736	-2.87210900902658	0.0844141088173379	2.67020262091456e-10	2.06539581253444e-06	0.162600947312085	4.04837171558014e-09	1.1556381332038e-05
MvSl-1064-A1-R4_A1g00780	MvSl-1064-A1-R4_A1	MAT	1654625	1656017	9.57434541212562	0.397612397125447	-0.930458203093983	-1.32807060021943	0.31507746940991	0.0155047811521186	0.000775683821861244	0.446043405489933	0.0582979771319661	0.00262281580053802
MvSl-1064-A1-R4_A1g00787	MvSl-1064-A1-R4_A1	MAT	1675443	1676404	10.7138615241333	-1.15810103581907	-4.45491557317001	-3.29681453735094	0.00298620052428286	5.45188619321327e-29	1.24567935106864e-18	0.00941955870075803	4.27064418468373e-27	3.25260719445701e-17
MvSl-1064-A1-R4_A1g00790	MvSl-1064-A1-R4_A1	MAT	1683482	1684057	6.8048519302447	-1.81682066066582	-0.131780705758028	1.68503995490779	0.00155617911091664	0.836389964276047	0.00381392982479351	0.0054178087565246	0.973027928736985	0.0109301647417863
MvSl-1064-A1-R4_A1g00791	MvSl-1064-A1-R4_A1	MAT	1684208	1684384	4.66837982290086	-3.05164773516638	-1.58928404895971	1.46236368620666	0.00522051344559448	0.236183898843583	0.105305577316575	0.0154317064115057	0.428596264310749	0.186291979664637
MvSl-1064-A1-R4_A1g00795	MvSl-1064-A1-R4_A1	MAT	1690049	1690201	4.59719100471566	-1.51228402397143	1.14974266605872	2.66202669003015	0.0996225344575831	0.400091088098889	0.0205748608217728	0.185069530415273	0.595426659756812	0.0474028656187902
MvSl-1064-A1-R4_A1g00810	MvSl-1064-A1-R4_A1	MAT	1730738	1731250	10.0883039297435	-0.833073878068152	0.33401617908649	1.16709005715464	0.00689617801125859	0.288834276825752	0.000205679386423295	0.0198846850631383	0.481390461376253	0.000785929362755678
MvSl-1064-A1-R4_A1g00813	MvSl-1064-A1-R4_A1	MAT	1734470	1735304	7.74794148342948	0.0157389737723282	-4.65808164032089	-4.67382061409322	0.984117969137482	2.34476000444051e-18	9.0470117385421e-17	1	1.00185200189731e-16	2.02480738910228e-15
MvSl-1064-A1-R4_A1g00814	MvSl-1064-A1-R4_A1	MAT	1735366	1735672	9.54155310440732	-0.819449506215197	-1.67991222519754	-0.86046271898234	0.0181331992873397	9.20180594693449e-07	0.00978369557432631	0.0465716047270472	1.10893558847672e-05	0.025405176353223
MvSl-1064-A1-R4_A1g00815	MvSl-1064-A1-R4_A1	MAT	1735751	1736615	10.0024818500098	2.32549472494223	-2.83421330144872	-5.15970802639095	7.16886675796588e-07	1.87142111873124e-13	1.68283399476052e-28	5.44586401845758e-06	4.62930487265096e-12	1.58186395507489e-26
MvSl-1064-A1-R4_A1g00816	MvSl-1064-A1-R4_A1	MAT	1736704	1736911	9.05192071605003	1.50281573911435	-0.352445887224714	-1.85526162633906	0.0001378719958978	0.326957579815301	2.58704314363889e-06	0.000623075366076597	0.531609245761666	1.39759802012676e-05
MvSl-1064-A1-R4_A1g00824	MvSl-1064-A1-R4_A1	MAT	1751427	1752854	12.8037980343205	1.43125899886263	1.03026484882161	-0.400994150041021	2.71976413549625e-05	0.00226255083474253	0.233256873446196	0.000148638272521307	0.0109628751786494	0.352510387523189
MvSl-1064-A1-R4_A1g00826	MvSl-1064-A1-R4_A1	MAT	1754659	1754832	4.24942306315855	-2.39850042898861	2.16266564678951	4.56116607577812	0.0453468283829442	0.270470607561711	0.00691487701887632	0.0977074367456373	0.463945932678847	0.0184658647663175
MvSl-1064-A1-R4_A1g00828	MvSl-1064-A1-R4_A1	MAT	1758020	1758187	9.53711356797506	-2.46309671162355	0.340878980831193	2.80397569245474	1.24497060733919e-09	0.418649098682701	1.96259899597949e-11	1.62537829291505e-08	0.611071665779098	1.96259899597949e-10
MvSl-1064-A1-R4_A1g00833	MvSl-1064-A1-R4_A1	MAT	1764621	1764984	10.3331723658615	-1.57238356787428	0.536486194462248	2.10886976233653	1.57746351081634e-05	0.147045313404832	1.84618253689762e-08	8.82628392956759e-05	0.322949987384445	1.33493198821828e-07
MvSl-1064-A1-R4_A1g00841	MvSl-1064-A1-R4_A1	MAT	1788461	1789644	11.0607677500607	-3.27095977020884	0.396028313181969	3.6669880833908	2.68540312234397e-08	0.476499125275452	1.09305020464316e-09	2.68540312234397e-07	0.668521160834217	9.17381421754082e-09
MvSl-1064-A1-R4_A1g00852	MvSl-1064-A1-R4_A1	MAT	1832733	1833013	7.54108046794942	4.52288976639715	3.40186193475493	-1.12102783164222	1.4991596312894e-08	1.57046472008304e-06	0.214705345347294	1.63861634117678e-07	1.84529604609757e-05	0.339769401728041
MvSl-1064-A1-R4_A1g00857	MvSl-1064-A1-R4_A1	MAT	1845751	1846365	9.4993375129423	-0.902701020227532	0.476918715265728	1.37961973549326	0.0108562131970058	0.192402111536525	0.000155717274491532	0.0305534143867829	0.392911020841726	0.000615017806815296
MvSl-1064-A1-R4_A1g00859	MvSl-1064-A1-R4_A1	MAT	1850243	1851664	10.2574517847608	-1.87072630808061	-0.416567690592303	1.45415861748831	1.66471482303996e-09	0.182707343584739	2.09548380832212e-06	2.1146377481859e-08	0.379966599490387	1.1586792822487e-05
MvSl-1064-A1-R4_A1g00865	MvSl-1064-A1-R4_A1	MAT	1861713	1862835	9.07494122416402	1.66531800523172	1.51932670623779	-0.145991298993927	4.55663619238531e-05	0.000159017506860188	0.72857477686435	0.000225433580044326	0.00120545529394014	0.846996999065332
MvSl-1064-A1-R4_A1g00874	MvSl-1064-A1-R4_A1	MAT	1880645	1880865	4.92582045723887	4.68107509862976	-0.725113246154991	-5.40618834478475	0.00665175343961263	0.362575257792212	0.000740175735538662	0.0192982970161601	0.568543805112933	0.00252088837466066
MvSl-1064-A1-R4_A1g00875	MvSl-1064-A1-R4_A1	MAT	1880922	1881191	5.30751380251296	2.49645989572844	0.731086177819538	-1.7653737179089	0.00627410142406646	0.287868446832185	0.0853828204774263	0.0183156998093866	0.481390461376253	0.156757521970275
MvSl-1064-A1-R4_A1g00882	MvSl-1064-A1-R4_A1	MAT	1896076	1897987	12.6765317610934	0.480867650016144	-0.802807947630281	-1.28367559764642	0.106483521868734	0.00689175611155438	2.01715913244422e-05	0.192489443378096	0.0276848322429962	9.87567491925818e-05
MvSl-1064-A1-R4_A1g00889	MvSl-1064-A1-R4_A1	MAT	1916537	1917571	10.0076893155728	0.478939728966709	-1.37933510633139	-1.8582748352981	0.191254140488072	0.00010377735772866	4.16705664011189e-07	0.303680560910114	0.000840954450559832	2.54352807902934e-06
MvSl-1064-A1-R4_A1g00891	MvSl-1064-A1-R4_A1	MAT	1921718	1923408	10.3596080167044	1.14556634359295	0.450661107464313	-0.694905236128635	0.000299146619985498	0.144146396504082	0.029042252147295	0.00126665685939806	0.321084390317149	0.0629025737752471
MvSl-1064-A1-R4_A1g00896	MvSl-1064-A1-R4_A1	MAT	1934137	1934705	8.17497366252572	2.98796422849717	-7.05986470164199	-10.0478289301392	0.134262684665672	6.90612217673269e-30	1.18429591154286e-29	0.22699086975851	6.49175484612873e-28	1.39154769606286e-27
MvSl-1064-A1-R4_A1g00901	MvSl-1064-A1-R4_A1	MAT	1943418	1943662	6.96475559719866	-0.909460081258583	-4.73388695905651	-3.82442687779793	0.358495515314036	2.22576443076633e-10	6.31103887432231e-08	0.490661956137068	3.48703094153392e-09	4.36204157489924e-07
MvSl-1064-A1-R4_A1g00904	MvSl-1064-A1-R4_A1	MAT	1950368	1950922	5.14037834178579	3.0515204314896	0.426189590206166	-2.62533084128344	0.00502150089225313	0.553378993227433	0.0255252647507134	0.0150325185946431	0.751699788488131	0.0563233541447666
MvSl-1064-A1-R4_A1g00914	MvSl-1064-A1-R4_A1	MAT	1975648	1977845	15.5659139601271	0.830913587817976	1.60730695803481	0.776393370216838	0.0730353828446221	0.000658438198426979	0.0937994104372764	0.144838100999884	0.00382056732420593	0.16826611796
MvSl-1064-A1-R4_A1g00915	MvSl-1064-A1-R4_A1	MAT	1978003	1978161	6.50353623909798	0.0128423462284899	2.42038814495863	2.40754579873014	0.980892552574524	0.000381331693995402	0.000545216819008956	1	0.00245514926271012	0.00192670605213691
MvSl-1064-A1-R4_A1g00919	MvSl-1064-A1-R4_A1	MAT	1983323	1983762	9.4930383044982	-2.4198708228703	0.14207977045252	2.56195059332282	1.82537888668473e-09	0.732440858518233	3.91636644237823e-10	2.25770546511006e-08	0.910706887575581	3.53979274599571e-09
MvSl-1064-A1-R4_A1g00925	MvSl-1064-A1-R4_A1	MAT	1999093	1999997	8.83426256233364	1.03722640177317	0.550257428656431	-0.486968973116743	0.0024555309073078	0.0953292935195583	0.16713480125379	0.00795930707885977	0.244834797563893	0.273705075223977
MvSl-1064-A1-R4_A1g00926	MvSl-1064-A1-R4_A1	MAT	2000097	2000516	9.86841820020354	1.20219322362413	0.111406214538978	-1.09078700908515	0.0013980712518672	0.758441796058236	0.00388752643420853	0.00490368274908645	0.929398681951536	0.0110735601459273
MvSl-1064-A1-R4_A1g00931	MvSl-1064-A1-R4_A1	MAT	2009185	2010535	9.41765202037103	1.46728511688544	-0.393074733878926	-1.86035985076437	0.00194014405759579	0.377964748052775	9.34384111179508e-05	0.00637669725223791	0.580534090146419	0.000388637639163158
MvSl-1064-A1-R4_A1g00932	MvSl-1064-A1-R4_A1	MAT	2010788	2011245	5.06424874839196	2.70050636167239	-0.110182249526931	-2.81068861119932	0.0155901071038443	0.876476296809675	0.0127018099900077	0.0416326723795841	0.996643377060791	0.0312557628026367
MvSl-1064-A1-R4_A1g00935	MvSl-1064-A1-R4_A1	MAT	2015854	2016333	6.16609637737318	-1.47339722064221	0.639646264205088	2.1130434848473	0.0224008423788334	0.404854239473371	0.00279629115256997	0.0551224917175481	0.598369473435486	0.00842472334428132
MvSl-1064-A1-R4_A1g00939	MvSl-1064-A1-R4_A1	MAT	2019346	2020028	4.90885969870202	3.06145729890849	1.78243120458268	-1.27902609432581	0.00363269119179711	0.0332317422615442	0.357183093112041	0.011086784806134	0.108464714325873	0.486597257283071
MvSl-1064-A1-R4_A1g00945	MvSl-1064-A1-R4_A1	MAT	2034877	2035970	7.5994244587916	0.924639364361785	-1.37118776497032	-2.29582712933211	0.103484378219088	0.00538773265707893	2.54292378225287e-05	0.189251586626349	0.0222967236670189	0.000119517417765885
MvSl-1064-A1-R4_A1g00967	MvSl-1064-A1-R4_A1	MAT	2078590	2079312	11.0590738712455	1.30690142160163	0.34741594141685	-0.959485480184783	3.5942778796624e-06	0.20334031725694	0.000679470095490099	2.34626472700184e-05	0.392911020841726	0.00233102879474705
MvSl-1064-A1-R4_A1g00976	MvSl-1064-A1-R4_A1	MAT	2097071	2097556	9.80599825641832	-1.53075391939178	1.13145569171824	2.66220961111002	1.46883157429636e-05	0.00264010299918349	2.20121517523215e-12	8.31747999902761e-05	0.0126617184654718	2.46326460085502e-11
MvSl-1064-A1-R4_A1g00980	MvSl-1064-A1-R4_A1	MAT	2104867	2106707	12.9508808130337	-2.82296693950575	-0.983051998982641	1.83991494052311	2.76989765442157e-07	0.0584884289267634	0.000507098538382756	2.32473553138953e-06	0.176215138433197	0.00181936116824348
MvSl-1064-A1-R4_A1g00981	MvSl-1064-A1-R4_A1	MAT	2106900	2107445	5.54753006974151	-4.13041615015381	2.99219460240514	7.12261075255895	0.00019564914541507	0.135328855921173	6.21626563865885e-06	0.000875762841381743	0.307268416825851	3.14155360233297e-05
MvSl-1064-A1-R4_A1g00990	MvSl-1064-A1-R4_A1	MAT	2123993	2125289	5.395155924514	1.3481851544153	-1.64167257834449	-2.98985773275979	0.209490892556956	0.0204468972504287	0.000957420679513208	0.323883945729504	0.0744964473465231	0.00314805973020203
MvSl-1064-A1-R4_A1g00994	MvSl-1064-A1-R4_A1	MAT	2129917	2130858	7.02702264703184	3.01736752359337	1.826798032481	-1.19056949111238	6.32251816114187e-05	0.00660904283919306	0.139415738837449	0.000297158353573668	0.0267780184001788	0.234019275905719
MvSl-1064-A1-R4_A1g00996	MvSl-1064-A1-R4_A1	MAT	2135852	2138855	13.2514794072083	1.81833426336487	-0.157459831124824	-1.97579409448969	2.57007851614966e-08	0.616940626003519	1.74037962682937e-09	2.62594978823987e-07	0.814500264667567	1.41030762863759e-08
MvSl-1064-A1-R4_A1g01001	MvSl-1064-A1-R4_A1	MAT	2147585	2149416	9.63014497017256	0.109698024809122	-2.93584381181655	-3.04554183662567	0.783719213082529	5.34730306743479e-15	2.53802657042737e-15	0.911113556610104	1.67029619664341e-13	4.11335340724437e-14
MvSl-1064-A1-R4_A1g01008	MvSl-1064-A1-R4_A1	MAT	2171912	2173912	4.31455934786166	2.99141672703322	-1.45071218916262	-4.44212891619584	0.131424325381095	0.170804217509731	0.0110792872421017	0.223475919969951	0.366566128902163	0.028147378398853
MvSl-1064-A1-R4_A1g01010	MvSl-1064-A1-R4_A1	MAT	2180684	2181124	9.78531705809323	-1.7101706964977	-0.14256723004078	1.56760346645692	4.79569913408518e-05	0.735216939364753	0.000189830331006876	0.000229997815614289	0.911746600267636	0.000737357484076296
MvSl-1064-A1-R4_A1g01011	MvSl-1064-A1-R4_A1	MAT	2181536	2182498	13.8195068356476	-1.90547127678952	0.345209996904517	2.25068127369403	3.29478431856352e-07	0.341161640701872	2.63383900586014e-09	2.71675198197343e-06	0.547255874163413	2.06317388792378e-08
MvSl-1064-A1-R4_A1g01019	MvSl-1064-A1-R4_A1	MAT	2200588	2202941	12.3839415296422	-0.724974635985919	0.277824853500294	1.00279948948621	0.0123440417887438	0.33803327133095	0.000592587808031557	0.0341276449453505	0.54409464906009	0.00207847962518531
MvSl-1064-A1-R4_A1g01034	MvSl-1064-A1-R4_A1	MAT	2234431	2236252	13.3092264975018	2.3414039933538	0.791285499269096	-1.5501184940847	5.09300748572386e-08	0.0539529146859495	0.000218571741876581	4.88512962916371e-07	0.166828091463133	0.000828457408725752
MvSl-1064-A1-R4_A1g01043	MvSl-1064-A1-R4_A1	MAT	2245051	2245491	4.57647681511387	5.29382771189845	5.29382771189845	0	0.000520374974177698	0.000345316481815434	1	0.00203813531552932	0.00229620541946415	1
MvSl-1064-A1-R4_A1g01044	MvSl-1064-A1-R4_A1	MAT	2245658	2246287	5.14044608825803	2.49261860996247	1.68956415760438	-0.80305445235809	0.00507694578408029	0.0270637014274428	0.486849448448927	0.0151023070792262	0.095638644142091	0.630356035181806
MvSl-1064-A1-R4_A1g01048	MvSl-1064-A1-R4_A1	MAT	2254832	2255059	6.5832230096275	2.16637853734995	-6.16963545164856	-8.33601398899851	0.289083415949905	9.41287131531863e-12	6.55628072881939e-12	0.415502157481515	1.84335396591656e-10	6.84767098343358e-11
MvSl-1064-A1-R4_A1g01094	MvSl-1064-A1-R4_A1	MAT	2409081	2410475	4.77507245336551	0.526829516279559	-2.55342431404733	-3.08025383032689	0.72158585954308	0.00458875225822884	0.00362322585939149	0.871838956260276	0.0203463543525241	0.0105118281105803
MvSl-1064-A1-R4_A1g01114	MvSl-1064-A1-R4_A1	MAT	2486044	2486963	8.29750587377962	-1.31780882856896	-6.21732844144153	-4.89951961287258	0.131708148578035	2.05055951183251e-28	7.72559319729839e-22	0.223475919969951	1.37680424365897e-26	3.30093527520931e-20
MvSl-1064-A1-R4_A1g01115	MvSl-1064-A1-R4_A1	MAT	2487024	2487693	5.92259268106186	0	-7.55957586439427	-7.55957586439427	1	2.05100587203771e-11	5.40846561507231e-10	1	3.62487845160365e-10	4.79618648883771e-09
MvSl-1064-A1-R4_A1g01116	MvSl-1064-A1-R4_A1	MAT	2488287	2489096	6.15343771841917	1.42935910602881	-3.81132963769245	-5.24068874372126	0.290758030601332	7.64796542479574e-08	7.16637231394506e-09	0.41663498287386	1.02701249990114e-06	5.346341250086e-08
MvSl-1064-A1-R4_A1g01117	MvSl-1064-A1-R4_A1	MAT	2489884	2490261	6.27511128898211	-4.22992455184297	-7.87935117116414	-3.64942661932117	0.0137225460918888	2.02378695575605e-11	1.89430067336489e-06	0.0372809055675593	3.62487845160365e-10	1.07267628491747e-05
MvSl-1064-A1-R4_A1g01122	MvSl-1064-A1-R4_A1	MAT	2492581	2493816	4.83594606234836	-3.32623412094391	-5.78449608632904	-2.45826196538513	0.0695112685689918	1.18337332819913e-05	0.00629346398472921	0.138433458590789	0.000123596769834131	0.0170978501319233
MvSl-1064-A1-R4_A1g01128	MvSl-1064-A1-R4_A1	MAT	2503139	2503641	6.06151824812992	3.5260837086078	0.616315400231039	-2.90976830837676	2.68729730103046e-05	0.275650041255031	0.00135612199872363	0.000148591733115802	0.466856445892031	0.00433590026802794
MvSl-1064-A1-R4_A1g01138	MvSl-1064-A1-R4_A1	MAT	2519820	2520678	7.70329525318825	-1.60287221630171	-3.77906775671959	-2.17619554041787	0.00743439759851171	1.32142188935757e-12	4.08787665826971e-06	0.0213058955567104	3.10534143999029e-11	2.11132091141402e-05
MvSl-1064-A1-R4_A1g01140	MvSl-1064-A1-R4_A1	MAT	2521041	2521388	10.3793866938195	7.34190206479271	1.70083768628244	-5.64106437851027	2.17113831483423e-34	1.93314336540495e-05	6.7346293731397e-21	1.02043500797209e-31	0.000181715476348065	1.97829737835979e-19
MvSl-1064-A1-R4_A1g01141	MvSl-1064-A1-R4_A1	MAT	2522143	2522310	9.58325900949419	2.35225345663021	-1.5570220376899	-3.90927549432011	9.67628819619233e-07	0.000169986251447135	9.63383102895536e-16	6.89069007910666e-06	0.00126815139968498	1.61710735128894e-14
MvSl-1064-A1-R4_A1g01142	MvSl-1064-A1-R4_A1	MAT	2523541	2525310	12.6556117737267	-1.187805658551	-2.78897400692536	-1.60116834837436	0.00050354820829582	5.68611471197757e-15	2.73295602708074e-06	0.00200565811778844	1.67029619664341e-13	1.45964696900903e-05
MvSl-1064-A1-R4_A1g01165	MvSl-1064-A1-R4_A1	MAT	2583336	2583491	6.04171820954712	-4.6928102216027	0.619100427129464	5.31191064873216	2.36916832336738e-08	0.680992399481673	1.98362782863747e-08	2.47446469329482e-07	0.865044399341584	1.41258345372668e-07
MvSl-1064-A1-R4_A1g01170	MvSl-1064-A1-R4_A1	MAT	2591375	2591527	5.70284885081103	-1.4921263460634	0.712021437439889	2.20414778350329	0.0185961546049852	0.388301894293537	0.00227767641915751	0.0475010470888209	0.594468698104112	0.00704281524344756
MvSl-1064-A1-R4_A1g01179	MvSl-1064-A1-R4_A1	MAT	2609428	2609592	9.79288885975822	2.67265231487372	0.505312163897836	-2.16734015097588	7.36941621470108e-14	0.108083444738459	1.50744892298254e-09	1.57437528223159e-12	0.265964497523957	1.24298419965227e-08
MvSl-1064-A1-R4_A1g01183	MvSl-1064-A1-R4_A1	MAT	2616817	2617032	5.9360369773154	-1.71842254457581	1.65812049486204	3.37654303943786	0.0167699921385751	0.0893436891415333	0.000130935055137554	0.0442803163209568	0.233722474761379	0.00053051272340216
MvSl-1064-A1-R4_A1g01188	MvSl-1064-A1-R4_A1	MAT	2623923	2624564	9.22101031222634	-3.0825989285309	0.197830447346529	3.28042937587743	2.12324086376413e-15	0.643279347347655	2.33970768095432e-16	5.87013650570084e-14	0.839836925703884	4.58192754186888e-15
MvSl-1064-A1-R4_A1g01190	MvSl-1064-A1-R4_A1	MAT	2628613	2629713	11.7377990542013	1.0462777584575	0.206059216753525	-0.840218541703977	0.000635762071012518	0.493193251969031	0.00605908976257633	0.00237149343949114	0.685801267530901	0.0165568150489004
MvSl-1064-A1-R4_A1g01191	MvSl-1064-A1-R4_A1	MAT	2629993	2631280	12.5511602236724	-2.34256794891978	-1.2391072459406	1.10346070297918	6.08349599965282e-14	4.46345032736014e-05	0.000230747523689154	1.36154434277944e-12	0.00038848549145542	0.000860724889951607
MvSl-1064-A1-R4_A1g01192	MvSl-1064-A1-R4_A1	MAT	2631363	2634911	13.5358224236146	1.23565175127315	0.331775810377774	-0.903875940895379	0.0142224436391005	0.504141393111108	0.0711275875945904	0.0384169454619381	0.696901337535944	0.134798250683296
MvSl-1064-A1-R4_A1g01207	MvSl-1064-A1-R4_A1	MAT	2679047	2679570	7.18528271015506	-0.903655511327263	-3.712590814718	-2.80893530339073	0.204783688486602	7.60232589098083e-11	2.17450248831377e-07	0.317651265969317	1.2321010926762e-09	1.40002215001024e-06
MvSl-1064-A1-R4_A1g01209	MvSl-1064-A1-R4_A1	MAT	2680895	2681239	7.27891589402576	-9.14645477275637	0	9.14645477275637	1.62566792115286e-17	1	2.546235102199e-16	7.51840850710551e-16	1	4.78692199213412e-15
MvSl-1064-A1-R4_A1g01214	MvSl-1064-A1-R4_A1	MAT	2700378	2700722	7.27891589402576	-9.14640933282104	0	9.14640933282104	1.91959366138864e-17	1	2.9541762351639e-16	7.51840850710551e-16	1	5.1424549278779e-15
MvSl-1064-A1-R4_A1g01217	MvSl-1064-A1-R4_A1	MAT	2703214	2703624	4.89571983207223	-2.16609554388807	0.287635854033907	2.45373139792197	0.0126855509160423	0.812994844573536	0.00990391188734784	0.034866718892046	0.963773085182491	0.0255760361926016
MvSl-1064-A1-R4_A1g01218	MvSl-1064-A1-R4_A1	MAT	2703817	2704714	13.2024644489079	0.320894979810833	1.45432533933333	1.1334303595225	0.390487221078199	0.000138213549199166	0.00279246694904276	0.524851811602979	0.00106492406760013	0.00842472334428132
MvSl-1064-A1-R4_A1g01221	MvSl-1064-A1-R4_A1	MAT	2711352	2711600	8.13709894381091	-2.09244973251785	-7.82583556115692	-5.73338582863907	0.10296891602647	1.8431547791021e-32	3.48269248228408e-25	0.189044494267347	2.16570686544497e-30	2.33837923810502e-23
MvSl-1064-A1-R4_A1g01233	MvSl-1064-A1-R4_A1	MAT	2736134	2736497	7.71461492890739	0.479017735663054	-1.96349236321706	-2.44251009888011	0.373820048057105	2.1220969293135e-05	8.7648021826107e-07	0.506326866244493	0.000195565795446538	5.26229466334883e-06
MvSl-1064-A1-R4_A1g01248	MvSl-1064-A1-R4_A1	MAT	2768811	2769341	6.29545401668428	-1.12368198708591	-3.83630463737622	-2.71262265029031	0.227266530881925	5.12523460216899e-08	2.92083938377754e-05	0.345680483865712	7.08488312652772e-07	0.000135920248552024
MvSl-1064-A1-R4_A1g01249	MvSl-1064-A1-R4_A1	MAT	2769725	2770523	13.9183936735209	3.50574126708487	-1.45795984439526	-4.96370111148013	1.749121608162e-13	0.000818090383497842	1.50562724362729e-22	3.42536314931726e-12	0.00468905463712178	7.07644804504826e-21
MvSl-1064-A1-R4_A1g01254	MvSl-1064-A1-R4_A1	MAT	2777826	2778361	11.5314227351716	-2.41414342626573	0.328925936712704	2.74306936297843	3.55737921627295e-15	0.278647744712052	1.95225194339949e-18	9.28871239804604e-14	0.469406595034639	4.82925480735662e-17
MvSl-1064-A1-R4_A1g01255	MvSl-1064-A1-R4_A1	MAT	2778871	2780197	11.5728416880501	0.445035878253616	1.66409029260853	1.21905441435491	0.335275966917252	0.000458090568621473	0.0095981933208277	0.467925303908827	0.0029094941520553	0.0250619492266057
MvSl-1064-A1-R4_A1g01257	MvSl-1064-A1-R4_A1	MAT	2783037	2784165	7.64719146764224	-0.493752791950175	0.80797385658751	1.30172664853769	0.220525513634822	0.0669220174059587	0.00294239529928588	0.337715487781234	0.18947800108916	0.00880844452652461
MvSl-1064-A1-R4_A1g01273	MvSl-1064-A1-R4_A1	MAT	2819344	2820733	8.51113721911004	1.06758576494305	0.502226425499667	-0.565359339443382	0.00267540624911965	0.138186679589822	0.123746981621151	0.00854563251220957	0.310754734005819	0.209967802750689
MvSl-1064-A1-R4_A1g01284	MvSl-1064-A1-R4_A1	MAT	2842509	2842715	9.78459076429224	-0.781730310768035	-2.70935563392117	-1.92762532315314	0.0455275077602012	3.45683458857121e-12	3.04761338077602e-07	0.0977074367456373	7.38505571194758e-11	1.92843020394975e-06
MvSl-1064-A1-R4_A1g01294	MvSl-1064-A1-R4_A1	MAT	2863391	2864667	12.8570009065048	-1.8996985091213	0.0266803642368454	1.92637887335814	4.87018662455554e-09	0.932824301192661	3.20741876264628e-09	5.86919926549001e-08	1	2.47128986630123e-08
MvSl-1064-A1-R4_A1g01300	MvSl-1064-A1-R4_A1	MAT	2881852	2882406	9.30230495421916	3.25555581998515	1.33931882721819	-1.91623699276695	1.63337906941061e-11	0.00174232388684637	6.89448565136464e-05	2.39902550819683e-10	0.00880529276148164	0.000300037801494572
MvSl-1064-A1-R4_A1g01301	MvSl-1064-A1-R4_A1	MAT	2882708	2882899	5.79778841566499	2.38630013765397	-2.21308139327906	-4.59938153093303	0.0454802626607095	0.000531291592230624	8.95061793651224e-07	0.0977074367456373	0.0032856190572157	5.26229466334883e-06
MvSl-1064-A1-R4_A1g01305	MvSl-1064-A1-R4_A1	MAT	2891625	2892286	12.2109497276388	1.85487248290536	0.951790137715113	-0.90308234519025	1.69644965045877e-08	0.00289786784242496	0.00521479785166581	1.81211667208096e-07	0.0134851275835617	0.0145890177993032
MvSl-1064-A1-R4_A1g01306	MvSl-1064-A1-R4_A1	MAT	2894931	2896335	12.7206164570868	0.743828935530911	-5.65445664206068	-6.39828557759159	0.0602299520423256	3.36097429369746e-42	2.23713678314465e-48	0.125256979911031	7.89828959018904e-40	5.25727144038993e-46
MvSl-1064-A1-R4_A1g01307	MvSl-1064-A1-R4_A1	MAT	2896667	2897461	11.5909516635872	-1.57383873361058	-10.5187419535267	-8.94490321991608	0.149594575435034	4.05264254255142e-71	4.57970584421881e-63	0.247568487515725	1.90474199499917e-68	2.15246174678284e-60
MvSl-1064-A1-R4_A1g01308	MvSl-1064-A1-R4_A1	MAT	2898422	2899008	7.7743159613486	-0.112322879106351	-3.48597237044231	-3.37364949133596	0.854573849984012	1.57271169591287e-13	4.56169227190863e-12	0.965504109356937	4.10652498377248e-12	4.87271674499331e-11
MvSl-1064-A1-R4_A1g01315	MvSl-1064-A1-R4_A1	MAT	2911702	2912107	9.79329928482239	-1.22313643527213	0.00761530090105954	1.23075173617319	0.000384977675963677	0.982635883861555	0.000396056601828096	0.00157338702350372	1	0.00143189694507081
MvSl-1064-A1-R4_A1g01318	MvSl-1064-A1-R4_A1	MAT	2918580	2919346	7.69327254456776	5.37415248465324	0.443373406588994	-4.93077907806425	3.65905069099341e-13	0.321099187309612	9.93799077575712e-11	6.87901529906762e-12	0.524016034845547	9.3417113292117e-10
MvSl-1064-A1-R4_A1g01323	MvSl-1064-A1-R4_A1	MAT	2936331	2936675	4.16131299560477	0	-4.4446200542367	-4.4446200542367	1	0.00518599441197672	0.0108648401367189	1	0.0218267947734826	0.0278224997115276
MvSl-1064-A1-R4_A1g01329	MvSl-1064-A1-R4_A1	MAT	2947632	2948402	7.67896101177419	4.20245188583984	-5.29904498204667	-9.50149686788651	0.0193915511159486	1.79774877863666e-20	1.55151108837374e-23	0.0485209521563428	9.38824362176925e-19	8.10233568372953e-22
MvSl-1064-A1-R4_A1g01334	MvSl-1064-A1-R4_A1	MAT	2955573	2956394	4.58897200404691	3.51371746094785	-1.57790871150973	-5.09162617245758	0.0660632146112135	0.0789589106767232	0.00154710920016428	0.133834960634786	0.209664904056836	0.00488014311461216
MvSl-1064-A1-R4_A1g01338	MvSl-1064-A1-R4_A1	MAT	2970367	2971159	10.5567106355108	1.02147452803843	1.4328911321733	0.411416604134876	0.0009043113005831	4.39286794035177e-06	0.19046349422182	0.00321989629753073	4.69238166355758e-05	0.307621451148644
MvSl-1064-A1-R4_A1g01352	MvSl-1064-A1-R4_A1	MAT	3002566	3003090	10.6870196196549	-0.925625598544822	0.490832751299196	1.41645834984402	0.00158583230663738	0.1003352473081	2.32966022843021e-06	0.00548044988323212	0.252986178673145	1.27318640390954e-05
MvSl-1064-A1-R4_A1g01360	MvSl-1064-A1-R4_A1	MAT	3021786	3022133	8.98954801269931	1.3183194103734	0.374488917446267	-0.943830492927136	0.000220941284542536	0.264864635015175	0.00925581333100664	0.000979645318254639	0.463945932678847	0.0244395071099613
MvSl-1064-A1-R4_A1g01370	MvSl-1064-A1-R4_A1	MAT	3048163	3050355	12.7014486705983	1.89666303279261	-1.22029145463424	-3.11695448742684	8.29261536806195e-07	0.00107027552991456	8.35556094442812e-15	6.0898894109205e-06	0.00571624430749821	1.19003443753976e-13
MvSl-1064-A1-R4_A1g01371	MvSl-1064-A1-R4_A1	MAT	3050902	3054160	9.77666129555535	1.15890020717865	-2.49216647894326	-3.65106668612191	0.00333235028840635	1.44004480307449e-12	6.50083066831143e-21	0.010303977865467	3.2229574164048e-11	1.97829737835979e-19
MvSl-1064-A1-R4_A1g01377	MvSl-1064-A1-R4_A1	MAT	3073883	3074882	11.3056714745546	0.642893533805356	-0.441949801432192	-1.08484333523755	0.0347337516656584	0.14045946884098	0.00039123765521073	0.078109393697892	0.314361668358384	0.00142543951898483
MvSl-1064-A1-R4_A1g01395	MvSl-1064-A1-R4_A1	MAT	3121131	3121426	11.3338893701704	-1.79543117924159	-0.579983904630167	1.21544727461143	1.16730888290332e-08	0.062073986222423	8.49945503719724e-05	1.3381345730843e-07	0.180634673065416	0.00035667355959667
MvSl-1064-A1-R4_A1g01398	MvSl-1064-A1-R4_A1	MAT	3125001	3125581	6.85540225866842	1.46273276770066	0.861221835210321	-0.601510932490337	0.00883674944545428	0.0976754858687106	0.315442569196145	0.0250197122853224	0.248148531666454	0.438633158349669
MvSl-1064-A1-R4_A1g01400	MvSl-1064-A1-R4_A1	MAT	3130971	3131616	7.98882556566061	-1.97493328784531	-1.58095508740179	0.393978200443525	3.49371589058116e-05	0.00100585638770162	0.368982476141467	0.000178483311801429	0.00543393680712367	0.499774535407751
MvSl-1064-A1-R4_A1g01401	MvSl-1064-A1-R4_A1	MAT	3132127	3133455	8.50930228945089	10.2290379083054	3.63917578123181	-6.58986212707354	3.22760111095287e-20	1.00776361996863e-09	3.94947464681735e-06	3.0339450442957e-18	1.43529970116744e-08	2.06250342667128e-05
MvSl-1064-A1-R4_A1g01408	MvSl-1064-A1-R4_A1	MAT	3147657	3147986	9.11702640362352	-0.512074370265504	0.509379671802695	1.0214540420682	0.115445461914456	0.131884206247318	0.00247631265568168	0.207096820991581	0.30259574076356	0.007557577585522
MvSl-1064-A1-R4_A1g01414	MvSl-1064-A1-R4_A1	MAT	3163920	3164102	6.87342931985861	2.84769525250294	-0.265340566447692	-3.11303581895063	3.3308709005821e-05	0.590468576542964	4.8817433496297e-06	0.000172033991568526	0.783955454732184	2.49393410252821e-05
MvSl-1064-A1-R4_A1g01423	MvSl-1064-A1-R4_A1	MAT	3178351	3179220	5.5260537783081	2.18691327512621	-1.98077918355687	-4.16769245868307	0.0773932092775346	0.0051498883270102	3.64963878327923e-05	0.151608991688148	0.0218267947734826	0.000164935598859734
MvSl-1064-A1-R4_A1g01425	MvSl-1064-A1-R4_A1	MAT	3181703	3182009	6.8014527366254	-1.39117559812666	0.999819087489365	2.39099468561602	0.0117666224801953	0.129755240230855	0.000118013212522109	0.0327237429922593	0.300418536495082	0.000482314868568618
MvSl-1064-A1-R4_A1g01427	MvSl-1064-A1-R4_A1	MAT	3184962	3185129	10.5139492983975	-2.61908839430513	-0.0444405589919761	2.57464783531315	4.52889302685061e-12	0.90567466492992	1.16719978806716e-11	7.33993007799927e-11	0.999218527035358	1.1925736965034e-10
MvSl-1064-A1-R4_A1g01428	MvSl-1064-A1-R4_A1	MAT	3185299	3185481	9.03506831377686	-3.07204783585746	0.166430843836961	3.23847867969442	6.79566974786209e-16	0.697876250760375	1.54330178775218e-16	2.12930985433012e-14	0.881725370584345	3.15370365323271e-15
MvSl-1064-A1-R4_A1g01429	MvSl-1064-A1-R4_A1	MAT	3185524	3186787	11.1244180871816	-2.14718156443495	-0.557914799823404	1.58926676461154	1.06280756419591e-12	0.0609054259111886	7.55643677850159e-08	1.79514308602638e-11	0.180034906781501	5.14713809550108e-07
MvSl-1064-A1-R4_A1g01430	MvSl-1064-A1-R4_A1	MAT	3186854	3188061	10.175451165905	-0.124858106278261	-1.11642140475307	-0.991563298474806	0.681075016078121	0.000183487668920023	0.000957813917912534	0.837971878420724	0.00134748756863142	0.00314805973020203
