gene	logFC	FDR
1	MvSl-1064-A1-R4_A1g00095	-2.00561908468743	1.74551804049709e-06
2	MvSl-1064-A1-R4_A1g00096	-4.13859106808604	0.0471301265994071
3	MvSl-1064-A1-R4_A1g00117	-1.55877296256604	0.000661295480382274
4	MvSl-1064-A1-R4_A1g00131	-0.991651278719745	0.013018507511751
5	MvSl-1064-A1-R4_A1g00135	-3.14817152065523	1.28627833095475e-06
6	MvSl-1064-A1-R4_A1g00139	-1.10302462614839	0.0210042522047717
7	MvSl-1064-A1-R4_A1g00195	-3.48884735655651	5.09831884825260e-22
8	MvSl-1064-A1-R4_A1g00223	-1.39770500547623	0.00348831885755482
9	MvSl-1064-A1-R4_A1g00224	-2.47042293619061	0.000149602730239497
10	MvSl-1064-A1-R4_A1g00255	-1.23209898043494	0.00228262375739075
11	MvSl-1064-A1-R4_A1g00257	-1.28007729906594	0.00493443616479996
12	MvSl-1064-A1-R4_A1g00267	-5.63789405023666	4.66969604276341e-13
13	MvSl-1064-A1-R4_A1g00317	-0.969527872143602	0.0134291602829977
14	MvSl-1064-A1-R4_A1g00424	-3.09455955040776	0.0175530739545754
15	MvSl-1064-A1-R4_A1g00429	-1.07917168462678	0.004764069239085
16	MvSl-1064-A1-R4_A1g00431	-4.94792458553701	2.00347316364204e-37
17	MvSl-1064-A1-R4_A1g00449	-4.44373968290348	0.0218267947734826
18	MvSl-1064-A1-R4_A1g00450	-2.76577716868851	1.06909021456971e-09
19	MvSl-1064-A1-R4_A1g00485	-2.69286059314523	0.0177467136732642
20	MvSl-1064-A1-R4_A1g00548	-1.2369863421616	0.00154367862954585
21	MvSl-1064-A1-R4_A1g00588	-4.30997465857618	3.62487845160365e-10
22	MvSl-1064-A1-R4_A1g00612	-1.14228232203152	0.0109263181905834
23	MvSl-1064-A1-R4_A1g00617	-4.13828310727316	0.0471301265994071
24	MvSl-1064-A1-R4_A1g00619	-2.41317884563746	0.000149602730239497
25	MvSl-1064-A1-R4_A1g00655	-5.90281347862829	0.00155112797364447
26	MvSl-1064-A1-R4_A1g00659	-2.19786399528363	6.17085162171639e-09
27	MvSl-1064-A1-R4_A1g00686	-1.16772438527068	0.00477630803999727
28	MvSl-1064-A1-R4_A1g00701	-8.7012588710738	1.24633724165062e-15
29	MvSl-1064-A1-R4_A1g00716	-2.10067640608927	1.59153379256169e-10
30	MvSl-1064-A1-R4_A1g00717	-3.05510445126757	4.66245917179832e-16
31	MvSl-1064-A1-R4_A1g00724	-1.77563363651527	4.13589754664593e-05
32	MvSl-1064-A1-R4_A1g00725	-1.39780387968772	0.0032485366383515
33	MvSl-1064-A1-R4_A1g00748	-1.22680675690985	0.000321021514516962
34	MvSl-1064-A1-R4_A1g00760	-0.982785737287991	0.00726053166135579
35	MvSl-1064-A1-R4_A1g00761	-1.42337164640234	0.000149602730239497
36	MvSl-1064-A1-R4_A1g00762	-1.31797567118012	0.0035929510240483
37	MvSl-1064-A1-R4_A1g00776	-4.13054608954736	4.04837171558014e-09
38	MvSl-1064-A1-R4_A1g00787	-4.45491557317001	4.27064418468373e-27
39	MvSl-1064-A1-R4_A1g00813	-4.65808164032089	1.00185200189731e-16
40	MvSl-1064-A1-R4_A1g00814	-1.67991222519754	1.10893558847672e-05
41	MvSl-1064-A1-R4_A1g00815	-2.83421330144872	4.62930487265096e-12
42	MvSl-1064-A1-R4_A1g00863	-0.995267580205455	0.00625871065318846
43	MvSl-1064-A1-R4_A1g00882	-0.802807947630281	0.0276848322429962
44	MvSl-1064-A1-R4_A1g00889	-1.37933510633139	0.000840954450559832
45	MvSl-1064-A1-R4_A1g00896	-7.05986470164199	6.49175484612873e-28
46	MvSl-1064-A1-R4_A1g00901	-4.73388695905651	3.48703094153392e-09
47	MvSl-1064-A1-R4_A1g00945	-1.37118776497032	0.0222967236670189
48	MvSl-1064-A1-R4_A1g01001	-2.93584381181655	1.67029619664341e-13
49	MvSl-1064-A1-R4_A1g01048	-6.16963545164856	1.84335396591656e-10
50	MvSl-1064-A1-R4_A1g01094	-2.55342431404733	0.0203463543525241
51	MvSl-1064-A1-R4_A1g01114	-6.21732844144153	1.37680424365897e-26
52	MvSl-1064-A1-R4_A1g01115	-7.55957586439427	3.62487845160365e-10
53	MvSl-1064-A1-R4_A1g01116	-3.81132963769245	1.02701249990114e-06
54	MvSl-1064-A1-R4_A1g01117	-7.87935117116414	3.62487845160365e-10
55	MvSl-1064-A1-R4_A1g01122	-5.78449608632904	0.000123596769834131
56	MvSl-1064-A1-R4_A1g01138	-3.77906775671959	3.10534143999029e-11
57	MvSl-1064-A1-R4_A1g01141	-1.5570220376899	0.00126815139968498
58	MvSl-1064-A1-R4_A1g01142	-2.78897400692536	1.67029619664341e-13
59	MvSl-1064-A1-R4_A1g01191	-1.2391072459406	0.00038848549145542
60	MvSl-1064-A1-R4_A1g01193	-0.788012968578303	0.0191072968620168
61	MvSl-1064-A1-R4_A1g01207	-3.712590814718	1.2321010926762e-09
62	MvSl-1064-A1-R4_A1g01221	-7.82583556115692	2.16570686544497e-30
63	MvSl-1064-A1-R4_A1g01233	-1.96349236321706	0.000195565795446538
64	MvSl-1064-A1-R4_A1g01248	-3.83630463737622	7.08488312652772e-07
65	MvSl-1064-A1-R4_A1g01249	-1.45795984439526	0.00468905463712178
66	MvSl-1064-A1-R4_A1g01284	-2.70935563392117	7.38505571194758e-11
67	MvSl-1064-A1-R4_A1g01301	-2.21308139327906	0.0032856190572157
68	MvSl-1064-A1-R4_A1g01306	-5.65445664206068	7.89828959018904e-40
69	MvSl-1064-A1-R4_A1g01307	-10.5187419535267	1.90474199499917e-68
70	MvSl-1064-A1-R4_A1g01308	-3.48597237044231	4.10652498377248e-12
71	MvSl-1064-A1-R4_A1g01323	-4.4446200542367	0.0218267947734826
72	MvSl-1064-A1-R4_A1g01329	-5.29904498204667	9.38824362176925e-19
73	MvSl-1064-A1-R4_A1g01370	-1.22029145463424	0.00571624430749821
74	MvSl-1064-A1-R4_A1g01371	-2.49216647894326	3.2229574164048e-11
75	MvSl-1064-A1-R4_A1g01400	-1.58095508740179	0.00543393680712367
76	MvSl-1064-A1-R4_A1g01423	-1.98077918355687	0.0218267947734826
77	MvSl-1064-A1-R4_A1g01430	-1.11642140475307	0.00134748756863142
