gene	logFC	FDR
1	MvSl-1064-A1-R4_A1g00101	2.38869020740723	2.22383616523019e-06
2	MvSl-1064-A1-R4_A1g00123	1.37492944410851	0.0455528197282221
3	MvSl-1064-A1-R4_A1g00124	2.91808978080335	2.96193984468038e-12
4	MvSl-1064-A1-R4_A1g00161	2.65855945836684	0.00854563251220957
5	MvSl-1064-A1-R4_A1g00173	6.81886381526398	1.24743371010314e-22
6	MvSl-1064-A1-R4_A1g00190	1.49263524774049	2.86190387573182e-05
7	MvSl-1064-A1-R4_A1g00198	1.13971565884694	0.00112140642806092
8	MvSl-1064-A1-R4_A1g00213	1.64788114061656	0.00751687055792197
9	MvSl-1064-A1-R4_A1g00219	1.72822666271228	1.3882672078353e-07
10	MvSl-1064-A1-R4_A1g00223	2.69419017346437	7.07482416302147e-06
11	MvSl-1064-A1-R4_A1g00234	1.17855566339197	0.013838312440255
12	MvSl-1064-A1-R4_A1g00239	1.44704030129832	0.000483584595826862
13	MvSl-1064-A1-R4_A1g00244	3.06780749146591	4.8827172581793e-13
14	MvSl-1064-A1-R4_A1g00282	7.50228147630891	1.24831447754545e-07
15	MvSl-1064-A1-R4_A1g00294	1.32495499791271	2.63067722598103e-05
16	MvSl-1064-A1-R4_A1g00301	2.27147686898869	0.00217529437030953
17	MvSl-1064-A1-R4_A1g00336	2.5873759141681	0.00637669725223791
18	MvSl-1064-A1-R4_A1g00338	2.49943071849659	0.00103741136645917
19	MvSl-1064-A1-R4_A1g00340	3.38578807299834	4.06981314548858e-14
20	MvSl-1064-A1-R4_A1g00342	0.948645751396169	0.00596751375468713
21	MvSl-1064-A1-R4_A1g00345	1.67786829465416	0.0463707404881433
22	MvSl-1064-A1-R4_A1g00355	2.44248571962405	5.13437094065145e-06
23	MvSl-1064-A1-R4_A1g00356	2.05342354854263	5.89835333588367e-06
24	MvSl-1064-A1-R4_A1g00387	2.85691918955063	5.44243113238988e-07
25	MvSl-1064-A1-R4_A1g00429	1.51321584918565	4.08276171227171e-05
26	MvSl-1064-A1-R4_A1g00435	1.01520811751322	0.00157338702350372
27	MvSl-1064-A1-R4_A1g00443	1.23941057305344	0.00028859672864774
28	MvSl-1064-A1-R4_A1g00454	2.68930939915542	5.63738389354051e-10
29	MvSl-1064-A1-R4_A1g00499	4.20105127225874	0.0461758034767613
30	MvSl-1064-A1-R4_A1g00545	1.67879026216046	0.000167679658688889
31	MvSl-1064-A1-R4_A1g00551	1.24235590277982	0.000159468811514515
32	MvSl-1064-A1-R4_A1g00557	5.49393662306637	5.68852641852321e-17
33	MvSl-1064-A1-R4_A1g00567	1.38636879634514	4.98554334854395e-06
34	MvSl-1064-A1-R4_A1g00574	2.53034347335137	2.77058812235432e-05
35	MvSl-1064-A1-R4_A1g00578	1.6715976187836	0.0024724881538972
36	MvSl-1064-A1-R4_A1g00582	1.880048551063	6.17961054311185e-06
37	MvSl-1064-A1-R4_A1g00600	2.34924257611769	0.0442803163209568
38	MvSl-1064-A1-R4_A1g00601	2.55093773342519	7.95916923122326e-06
39	MvSl-1064-A1-R4_A1g00620	1.05197259821658	0.00602011892109934
40	MvSl-1064-A1-R4_A1g00621	7.8063863149853	5.60135183928844e-23
41	MvSl-1064-A1-R4_A1g00622	3.26424940686167	4.90741086208034e-21
42	MvSl-1064-A1-R4_A1g00623	2.92809451053059	5.51589477987281e-13
43	MvSl-1064-A1-R4_A1g00628	1.71260804905545	7.61619761121594e-05
44	MvSl-1064-A1-R4_A1g00636	1.863811133835	1.03006082275103e-05
45	MvSl-1064-A1-R4_A1g00638	4.78228299333821	1.47636716382106e-06
46	MvSl-1064-A1-R4_A1g00659	1.66477566021732	0.000216040964159817
47	MvSl-1064-A1-R4_A1g00673	3.98827705691617	1.75060423898977e-11
48	MvSl-1064-A1-R4_A1g00676	1.62302019866615	4.92325172909145e-05
49	MvSl-1064-A1-R4_A1g00686	1.87338910273072	0.000209378063993535
50	MvSl-1064-A1-R4_A1g00688	2.51627900397989	4.95674019553045e-05
51	MvSl-1064-A1-R4_A1g00689	2.02590302727045	3.71665217727857e-09
52	MvSl-1064-A1-R4_A1g00690	1.63788018381045	3.25363166883024e-07
53	MvSl-1064-A1-R4_A1g00733	1.19982719960514	0.00580046149852276
54	MvSl-1064-A1-R4_A1g00748	1.03729197295759	0.00210478807543599
55	MvSl-1064-A1-R4_A1g00754	0.866255774363794	0.0313312182055328
56	MvSl-1064-A1-R4_A1g00762	1.7279184189228	0.00157338702350372
57	MvSl-1064-A1-R4_A1g00770	1.28983502384102	0.0485209521563428
58	MvSl-1064-A1-R4_A1g00815	2.32549472494223	5.44586401845758e-06
59	MvSl-1064-A1-R4_A1g00816	1.50281573911435	0.000623075366076597
60	MvSl-1064-A1-R4_A1g00824	1.43125899886263	0.000148638272521307
61	MvSl-1064-A1-R4_A1g00852	4.52288976639715	1.63861634117678e-07
62	MvSl-1064-A1-R4_A1g00865	1.66531800523172	0.000225433580044326
63	MvSl-1064-A1-R4_A1g00874	4.68107509862976	0.0192982970161601
64	MvSl-1064-A1-R4_A1g00875	2.49645989572844	0.0183156998093866
65	MvSl-1064-A1-R4_A1g00891	1.14556634359295	0.00126665685939806
66	MvSl-1064-A1-R4_A1g00904	3.0515204314896	0.0150325185946431
67	MvSl-1064-A1-R4_A1g00925	1.03722640177317	0.00795930707885977
68	MvSl-1064-A1-R4_A1g00926	1.20219322362413	0.00490368274908645
69	MvSl-1064-A1-R4_A1g00931	1.46728511688544	0.00637669725223791
70	MvSl-1064-A1-R4_A1g00932	2.70050636167239	0.0416326723795841
71	MvSl-1064-A1-R4_A1g00939	3.06145729890849	0.011086784806134
72	MvSl-1064-A1-R4_A1g00967	1.30690142160163	2.34626472700184e-05
73	MvSl-1064-A1-R4_A1g00994	3.01736752359337	0.000297158353573668
74	MvSl-1064-A1-R4_A1g00996	1.81833426336487	2.62594978823987e-07
75	MvSl-1064-A1-R4_A1g01034	2.3414039933538	4.88512962916371e-07
76	MvSl-1064-A1-R4_A1g01043	5.29382771189845	0.00203813531552932
77	MvSl-1064-A1-R4_A1g01044	2.49261860996247	0.0151023070792262
78	MvSl-1064-A1-R4_A1g01128	3.5260837086078	0.000148591733115802
79	MvSl-1064-A1-R4_A1g01140	7.34190206479271	1.02043500797209e-31
80	MvSl-1064-A1-R4_A1g01141	2.35225345663021	6.89069007910666e-06
81	MvSl-1064-A1-R4_A1g01179	2.67265231487372	1.57437528223159e-12
82	MvSl-1064-A1-R4_A1g01190	1.0462777584575	0.00237149343949114
83	MvSl-1064-A1-R4_A1g01192	1.23565175127315	0.0384169454619381
84	MvSl-1064-A1-R4_A1g01249	3.50574126708487	3.42536314931726e-12
85	MvSl-1064-A1-R4_A1g01273	1.06758576494305	0.00854563251220957
86	MvSl-1064-A1-R4_A1g01300	3.25555581998515	2.39902550819683e-10
87	MvSl-1064-A1-R4_A1g01305	1.85487248290536	1.81211667208096e-07
88	MvSl-1064-A1-R4_A1g01318	5.37415248465324	6.87901529906762e-12
89	MvSl-1064-A1-R4_A1g01329	4.20245188583984	0.0485209521563428
90	MvSl-1064-A1-R4_A1g01337	0.967935397539924	0.00357834702119601
91	MvSl-1064-A1-R4_A1g01338	1.02147452803843	0.00321989629753073
92	MvSl-1064-A1-R4_A1g01360	1.3183194103734	0.000979645318254639
93	MvSl-1064-A1-R4_A1g01370	1.89666303279261	6.0898894109205e-06
94	MvSl-1064-A1-R4_A1g01371	1.15890020717865	0.010303977865467
95	MvSl-1064-A1-R4_A1g01398	1.46273276770066	0.0250197122853224
96	MvSl-1064-A1-R4_A1g01401	10.2290379083054	3.0339450442957e-18
97	MvSl-1064-A1-R4_A1g01414	2.84769525250294	0.000172033991568526
