MvSl-1064-A1-R4_MC04-1g05292	MvSl-1064-A1-R4_MC04-2	-5.894656342	1.64E-75	2.290078551	2.094865753	7.629762849	8.393113044	DE	2.19247	8.01144
MvSl-1064-A1-R4_A1g00326	MvSl-1064-A1-R4_A1	-12.52043259	3.75E-68	-3.357020002	-3.357020002	5.035351226	5.287803045	DE	-3.35702	5.16158
MvSl-1064-A1-R4_A1g01220	MvSl-1064-A1-R4_A1	-3.433526337	2.92E-50	4.997561152	5.06128654	8.507443298	8.410262351	DE	5.02942	8.45885
MvSl-1064-A1-R4_MC01-2g02970	MvSl-1064-A1-R4_MC01-1	-6.834404007	1.48E-49	-0.246035122	-0.287932128	5.704755765	6.86810569	DE	-0.266984	6.28643
MvSl-1064-A1-R4_MC01-2g03006	MvSl-1064-A1-R4_MC01-1	-7.962724399	1.09E-45	-2.292558678	-2.745346744	4.251613754	4.548176599	DE	-2.51895	4.3999
MvSl-1064-A1-R4_MC09-2g09067	MvSl-1064-A1-R4_MC09-2	-5.754218814	9.63E-38	0.004299929	-0.589718073	4.835264594	5.688796353	DE	-0.292709	5.26203
MvSl-1064-A1-R4_MC07g07961	MvSl-1064-A1-R4_MC07	-4.098797133	2.96E-36	1.048338907	1.551873238	5.32389424	5.418367239	DE	1.30011	5.37113
MvSl-1064-A1-R4_A1g00835	MvSl-1064-A1-R4_A1	-4.211399549	2.53E-35	0.806199111	1.391091799	5.280483426	5.286114965	DE	1.09865	5.2833
MvSl-1064-A1-R4_MC06g07138	MvSl-1064-A1-R4_MC06	-4.461922418	1.89E-32	6.685646127	6.55685001	11.05038222	11.11551479	DE	6.62125	11.0829
MvSl-1064-A1-R4_MC01-1g01970	MvSl-1064-A1-R4_MC01-2	-2.966533646	2.17E-30	5.830965307	5.617844601	8.476334294	8.880687087	DE	5.7244	8.67851
MvSl-1064-A1-R4_A1g01162	MvSl-1064-A1-R4_A1	-5.466800161	3.84E-29	-0.793556811	-1.719121546	4.143936729	3.723398761	DE	-1.25634	3.93367
MvSl-1064-A1-R4_A1g01282	MvSl-1064-A1-R4_A1	-6.176567113	4.94E-28	-1.958076874	-2.317137056	3.322926294	3.323477676	DE	-2.13761	3.3232
MvSl-1064-A1-R4_MC01-1g02916	MvSl-1064-A1-R4_MC01-1	-10.9138206	2.18E-26	-3.357020002	-3.357020002	2.805916761	4.064029716	DE	-3.35702	3.43497
MvSl-1064-A1-R4_A1g01163	MvSl-1064-A1-R4_A1	-3.618098308	3.53E-26	1.349065323	1.177619195	4.773978154	4.887945952	DE	1.26334	4.83096
MvSl-1064-A1-R4_A1g00453	MvSl-1064-A1-R4_A1	-5.477788358	5.57E-23	-2.292558678	-1.493021282	3.024080756	3.156131455	DE	-1.89279	3.09011
MvSl-1064-A1-R4_MC14g11983	MvSl-1064-A1-R4_MC14	-4.626549293	7.20E-20	-0.93329249	-1.493021282	3.015959154	3.206977676	DE	-1.21316	3.11147
MvSl-1064-A1-R4_MC04-2g06086	MvSl-1064-A1-R4_MC05-1	-2.050213059	1.02E-19	4.938650679	5.302673537	7.063987992	7.28678654	DE	5.12066	7.17539
MvSl-1064-A1-R4_MC10-2g09886	MvSl-1064-A1-R4_MC10-2	-1.847299065	3.11E-19	5.065677239	5.022926363	6.859629072	6.917464002	DE	5.0443	6.88855
MvSl-1064-A1-R4_MC05-3g06731	MvSl-1064-A1-R4_MC05-3	-2.331804709	1.79E-18	3.549406263	4.001951107	6.027154375	6.203445007	DE	3.77568	6.1153
MvSl-1064-A1-R4_MC11g10730	MvSl-1064-A1-R4_MC12	-3.427925512	8.51E-18	0.403304404	0.88733691	3.856198929	4.163004071	DE	0.645321	4.0096
MvSl-1064-A1-R4_MC01-1g02885	MvSl-1064-A1-R4_MC01-1	-9.036583209	1.29E-16	-3.357020002	-3.357020002	1.616276656	1.817132358	DE	-3.35702	1.7167
MvSl-1064-A1-R4_MC15g12148	MvSl-1064-A1-R4_MC16	-6.841667516	1.13E-15	-2.728764869	-3.357020002	1.658626442	2.149732527	DE	-3.04289	1.90418
MvSl-1064-A1-R4_MC03g05222	MvSl-1064-A1-R4_MC03	-2.473053475	3.25E-15	2.674020961	2.434458944	5.078884456	4.944689017	DE	2.55424	5.01179
MvSl-1064-A1-R4_MC11g10576	MvSl-1064-A1-R4_MC11	-5.186088066	1.83E-14	-0.93329249	-3.357020002	2.431555394	3.400393005	DE	-2.14516	2.91597
MvSl-1064-A1-R4_MC01-1g02734	MvSl-1064-A1-R4_MC01-1	-2.267291134	7.56E-14	2.709694047	2.870340981	5.082777651	5.005453072	DE	2.79002	5.04412
MvSl-1064-A1-R4_MC04-1g06069	MvSl-1064-A1-R4_MC04-1	-2.352149863	1.55E-13	2.36656505	2.565830449	4.795488584	4.810207608	DE	2.4662	4.80285
MvSl-1064-A1-R4_MC02g03891	MvSl-1064-A1-R4_MC02	-1.868856006	3.54E-13	5.11750274	4.893834955	6.547332142	7.143113369	DE	5.00567	6.84522
MvSl-1064-A1-R4_A1g00959	MvSl-1064-A1-R4_A1	-1.929359364	7.97E-13	3.722366944	3.704060961	5.727315229	5.536670654	DE	3.71321	5.63199
MvSl-1064-A1-R4_MC05-1g06209	MvSl-1064-A1-R4_MC05-1	-3.931744769	1.51E-12	-1.088028472	-1.493021282	2.235656914	2.394992591	DE	-1.29052	2.31532
MvSl-1064-A1-R4_A1g01038	MvSl-1064-A1-R4_A1	-2.448049044	1.54E-12	5.878757188	6.776205234	9.074484868	8.567232967	DE	6.32748	8.82086
MvSl-1064-A1-R4_MC04-1g05826	MvSl-1064-A1-R4_MC04-1	-3.740847783	1.81E-12	-1.458435449	-0.19990251	3.024080756	2.626064894	DE	-0.829169	2.82507
MvSl-1064-A1-R4_MC10-1g09833	MvSl-1064-A1-R4_MC10-1	-1.537434242	9.66E-12	5.063381169	5.361725911	6.703405305	6.805849697	DE	5.21255	6.75463
MvSl-1064-A1-R4_MC09-2g09541	MvSl-1064-A1-R4_MC09-2	-1.582185073	1.05E-11	6.225327643	5.951565825	7.494557259	7.836697684	DE	6.08845	7.66563
MvSl-1064-A1-R4_MC02g03606	MvSl-1064-A1-R4_MC02	-1.571618651	1.80E-11	6.65547626	6.511120036	8.268363983	8.0336559	DE	6.5833	8.15101
MvSl-1064-A1-R4_A1g00956	MvSl-1064-A1-R4_A1	-1.568578928	2.18E-11	4.82397341	5.182935099	6.601932869	6.559114882	DE	5.00345	6.58052
MvSl-1064-A1-R4_MC16g12196	MvSl-1064-A1-R4_MC17	-1.654295179	4.52E-11	4.307654374	4.184763328	5.880544292	5.913170325	DE	4.24621	5.89686
MvSl-1064-A1-R4_A1g01515	MvSl-1064-A1-R4_A1	-1.618544025	1.32E-10	4.832088603	4.438985482	6.223313518	6.302793667	DE	4.63554	6.26305
MvSl-1064-A1-R4_MC01-1g02912	MvSl-1064-A1-R4_MC01-1	-3.208883457	1.46E-10	-0.666168435	-0.038483768	2.514602776	2.932674515	DE	-0.352326	2.72364
MvSl-1064-A1-R4_MC10-1g09854	MvSl-1064-A1-R4_MC10-1	-4.099725871	2.38E-10	-3.357020002	-0.706185577	2.330393937	2.104473194	DE	-2.0316	2.21743
MvSl-1064-A1-R4_MC06g06907	MvSl-1064-A1-R4_MC06	-1.636579481	2.87E-10	4.681533184	4.354282256	5.96839273	6.328443926	DE	4.51791	6.14842
MvSl-1064-A1-R4_MC04-1g05282	MvSl-1064-A1-R4_MC04-1	-5.21727399	3.29E-10	-2.728764869	-2.745346744	1.106030655	1.252011589	DE	-2.73706	1.17902
MvSl-1064-A1-R4_MC05-2g06412	MvSl-1064-A1-R4_MC05-2	-1.975498848	4.23E-10	3.227203374	2.949470123	4.882932274	5.215145866	DE	3.08834	5.04904
MvSl-1064-A1-R4_MC13g11715	MvSl-1064-A1-R4_MC14	-1.388354126	5.24E-10	5.211741514	5.454508252	6.779138971	6.668118565	DE	5.33312	6.72363
MvSl-1064-A1-R4_MC03g04909	MvSl-1064-A1-R4_MC03	-2.162625369	5.27E-10	2.158583424	2.0596307	4.24815104	4.248704991	DE	2.10911	4.24843
MvSl-1064-A1-R4_MC14g11804	MvSl-1064-A1-R4_MC14	-1.719539125	3.74E-09	7.372230218	7.581554695	9.355006682	9.025694256	DE	7.47689	9.19035
MvSl-1064-A1-R4_MC07g08004	MvSl-1064-A1-R4_MC07	-2.066051918	9.29E-09	4.386915787	3.681059589	5.65332363	6.497718483	DE	4.03399	6.07552
MvSl-1064-A1-R4_MC04-1g05832	MvSl-1064-A1-R4_MC04-1	-6.360765044	4.87E-08	0.515056251	-3.357020002	4.039638425	6.55140605	DE	-1.42098	5.29552
MvSl-1064-A1-R4_MC11g10255	MvSl-1064-A1-R4_MC11	-1.515490835	1.25E-07	5.238446202	5.464645585	7.194305845	6.449516311	DE	5.35155	6.82191
MvSl-1064-A1-R4_MC11g10201	MvSl-1064-A1-R4_MC11	-2.876708525	2.16E-07	-0.246035122	-1.125522191	2.00891518	2.119717945	DE	-0.685779	2.06432
MvSl-1064-A1-R4_A1g01045	MvSl-1064-A1-R4_A1	-2.985027906	2.49E-07	-0.246035122	0.416209415	2.277022511	3.479335937	DE	0.0850871	2.87818
MvSl-1064-A1-R4_MC11g10722	MvSl-1064-A1-R4_MC12	-1.583339112	2.60E-07	4.112697499	4.324905467	6.075823622	5.462381334	DE	4.2188	5.7691
MvSl-1064-A1-R4_A1g01347	MvSl-1064-A1-R4_A1	-1.100869854	3.12E-07	6.330273238	6.201345928	7.304682668	7.427044842	DE	6.26581	7.36586
MvSl-1064-A1-R4_MC11g10627	MvSl-1064-A1-R4_MC11	-2.115657648	3.46E-07	1.155698464	1.333253455	3.1481685	3.47341442	DE	1.24448	3.31079
MvSl-1064-A1-R4_MC10-1g09730	MvSl-1064-A1-R4_MC10-2	-1.675891802	4.45E-07	3.382621807	3.290722153	4.729970553	5.234531621	DE	3.33667	4.98225
MvSl-1064-A1-R4_MC06g07102	MvSl-1064-A1-R4_MC06	-2.263685807	4.97E-07	1.010700459	0.623448787	2.815307064	3.22118199	DE	0.817075	3.01824
MvSl-1064-A1-R4_MC10-2g10132	MvSl-1064-A1-R4_MC11	-1.296467973	2.51E-06	5.556774421	5.092128944	6.400652043	6.840767472	DE	5.32445	6.62071
MvSl-1064-A1-R4_MC01-1g02725	MvSl-1064-A1-R4_MC01-1	-1.359295459	4.62E-06	3.845065665	3.84524514	5.061233885	5.324449695	DE	3.84516	5.19284
MvSl-1064-A1-R4_MC02g03352	MvSl-1064-A1-R4_MC02	-1.013747337	6.90E-06	6.416452992	6.562367335	7.510903659	7.497668739	DE	6.48941	7.50429
MvSl-1064-A1-R4_MC04-1g05858	MvSl-1064-A1-R4_MC04-1	-1.283329854	9.01E-06	4.062996283	4.279687299	5.466303226	5.44281675	DE	4.17134	5.45456
MvSl-1064-A1-R4_MC08g08369	MvSl-1064-A1-R4_MC08	-1.869330153	1.18E-05	2.548306772	1.909397736	3.800549893	4.368406569	DE	2.22885	4.08448
MvSl-1064-A1-R4_MC09-2g09566	MvSl-1064-A1-R4_MC10-2	-3.143776031	1.54E-05	-2.728764869	-0.971797914	1.043481563	1.252011589	DE	-1.85028	1.14775
MvSl-1064-A1-R4_A1g00804	MvSl-1064-A1-R4_A1	-2.267327395	1.73E-05	0.618770606	0.035922101	2.193070165	2.815856156	DE	0.327346	2.50446
MvSl-1064-A1-R4_MC04-1g06041	MvSl-1064-A1-R4_MC04-1	-1.26792222	1.73E-05	4.678535889	4.23695421	5.82235573	5.649947011	DE	4.45775	5.73615
MvSl-1064-A1-R4_MC01-1g02827	MvSl-1064-A1-R4_MC01-1	-3.39796683	2.01E-05	-2.292558678	-1.719121546	0.460710554	1.166512797	DE	-2.00584	0.813612
MvSl-1064-A1-R4_MC02g03373	MvSl-1064-A1-R4_MC02	-1.549954537	2.81E-05	2.453298076	2.406685599	3.952960847	3.974629006	DE	2.42999	3.96379
MvSl-1064-A1-R4_MC11g10346	MvSl-1064-A1-R4_MC11	-2.317300325	4.51E-05	1.048338907	0.359389254	2.343433895	3.443436684	DE	0.703864	2.89344
MvSl-1064-A1-R4_MC01-2g03005	MvSl-1064-A1-R4_MC01-1	-1.193137545	4.98E-05	7.023484449	6.629985856	7.757035223	8.263783523	DE	6.82674	8.01041
MvSl-1064-A1-R4_MC08g08762	MvSl-1064-A1-R4_MC08	-1.025931299	5.36E-05	5.42884241	5.349013161	6.252122332	6.559114882	DE	5.38893	6.40562
MvSl-1064-A1-R4_MC09-2g09545	MvSl-1064-A1-R4_MC09-2	-1.064109719	0.000135231	4.903141546	4.701509169	5.744620797	5.980476576	DE	4.80233	5.86255
MvSl-1064-A1-R4_A1g00246	MvSl-1064-A1-R4_A1	-0.870177676	0.00016678	5.890461818	5.808994983	6.688152922	6.749999634	DE	5.84973	6.71908
MvSl-1064-A1-R4_MC02g03274	MvSl-1064-A1-R4_MC02	-1.556238697	0.000170716	1.91548532	2.195684318	3.424594666	3.753030379	DE	2.05558	3.58881
MvSl-1064-A1-R4_A1g00929	MvSl-1064-A1-R4_A1	-2.777924797	0.000195103	-2.292558678	-0.971797914	0.909608341	0.978626451	DE	-1.63218	0.944117
MvSl-1064-A1-R4_MC02g03205	MvSl-1064-A1-R4_MC02	-0.991156642	0.000298136	5.513697415	5.688746164	6.345818434	6.805260514	DE	5.60122	6.57554
MvSl-1064-A1-R4_MC05-3g06790	MvSl-1064-A1-R4_MC05-3	-1.170169788	0.00032796	4.536775267	4.074351269	5.613509339	5.355366827	DE	4.30556	5.48444
MvSl-1064-A1-R4_A1g00970	MvSl-1064-A1-R4_A1	-0.873348638	0.00037769	6.108808766	6.446948713	7.149069961	7.171736128	DE	6.27788	7.1604
MvSl-1064-A1-R4_A1g01376	MvSl-1064-A1-R4_A1	-0.9329166	0.000400138	6.473768671	6.280948513	7.075756604	7.516148189	DE	6.37736	7.29595
MvSl-1064-A1-R4_MC11g10630	MvSl-1064-A1-R4_MC11	-1.989496931	0.000476729	0.715526455	1.333253455	3.430717201	2.382407548	DE	1.02439	2.90656
MvSl-1064-A1-R4_MC12g10779	MvSl-1064-A1-R4_MC12	-1.353987494	0.000808584	4.980626001	4.522229358	5.503084747	6.55140605	DE	4.75143	6.02725
MvSl-1064-A1-R4_MC03g04539	MvSl-1064-A1-R4_MC03	-2.032831905	0.001006361	0.972053696	0.470876269	1.992452877	3.192632118	DE	0.721465	2.59254
MvSl-1064-A1-R4_MC15g12133	MvSl-1064-A1-R4_MC15	-1.671400763	0.001313841	0.849484255	1.303440845	2.957790562	2.444262849	DE	1.07646	2.70103
MvSl-1064-A1-R4_MC09-2g09380	MvSl-1064-A1-R4_MC09-2	-1.271449075	0.00132666	4.326924894	4.006584135	4.967484652	5.799436125	DE	4.16675	5.38346
MvSl-1064-A1-R4_MC13g11418	MvSl-1064-A1-R4_MC13	-1.329352966	0.001341074	2.36656505	2.420639103	3.575899836	3.8291957	DE	2.3936	3.70255
MvSl-1064-A1-R4_MC10-1g09727	MvSl-1064-A1-R4_MC10-2	-0.974000633	0.00138934	4.66345529	4.449232089	5.520412246	5.542338644	DE	4.55634	5.53138
MvSl-1064-A1-R4_MC16g12190	MvSl-1064-A1-R4_MC16	-1.140615839	0.001420173	3.447446227	3.5475465	4.611000573	4.654057909	DE	3.4975	4.63253
MvSl-1064-A1-R4_MC01-1g02764	MvSl-1064-A1-R4_MC01-1	-0.967982214	0.00142774	7.64559789	7.456760883	8.383904686	8.647819921	DE	7.55118	8.51586
MvSl-1064-A1-R4_A1g01432	MvSl-1064-A1-R4_A1	-1.159635395	0.001468951	4.397891564	3.737889705	5.349973529	5.164591801	DE	4.06789	5.25728
MvSl-1064-A1-R4_MC10-1g09732	MvSl-1064-A1-R4_MC10-2	-1.143802708	0.001505284	3.866295222	4.104918556	4.830641585	5.377731261	DE	3.98561	5.10419
MvSl-1064-A1-R4_MC04-1g05424	MvSl-1064-A1-R4_MC04-1	-2.023845752	0.001677714	-0.666168435	-0.381684149	1.195045959	1.50515924	DE	-0.523926	1.3501
MvSl-1064-A1-R4_MC11g10654	MvSl-1064-A1-R4_MC11	-1.724472199	0.001893006	1.378915748	0.574362493	2.406922235	2.95834038	DE	0.976639	2.68263
MvSl-1064-A1-R4_MC01-1g02046	MvSl-1064-A1-R4_MC01-2	-1.334822507	0.002006165	2.732995298	2.349481544	3.677225409	4.048181704	DE	2.54124	3.8627
MvSl-1064-A1-R4_MC06g07191	MvSl-1064-A1-R4_MC06	-1.254968644	0.002092458	4.595161408	4.36153393	5.164036505	6.142244175	DE	4.47835	5.65314
MvSl-1064-A1-R4_A1g00718	MvSl-1064-A1-R4_A1	-1.039972343	0.002297712	4.440978238	4.779377251	5.879425609	5.39506329	DE	4.61018	5.63724
MvSl-1064-A1-R4_MC01-1g02779	MvSl-1064-A1-R4_MC01-1	-0.828548762	0.002607041	5.306038384	5.44771024	6.209135778	6.202550388	DE	5.37687	6.20584
MvSl-1064-A1-R4_MC02g04109	MvSl-1064-A1-R4_MC02	-1.274375465	0.00273754	3.322448313	2.900525286	4.110001574	4.627640785	DE	3.11149	4.36882
MvSl-1064-A1-R4_MC04-1g05592	MvSl-1064-A1-R4_MC04-1	-0.996261031	0.002778796	4.081268173	4.240891765	5.278787409	5.021774794	DE	4.16108	5.15028
MvSl-1064-A1-R4_MC04-1g06004	MvSl-1064-A1-R4_MC04-1	-1.418219951	0.002997146	1.672003305	1.577010635	2.815307064	3.192632118	DE	1.62451	3.00397
MvSl-1064-A1-R4_MC10-2g10050	MvSl-1064-A1-R4_MC10-1	-0.855587675	0.002997146	6.976667507	6.580348545	7.709669991	7.581606331	DE	6.77851	7.64564
MvSl-1064-A1-R4_MC13g11714	MvSl-1064-A1-R4_MC14	-1.092109818	0.003228497	4.338364851	3.945162238	4.967484652	5.474290521	DE	4.14176	5.22089
MvSl-1064-A1-R4_MC03g04879	MvSl-1064-A1-R4_MC03	-2.249655847	0.003512814	-0.666168435	-1.493021282	0.597616729	1.306319565	DE	-1.07959	0.951968
MvSl-1064-A1-R4_MC05-2g06461	MvSl-1064-A1-R4_MC05-3	-1.387624162	0.003766631	1.719439276	2.005110088	2.983007674	3.449482271	DE	1.86227	3.21624
MvSl-1064-A1-R4_MC11g10575	MvSl-1064-A1-R4_MC11	-2.345213867	0.003926097	-0.549121357	-1.987362992	0.597616729	1.306319565	DE	-1.26824	0.951968
MvSl-1064-A1-R4_MC03g04959	MvSl-1064-A1-R4_MC03	-2.185827391	0.003930885	-1.686733609	-0.589718073	0.944259164	0.910136229	DE	-1.13823	0.927198
MvSl-1064-A1-R4_MC10-2g09942	MvSl-1064-A1-R4_MC10-1	-0.840044849	0.004125689	6.328362172	6.478974451	6.956699195	7.48521628	DE	6.40367	7.22096
MvSl-1064-A1-R4_MC01-1g02787	MvSl-1064-A1-R4_MC01-1	-1.959306133	0.004214429	-0.157674885	-0.116936734	1.136316797	2.119717945	DE	-0.137306	1.62802
MvSl-1064-A1-R4_MC11g10248	MvSl-1064-A1-R4_MC11	-1.123340919	0.00427531	3.080507787	3.267748064	4.289164968	4.296442725	DE	3.17413	4.2928
MvSl-1064-A1-R4_MC02g03922	MvSl-1064-A1-R4_MC02	-1.256207955	0.004485541	3.977782082	3.08706654	4.694789536	4.988944583	DE	3.53242	4.84187
MvSl-1064-A1-R4_MC05-3g06591	MvSl-1064-A1-R4_MC05-3	-0.741328641	0.004499879	5.67878711	5.786272672	6.472149817	6.475671266	DE	5.73253	6.47391
MvSl-1064-A1-R4_MC01-1g02924	MvSl-1064-A1-R4_MC01-1	-2.590604926	0.004612151	-3.357020002	-0.706185577	0.553409308	0.944787738	DE	-2.0316	0.749099
MvSl-1064-A1-R4_MC01-1g02753	MvSl-1064-A1-R4_MC01-1	-1.258587765	0.004637334	2.574341263	2.578332886	3.548008648	4.052160057	DE	2.57634	3.80008
MvSl-1064-A1-R4_MC13g11325	MvSl-1064-A1-R4_MC13	-0.951850955	0.004844091	4.455059175	4.252640358	5.169538521	5.430643788	DE	4.35385	5.30009
MvSl-1064-A1-R4_MC01-2g02957	MvSl-1064-A1-R4_MC01-1	-1.782542131	0.004851522	0.403304404	0.470876269	2.548781409	1.595165087	DE	0.43709	2.07197
MvSl-1064-A1-R4_MC10-2g10037	MvSl-1064-A1-R4_MC10-1	-0.772699484	0.005375297	5.843062519	5.588787667	6.394400298	6.585432857	DE	5.71593	6.48992
MvSl-1064-A1-R4_MC14g11916	MvSl-1064-A1-R4_MC14	-0.960056913	0.005375297	4.372150305	4.313733099	5.47225165	5.104559663	DE	4.34294	5.28841
MvSl-1064-A1-R4_MC12g11020	MvSl-1064-A1-R4_MC12	-0.751989496	0.00585468	6.043910657	6.349109991	6.920719057	6.990288188	DE	6.19651	6.9555
MvSl-1064-A1-R4_MC11g10369	MvSl-1064-A1-R4_MC11	-0.994440395	0.00609893	4.92353937	4.260419934	5.526142138	5.710355326	DE	4.59198	5.61825
MvSl-1064-A1-R4_MC06g07471	MvSl-1064-A1-R4_MC06	-1.298951371	0.006453122	2.305703696	2.112165742	3.177591675	3.753030379	DE	2.20893	3.46531
MvSl-1064-A1-R4_A1g00923	MvSl-1064-A1-R4_A1	-1.149396742	0.006582059	3.367812086	2.849861458	4.237712749	4.306469921	DE	3.10884	4.27209
MvSl-1064-A1-R4_MC04-1g05801	MvSl-1064-A1-R4_MC04-1	-1.295875142	0.006786283	2.649739241	3.663564657	4.608302116	4.452084918	DE	3.15665	4.53019
MvSl-1064-A1-R4_MC05-1g06258	MvSl-1064-A1-R4_MC05-1	-1.149617132	0.006786283	2.844169972	3.006092953	4.223676497	3.892693591	DE	2.92513	4.05819
MvSl-1064-A1-R4_MC11g10628	MvSl-1064-A1-R4_MC11	-1.940425889	0.007213455	-0.793556811	-0.832887675	0.874104747	1.011689625	DE	-0.813222	0.942897
MvSl-1064-A1-R4_MC12g10792	MvSl-1064-A1-R4_MC12	-0.968515183	0.007213455	8.088205497	8.337967633	9.281853781	9.085027237	DE	8.21309	9.18344
MvSl-1064-A1-R4_MC10-2g09980	MvSl-1064-A1-R4_MC10-1	-1.133289565	0.007293325	2.896701389	2.742862028	3.865268598	4.020021746	DE	2.81978	3.94265
MvSl-1064-A1-R4_MC01-2g03146	MvSl-1064-A1-R4_MC02	-0.8464695	0.007674289	5.474488207	5.139301495	5.983048676	6.320219372	DE	5.30689	6.15163
MvSl-1064-A1-R4_MC05-2g06485	MvSl-1064-A1-R4_MC05-2	-1.656192403	0.007674289	0.618770606	-0.038483768	1.679344092	2.104473194	DE	0.290143	1.89191
MvSl-1064-A1-R4_MC04-1g05942	MvSl-1064-A1-R4_MC04-1	-0.753476185	0.007859712	5.74475322	5.479719263	6.43608314	6.301958598	DE	5.61224	6.36902
MvSl-1064-A1-R4_MC03g05112	MvSl-1064-A1-R4_MC03	-0.765743954	0.008537426	5.21588224	5.225287675	6.011921333	5.957327915	DE	5.22058	5.98462
MvSl-1064-A1-R4_MC10-2g10116	MvSl-1064-A1-R4_MC11	-0.891002969	0.008919881	4.92353937	5.464645585	6.257299048	5.94347251	DE	5.19409	6.10039
MvSl-1064-A1-R4_MC12g11112	MvSl-1064-A1-R4_MC12	-1.576709108	0.008919881	8.538948452	9.531731762	11.11400715	10.10406699	DE	9.03534	10.609
MvSl-1064-A1-R4_MC04-1g05308	MvSl-1064-A1-R4_MC04-1	-0.991807878	0.008948092	3.594628929	3.850408806	4.785967965	4.640909811	DE	3.72252	4.71344
MvSl-1064-A1-R4_MC07g08249	MvSl-1064-A1-R4_MC08	-1.903414504	0.010584503	-0.34016225	-0.971797914	0.80036376	1.384130738	DE	-0.65598	1.09225
MvSl-1064-A1-R4_MC08g08472	MvSl-1064-A1-R4_MC08	-0.799902044	0.01066119	5.603351594	5.246985895	6.092332419	6.364085109	DE	5.42517	6.22821
MvSl-1064-A1-R4_A1g01358	MvSl-1064-A1-R4_A1	-1.310742222	0.011190976	1.349065323	1.333253455	2.614801414	2.626064894	DE	1.34116	2.62043
MvSl-1064-A1-R4_MC08g08445	MvSl-1064-A1-R4_MC08	-0.798314109	0.011293116	4.799350293	4.966973275	5.695886481	5.668206965	DE	4.88316	5.68205
MvSl-1064-A1-R4_MC02g03617	MvSl-1064-A1-R4_MC02	-0.849481762	0.011494197	4.80485853	4.729804104	5.783413822	5.424518572	DE	4.76733	5.60397
MvSl-1064-A1-R4_MC02g03515	MvSl-1064-A1-R4_MC02	-0.867009653	0.012645902	4.139102481	4.233005878	4.994602318	5.104559663	DE	4.18605	5.04958
MvSl-1064-A1-R4_MC01-1g02769	MvSl-1064-A1-R4_MC01-1	-1.02544667	0.013116405	3.426160092	3.371962378	4.255068177	4.564980436	DE	3.39906	4.41002
MvSl-1064-A1-R4_MC02g03327	MvSl-1064-A1-R4_MC02	-1.013847502	0.013259891	3.87679399	4.60704544	5.149261046	5.433696671	DE	4.24192	5.29148
MvSl-1064-A1-R4_MC01-1g02805	MvSl-1064-A1-R4_MC01-1	-1.939109554	0.013670884	0.004299929	0.106678021	0.944259164	2.468281019	DE	0.055489	1.70627
MvSl-1064-A1-R4_MC01-1g01957	MvSl-1064-A1-R4_MC01-2	-0.738982325	0.013856551	6.630102205	6.387802672	7.022024983	7.450972341	DE	6.50895	7.2365
MvSl-1064-A1-R4_MC02g04224	MvSl-1064-A1-R4_MC03	-1.165037482	0.013939216	5.019046832	4.056588995	5.367633429	6.09770823	DE	4.53782	5.73267
MvSl-1064-A1-R4_MC05-3g06760	MvSl-1064-A1-R4_MC05-3	-2.341356549	0.013939216	-0.93329249	-1.719121546	-0.120970938	1.33272568	DE	-1.32621	0.605877
MvSl-1064-A1-R4_MC03g04423	MvSl-1064-A1-R4_MC03	-0.717472941	0.014443385	6.973613967	7.149453936	7.770675288	7.791899315	DE	7.06153	7.78129
MvSl-1064-A1-R4_MC10-2g10108	MvSl-1064-A1-R4_MC10-2	-0.909026835	0.015761008	4.55976259	4.482871193	5.126810192	5.677251	DE	4.52132	5.40203
MvSl-1064-A1-R4_A1g00112	MvSl-1064-A1-R4_A1	-1.252868453	0.015981452	2.637443386	1.806881504	3.393586075	3.630667327	DE	2.22216	3.51213
MvSl-1064-A1-R4_MC06g06943	MvSl-1064-A1-R4_MC06	-0.800764683	0.015981452	5.300200125	5.658154565	6.481764677	6.068544923	DE	5.47918	6.27515
MvSl-1064-A1-R4_MC11g10517	MvSl-1064-A1-R4_MC11	-0.691713662	0.016134397	6.589190525	6.195270961	7.064480272	7.128115119	DE	6.39223	7.0963
MvSl-1064-A1-R4_A1g00854	MvSl-1064-A1-R4_A1	-0.781634241	0.016791104	7.634040342	7.373125538	8.393536269	8.180136941	DE	7.50358	8.28684
MvSl-1064-A1-R4_MC11g10231	MvSl-1064-A1-R4_MC11	-1.28712	0.017274301	1.189780108	1.272999149	2.406922235	2.560544285	DE	1.23139	2.48373
MvSl-1064-A1-R4_MC05-2g06481	MvSl-1064-A1-R4_MC05-2	-0.948524294	0.017549479	4.35347837	3.964341312	4.851329455	5.340804427	DE	4.15891	5.09607
MvSl-1064-A1-R4_A1g00648	MvSl-1064-A1-R4_A1	-0.64351508	0.018362123	6.127612378	6.074702649	6.727229898	6.760979396	DE	6.10116	6.7441
MvSl-1064-A1-R4_MC08g08498	MvSl-1064-A1-R4_MC08	-1.020494813	0.018510693	8.087358237	8.54939151	9.595223075	9.071738434	DE	8.31837	9.33348
MvSl-1064-A1-R4_MC07g07964	MvSl-1064-A1-R4_MC07	-1.666841398	0.020173665	-0.246035122	0.035922101	1.778691564	1.075626088	DE	-0.105057	1.42716
MvSl-1064-A1-R4_MC03g04831	MvSl-1064-A1-R4_MC03	-1.046417871	0.020383636	2.80072266	3.113078336	4.086926405	3.914710726	DE	2.9569	4.00082
MvSl-1064-A1-R4_MC14g11962	MvSl-1064-A1-R4_MC14	-1.007363758	0.021920434	3.588254691	3.188412851	4.24815104	4.542531543	DE	3.38833	4.39534
MvSl-1064-A1-R4_MC04-1g05677	MvSl-1064-A1-R4_MC04-1	-0.973365372	0.022436239	4.791048304	4.962211066	5.318951452	6.237909375	DE	4.87663	5.77843
MvSl-1064-A1-R4_MC03g04760	MvSl-1064-A1-R4_MC03	-0.875667489	0.022592811	3.902711439	4.23695421	5.049345715	4.847312642	DE	4.06983	4.94833
MvSl-1064-A1-R4_MC06g07420	MvSl-1064-A1-R4_MC06	-1.214775579	0.022592811	1.622954452	2.0596307	2.824636641	3.249177827	DE	1.84129	3.03691
MvSl-1064-A1-R4_MC01-2g03070	MvSl-1064-A1-R4_MC01-1	-0.907754983	0.023198243	3.638477024	3.875953499	4.648258396	4.682568732	DE	3.75722	4.66541
MvSl-1064-A1-R4_MC11g10629	MvSl-1064-A1-R4_MC11	-1.551617205	0.023318432	-0.074415509	0.88733691	2.207405882	1.700308521	DE	0.406461	1.95386
MvSl-1064-A1-R4_MC01-1g02422	MvSl-1064-A1-R4_MC01-1	-1.308367889	0.023430663	1.874163783	1.47372115	2.548781409	3.296900174	DE	1.67394	2.92284
MvSl-1064-A1-R4_MC04-1g05982	MvSl-1064-A1-R4_MC04-1	-1.44319894	0.023446345	1.994738801	1.391091799	2.491358723	3.587459353	DE	1.69292	3.03941
MvSl-1064-A1-R4_MC03g04424	MvSl-1064-A1-R4_MC03	-1.088173939	0.023782788	2.481087819	2.227783396	3.316327704	3.542917263	DE	2.35444	3.42962
MvSl-1064-A1-R4_MC03g05070	MvSl-1064-A1-R4_MC03	-2.332226538	0.023782788	0.460262101	-2.745346744	1.550325692	1.992996033	DE	-1.14254	1.77166
MvSl-1064-A1-R4_MC10-2g09873	MvSl-1064-A1-R4_MC10-1	-0.742634868	0.024514982	5.095198299	5.23913334	5.707279863	6.088052482	DE	5.16717	5.89767
MvSl-1064-A1-R4_MC13g11584	MvSl-1064-A1-R4_MC13	-0.897711895	0.024514982	3.722366944	4.151681442	4.84675772	4.847312642	DE	3.93702	4.84704
MvSl-1064-A1-R4_MC14g11775	MvSl-1064-A1-R4_MC14	-0.87259249	0.024514982	4.345941401	4.029528692	4.869472887	5.238028487	DE	4.18774	5.05375
MvSl-1064-A1-R4_MC08g08447	MvSl-1064-A1-R4_MC08	-1.084321148	0.025210135	3.168594275	2.651154226	3.809975079	4.181283103	DE	2.90987	3.99563
MvSl-1064-A1-R4_MC11g10175	MvSl-1064-A1-R4_MC11	-0.885826768	0.026956357	3.977782082	3.715425574	4.76915419	4.697885833	DE	3.8466	4.73352
MvSl-1064-A1-R4_MC09-2g09506	MvSl-1064-A1-R4_MC09-2	-1.051476241	0.027960175	2.778498282	2.880472747	3.619433654	4.087480019	DE	2.82949	3.85346
MvSl-1064-A1-R4_MC13g11692	MvSl-1064-A1-R4_MC13	-0.758477434	0.029220739	4.75451051	4.921084758	5.470766842	5.712870625	DE	4.8378	5.59182
MvSl-1064-A1-R4_MC10-2g09962	MvSl-1064-A1-R4_MC10-1	-1.072937075	0.029245966	2.242161338	2.349481544	3.21354636	3.485233248	DE	2.29582	3.34939
MvSl-1064-A1-R4_MC09-2g09527	MvSl-1064-A1-R4_MC09-2	-0.65887378	0.029657375	6.149425003	5.990675479	6.557160103	6.884932691	DE	6.07005	6.72105
MvSl-1064-A1-R4_MC11g10335	MvSl-1064-A1-R4_MC11	-0.695343065	0.03036358	6.958248561	6.566295403	7.373043845	7.561511489	DE	6.76227	7.46728
MvSl-1064-A1-R4_A1g00241	MvSl-1064-A1-R4_A1	-0.662073361	0.031128913	7.209927458	7.202409537	7.936096926	7.79635333	DE	7.20617	7.86623
MvSl-1064-A1-R4_MC06g07527	MvSl-1064-A1-R4_MC07	-0.873800661	0.031917205	5.033194886	5.767287674	6.543099576	6.053739179	DE	5.40024	6.29842
MvSl-1064-A1-R4_MC02g03288	MvSl-1064-A1-R4_MC02	-0.937752502	0.03192369	3.283524154	3.428299003	4.166124668	4.403085649	DE	3.35591	4.28461
MvSl-1064-A1-R4_MC01-1g02628	MvSl-1064-A1-R4_MC01-1	-0.682538115	0.032703498	7.250355597	7.157808649	7.734939278	8.024573012	DE	7.20408	7.87976
MvSl-1064-A1-R4_MC10-2g10125	MvSl-1064-A1-R4_MC11	-1.143118874	0.032735877	2.209308876	1.909397736	2.914757103	3.425146417	DE	2.05935	3.16995
MvSl-1064-A1-R4_MC14g11772	MvSl-1064-A1-R4_MC14	-1.075775843	0.033094562	2.947387042	2.305039023	3.630114904	3.815217631	DE	2.62621	3.72267
MvSl-1064-A1-R4_MC02g03471	MvSl-1064-A1-R4_MC02	-1.249068282	0.033203902	2.088049985	2.023513508	2.738415463	3.682918776	DE	2.05578	3.21067
MvSl-1064-A1-R4_MC04-1g05323	MvSl-1064-A1-R4_MC04-1	-0.644210349	0.033530429	6.622324152	6.895908195	7.446266518	7.37161185	DE	6.75912	7.40894
MvSl-1064-A1-R4_MC04-1g05493	MvSl-1064-A1-R4_MC04-1	-0.648329768	0.03475094	6.11879414	5.760446313	6.540978628	6.653135391	DE	5.93962	6.59706
MvSl-1064-A1-R4_MC02g03229	MvSl-1064-A1-R4_MC02	-0.801401632	0.035297845	4.231984962	4.268157786	4.898477816	5.184664114	DE	4.25007	5.04157
MvSl-1064-A1-R4_MC02g04207	MvSl-1064-A1-R4_MC02	-0.768739149	0.035386958	5.460596539	5.367140126	5.854592536	6.448762014	DE	5.41387	6.15168
MvSl-1064-A1-R4_MC01-1g01829	MvSl-1064-A1-R4_MC01-1	-0.804351667	0.035703502	4.19050539	4.213100491	4.858160009	5.13488796	DE	4.2018	4.99652
MvSl-1064-A1-R4_MC02g04208	MvSl-1064-A1-R4_MC02	-0.779442813	0.037765507	4.368435201	4.275854357	4.988389483	5.202672455	DE	4.32214	5.09553
MvSl-1064-A1-R4_MC07g07612	MvSl-1064-A1-R4_MC07	-0.77959921	0.037765507	6.306201003	6.790379898	7.618408607	7.013938306	DE	6.54829	7.31617
MvSl-1064-A1-R4_MC13g11443	MvSl-1064-A1-R4_MC13	-0.684927694	0.039629518	6.873634229	6.627732107	7.217952452	7.632978036	DE	6.75068	7.42547
MvSl-1064-A1-R4_MC02g04206	MvSl-1064-A1-R4_MC02	-1.302753851	0.039964658	0.618770606	0.623448787	1.778691564	1.959496613	DE	0.62111	1.86909
MvSl-1064-A1-R4_MC14g11805	MvSl-1064-A1-R4_MC14	-0.620472464	0.040605747	5.798201205	5.653730898	6.345818434	6.34880249	DE	5.72597	6.34731
MvSl-1064-A1-R4_MC10-1g09809	MvSl-1064-A1-R4_MC10-2	-0.667180083	0.041086806	5.4813842	5.317664779	5.985130281	6.145971743	DE	5.39952	6.06555
MvSl-1064-A1-R4_MC11g10508	MvSl-1064-A1-R4_MC11	-1.472193727	0.041761217	1.719439276	0.670919777	2.163964169	3.12625109	DE	1.19518	2.64511
MvSl-1064-A1-R4_MC07g07592	MvSl-1064-A1-R4_MC07	-1.087043471	0.042372202	2.12374771	2.860137558	3.692593143	3.531563499	DE	2.49194	3.61208
MvSl-1064-A1-R4_MC09-2g09507	MvSl-1064-A1-R4_MC09-2	-1.167233689	0.043512298	1.809873885	1.446700478	2.537478262	2.991866349	DE	1.62829	2.76467
MvSl-1064-A1-R4_MC13g11416	MvSl-1064-A1-R4_MC13	-1.267203968	0.045470225	0.715526455	1.177619195	2.00891518	2.356903245	DE	0.946573	2.18291
MvSl-1064-A1-R4_MC01-1g02545	MvSl-1064-A1-R4_MC01-1	-0.712922212	0.046847693	5.056470953	4.773952496	5.567016926	5.696442243	DE	4.91521	5.63173
MvSl-1064-A1-R4_MC01-1g02763	MvSl-1064-A1-R4_MC01-1	-0.786327856	0.047948612	8.315275809	8.292689306	9.197629505	8.974074915	DE	8.30398	9.08585
MvSl-1064-A1-R4_MC07g07597	MvSl-1064-A1-R4_MC07	-0.703489723	0.048251801	6.84918491	7.267551471	7.913595183	7.625321172	DE	7.05837	7.76946
MvSl-1064-A1-R4_MC03g05077	MvSl-1064-A1-R4_MC03	-0.717885807	0.048279939	6.377245237	5.990675479	6.6234747	7.155647979	DE	6.18396	6.88956
MvSl-1064-A1-R4_MC13g11616	MvSl-1064-A1-R4_MC13	-0.579929401	0.048279939	6.553643075	6.416808837	6.978804756	7.148697756	DE	6.48523	7.06375
MvSl-1064-A1-R4_MC08g08835	MvSl-1064-A1-R4_MC08	-1.553541328	0.049551849	-0.440861917	-0.287932128	0.762029913	1.33272568	DE	-0.364397	1.04738
MvSl-1064-A1-R4_A1g00242	MvSl-1064-A1-R4_A1	-0.639026403	0.049737443	5.346257751	5.199216356	5.966286817	5.856286507	DE	5.27274	5.91129
MvSl-1064-A1-R4_A1g00073	MvSl-1064-A1-R4_A1	-0.80991947	0.049762042	4.832088603	4.317466843	5.54883681	5.244996893	DE	4.57478	5.39692
