gid	dn	dnse	ds	dsse	dnds	part8	youngold	start	end	logCPM	logFC.A1.A2	abs	PV.A1.A2	FDR.A1.A2	A1_1	A1_2	A2_1	A2_2	DE	DE2
MvSl-1064-A1-R4_MC08g08848	0	0	0.0002	0.0002	0	Auto	Auto	1482388	1482704	8.393706387	0.260728499	0.260728499	0.31492303	0.897724903	8.695884335	8.315311744	8.017718526	8.463006861	NON	NON
MvSl-1064-A1-R4_MC16g12173	0	0	0.0005	0.0005	0	Auto	Auto	935	3131	4.908858034	-0.348500596	0.348500596	0.194494187	0.757674952	4.554328378	4.878196656	5.334024678	4.752879911	NON	NON
MvSl-1064-A1-R4_MC08g08299	0	0	0.0005	0.0005	0	Auto	Auto	126303	127069	7.8473475	-0.148874233	0.148874233	0.48998516	0.97963196	7.687661326	7.849903293	8.015349517	7.817598909	NON	NON
MvSl-1064-A1-R4_MC09-2g09397	0	0	0.0006	0.0006	0	Auto	Auto	1189895	1190985	7.136823797	-0.161499531	0.161499531	0.418674983	0.960176299	6.902980476	7.190591562	7.303920096	7.120894333	NON	NON
MvSl-1064-A1-R4_A1g00374	0.0018	0.0018	0.0006	0.0006	3	Red	ColorStrata	357937	361103	7.804101361	0.129086183	0.129086183	0.568857295	0.993007798	7.933944766	7.797088114	7.51105696	7.934296099	NON	NON
MvSl-1064-A1-R4_MC13g11439	0	0	0.0006	0.0006	0	Auto	Auto	346524	347257	5.765380735	-0.052581031	0.052581031	0.801487743	0.999949922	5.799128951	5.676137919	5.673000739	5.901030902	NON	NON
MvSl-1064-A1-R4_A1g00520	0	0	0.0007	0.0007	0	Black	OldStrata	2835849	2836868	5.610310146	-0.207815574	0.207815574	0.323025566	0.90276607	5.418827812	5.582774851	5.813248585	5.599786642	NON	NON
MvSl-1064-A1-R4_A1g00369	0.0037	0.0026	0.0007	0.0007	5.285714286	Red	ColorStrata	272261	274501	7.10402066	-0.086462896	0.086462896	0.655435021	0.999949922	7.007894784	7.110704082	7.253552164	7.031039363	NON	NON
MvSl-1064-A1-R4_MC01-1g02165	0	0	0.0007	0.0007	0	Auto	Auto	612588	614316	5.996172506	-0.041967475	0.041967475	0.833200121	0.999949922	5.860267628	6.081457894	5.996162055	6.03758959	NON	NON
MvSl-1064-A1-R4_MC03g04691	0.0007	0.001	0.0008	0.0007	0.875	Auto	Auto	1045842	1046461	6.751140919	0.270169931	0.270169931	0.138000406	0.650725576	6.942322012	6.814145374	6.595906997	6.623422789	NON	NON
MvSl-1064-A1-R4_MC12g11009	0	0	0.0008	0.0008	0	Auto	Auto	666047	667790	6.383542808	-0.082966675	0.082966675	0.664127352	0.999949922	6.251597687	6.426264777	6.484710509	6.361486638	NON	NON
MvSl-1064-A1-R4_MC06g07042	0	0	0.0009	0.0009	0	Auto	Auto	488793	489083	4.342312623	-0.372234776	0.372234776	0.172327132	0.719197391	4.318393525	3.950634929	4.660768401	4.356178349	NON	NON
MvSl-1064-A1-R4_A1g00506	0.0057	0.004	0.001	0.001	5.7	Black	OldStrata	2141875	2142896	4.983198703	-0.015811423	0.015811423	0.945549253	0.999949922	4.910025666	5.037775798	4.945916459	5.034974338	NON	NON
MvSl-1064-A1-R4_A1g00518	0.0027	0.0027	0.0011	0.0011	2.454545455	Black	OldStrata	2816107	2817007	6.42064297	-0.22566182	0.22566182	0.270681587	0.857375652	6.19594927	6.403960425	6.700618095	6.334243767	NON	NON
MvSl-1064-A1-R4_A1g00110	0.0013	0.0013	0.0011	0.0008	1.181818182	Green	ColorStrata	239159	240017	8.260723867	0.241287933	0.241287933	0.295178095	0.881068661	8.441379152	8.308037425	8.040323501	8.223930293	NON	NON
MvSl-1064-A1-R4_A1g00368	0.0059	0.0042	0.0012	0.0012	4.916666667	Red	ColorStrata	270179	271004	6.245731637	-0.043565528	0.043565528	0.839785025	0.999949922	6.019047064	6.403157428	6.422598566	6.09320606	NON	NON
MvSl-1064-A1-R4_A1g00395	0.0018	0.0013	0.0013	0.0007	1.384615385	Red	ColorStrata	856916	857392	8.227969264	-0.269694111	0.269694111	0.233764778	0.809418827	8.092731623	8.081102749	8.299084497	8.411801838	NON	NON
MvSl-1064-A1-R4_A1g00750	0.0032	0.0023	0.0013	0.0009	2.461538462	Black	OldStrata	1060653	1061300	6.097585204	0.014269393	0.014269393	0.943617205	0.999949922	6.170615659	6.035561532	5.951012977	6.217688522	NON	NON
MvSl-1064-A1-R4_A1g00519	0	0	0.0014	0.001	0	Black	OldStrata	2817417	2818269	7.209478113	-0.326955786	0.326955786	0.092780188	0.533232991	7.109155425	6.961056624	7.35774055	7.36973547	NON	NON
MvSl-1064-A1-R4_A1g01406	0.0028	0.0016	0.0015	0.0008	1.866666667	Black	OldStrata	2570487	2572532	11.19326598	-0.847111802	0.847111802	0.020176455	0.19826266	10.73863677	10.6776209	11.7091685	11.38354962	NON	NON
MvSl-1064-A1-R4_A1g00396	0	0	0.0015	0.0015	0	Red	ColorStrata	854394	856791	7.610864961	-0.169013158	0.169013158	0.422996231	0.963100667	7.406664777	7.63246924	7.814718323	7.559812667	NON	NON
MvSl-1064-A1-R4_A1g00113	0.0078	0.0035	0.0015	0.0008	5.2	Green	ColorStrata	244443	244638	7.979637652	-0.075035752	0.075035752	0.738768461	0.999949922	7.96674954	7.916131385	7.828952565	8.182794709	NON	NON
MvSl-1064-A1-R4_A1g00505	0	0	0.0015	0.0009	0	Black	OldStrata	2138970	2141225	5.214982344	-0.144290177	0.144290177	0.67522147	0.999949922	5.548320501	4.573009349	4.763151789	5.668397978	NON	NON
MvSl-1064-A1-R4_MC08g08560	0	0	0.0016	0.0016	0	Auto	Auto	775238	776424	3.897485548	-0.449300254	0.449300254	0.245898904	0.82491538	3.277251335	3.959401453	4.573285785	3.405005123	NON	NON
MvSl-1064-A1-R4_A1g00544	0.0066	0.0038	0.0016	0.0011	4.125	Black	OldStrata	1389234	1391759	5.724453495	0.079283405	0.079283405	0.705581617	0.999949922	5.700304384	5.823861874	5.788490022	5.57173491	NON	NON
MvSl-1064-A1-R4_A1g00543	0	0	0.0018	0.001	0	Black	OldStrata	1386919	1387128	7.10998025	0.054014046	0.054014046	0.797843208	0.999949922	7.226715631	7.040662416	6.847680948	7.284870798	NON	NON
MvSl-1064-A1-R4_MC01-1g01906	0.0058	0.003	0.002	0.001	2.9	Auto	Auto	252903	254669	6.588161536	0.099866244	0.099866244	0.592028225	0.993007798	6.657628645	6.616324886	6.545900699	6.528749632	NON	NON
MvSl-1064-A1-R4_A1g00503	0.0098	0.0044	0.0021	0.0012	4.666666667	Black	OldStrata	2085727	2087119	6.618833999	0.312841444	0.312841444	0.112546373	0.599839866	6.727499066	6.804447111	6.599074458	6.292389913	NON	NON
MvSl-1064-A1-R4_A1g00512	0	0	0.0022	0.0022	0	Black	OldStrata	2205155	2206148	5.143397092	0.047038026	0.047038026	0.833375382	0.999949922	5.108856861	5.222083239	5.09695005	5.142090814	NON	NON
MvSl-1064-A1-R4_A1g00534	0	0	0.0023	0.0017	0	Black	OldStrata	1360313	1362886	7.63040081	-0.344806798	0.344806798	0.088256902	0.520728635	7.376617118	7.515853555	7.795173008	7.78993464	NON	NON
MvSl-1064-A1-R4_MC12g11023	0.0066	0.0038	0.0023	0.0012	2.869565217	Auto	Auto	697220	699272	6.102073617	0.218330098	0.218330098	0.257230344	0.840298895	6.247116239	6.165305934	5.986519106	5.99100089	NON	NON
MvSl-1064-A1-R4_A1g01502	0.0011	0.0009	0.0023	0.0008	0.47826087	bPAR	bPAR	3368989	3374123	6.938801273	-0.099308012	0.099308012	0.615485575	0.993528898	6.994053997	6.774334029	6.824864653	7.133930818	NON	NON
MvSl-1064-A1-R4_A1g00405	0.0045	0.0032	0.0025	0.0015	1.8	Red	ColorStrata	795631	796542	4.746572492	-0.551722285	0.551722285	0.04209753	0.336977327	4.394932573	4.496773059	5.279788599	4.642984876	NON	NON
MvSl-1064-A1-R4_A1g01161	0.0082	0.0047	0.0025	0.0018	3.28	Blue	OldStrata	1278622	1279107	5.815680965	-0.232190071	0.232190071	0.259199933	0.841907382	5.601249332	5.783704593	5.894126752	5.95950894	NON	NON
MvSl-1064-A1-R4_A1g00801	0	0	0.0025	0.0018	0	Blue	OldStrata	547576	548488	3.716994031	-0.032184551	0.032184551	0.920597917	0.999949922	3.443160492	3.919525672	4.004173073	3.397504126	NON	NON
MvSl-1064-A1-R4_A1g01160	0.0031	0.0032	0.0027	0.0016	1.148148148	Blue	OldStrata	1274366	1278155	7.24373885	0.299223533	0.299223533	0.124292953	0.628778266	7.341312514	7.428184979	7.032992427	7.137875175	NON	NON
MvSl-1064-A1-R4_A1g00401	0	0	0.0028	0.002	0	Red	ColorStrata	838903	841231	7.406258472	-0.351049332	0.351049332	0.250598641	0.830238617	6.76371715	7.566580317	7.93396601	7.085154184	NON	NON
MvSl-1064-A1-R4_MC02g03759	0.0063	0.0051	0.0028	0.0023	2.25	Auto	Auto	1409980	1410630	6.544301325	0.015847224	0.015847224	0.933582491	0.999949922	6.535785018	6.568421736	6.63037236	6.435687961	NON	NON
MvSl-1064-A1-R4_A1g01351	0.0074	0.0074	0.0029	0.002	2.551724138	Black	OldStrata	3018297	3020055	10.24828619	-0.066627592	0.066627592	0.832387119	0.999949922	10.11316739	10.30935514	10.27492192	10.28748315	NON	NON
MvSl-1064-A1-R4_MC09-2g09152	0.0028	0.002	0.003	0.0013	0.933333333	Auto	Auto	559379	563059	2.609056045	-0.141237069	0.141237069	0.676389603	0.999949922	2.696263497	2.362488512	2.597835617	2.754356521	NON	NON
MvSl-1064-A1-R4_MC01-2g03154	0.0036	0.0036	0.0033	0.0023	1.090909091	Auto	Auto	3020115	3023750	7.457093905	-0.271873775	0.271873775	0.183475973	0.741637012	7.299939105	7.329780485	7.704337949	7.458470809	NON	NON
MvSl-1064-A1-R4_A1g00404	0	0	0.0033	0.0024	0	Red	ColorStrata	817323	819348	3.134550406	0.367701232	0.367701232	0.234555079	0.810841638	3.298197579	3.307670096	2.86319961	3.011832238	NON	NON
MvSl-1064-A1-R4_A1g00372	0.0036	0.0026	0.0034	0.0013	1.058823529	Red	ColorStrata	342659	343448	7.380390177	0.168740362	0.168740362	0.392387746	0.944737248	7.469184511	7.455165634	7.326549971	7.259751592	NON	NON
MvSl-1064-A1-R4_A1g00352	0.0415	0.016	0.0034	0.0024	12.20588235	Black	OldStrata	1593613	1594973	5.335915631	0.141113881	0.141113881	0.55327913	0.991963994	5.228260566	5.561340617	5.426076757	5.080186119	NON	NON
MvSl-1064-A1-R4_MC07g07862	0	0	0.0036	0.0026	0	Auto	Auto	768597	770579	1.798831448	0.604639834	0.604639834	0.130284698	0.641580217	1.939040069	2.164429209	1.763912422	1.093044126	NON	NON
MvSl-1064-A1-R4_A1g00077	0.0088	0.0047	0.0036	0.0019	2.444444444	bPAR	bPAR	173863	176567	6.61989281	-0.046850616	0.046850616	0.81113546	0.999949922	6.471926294	6.710856687	6.731254427	6.54920365	NON	NON
MvSl-1064-A1-R4_MC03g04676	0.0058	0.0029	0.0037	0.0014	1.567567568	Auto	Auto	1008854	1009327	7.951908469	-0.145028273	0.145028273	0.504796078	0.982488598	7.876202317	7.879072396	8.140191284	7.89455023	NON	NON
MvSl-1064-A1-R4_A1g00391	0.0096	0.0048	0.0037	0.0017	2.594594595	Red	ColorStrata	882195	884498	6.542804595	0.070339113	0.070339113	0.712053817	0.999949922	6.620689376	6.532889836	6.409127051	6.599104863	NON	NON
MvSl-1064-A1-R4_MC16g12176	0.0053	0.0028	0.0039	0.0017	1.358974359	Auto	Auto	10315	11362	6.013176796	0.312449109	0.312449109	0.13502592	0.64497063	6.219931222	6.098423478	5.654851406	6.019378625	NON	NON
MvSl-1064-A1-R4_A1g00912	0	0	0.004	0.0023	0	Black	OldStrata	3075092	3075729	5.500641209	-0.203998749	0.203998749	0.379512918	0.935410771	5.215471148	5.555570627	5.760472807	5.417106794	NON	NON
MvSl-1064-A1-R4_A1g00521	0.0026	0.0019	0.0042	0.0015	0.619047619	Black	OldStrata	2851861	2852673	6.067281417	-0.291387191	0.291387191	0.257982391	0.841469461	5.665799039	6.126912123	6.515210885	5.810733343	NON	NON
MvSl-1064-A1-R4_A1g01272	0.0234	0.0136	0.0048	0.0034	4.875	Black	OldStrata	2596448	2598123	9.29144902	0.130280609	0.130280609	0.672113449	0.999949922	9.062681933	9.598111376	9.4516614	8.955549294	NON	NON
MvSl-1064-A1-R4_A1g00211	0.0131	0.0044	0.0051	0.0017	2.568627451	Black	OldStrata	1148624	1150396	9.073264247	0.185227777	0.185227777	0.480912422	0.97871377	9.242404366	9.078698617	8.974637878	8.980709535	NON	NON
MvSl-1064-A1-R4_A1g01415	0.0223	0.0085	0.0052	0.0026	4.288461538	Black	OldStrata	411533	413382	6.905320965	0.39982018	0.39982018	0.041251598	0.331759087	6.920535641	7.243588431	6.652646148	6.729543489	NON	NON
MvSl-1064-A1-R4_A1g01348	0.0108	0.0041	0.0052	0.0017	2.076923077	Black	OldStrata	2998043	3000087	7.467088532	0.084837282	0.084837282	0.671371618	0.999949922	7.459532099	7.55650443	7.429333874	7.418727578	NON	NON
MvSl-1064-A1-R4_A1g00694	0.0175	0.0053	0.0053	0.0018	3.301886792	Black	OldStrata	1614331	1618375	7.344745525	0.19734445	0.19734445	0.315974492	0.898238153	7.383983812	7.493770894	7.263567805	7.221498732	NON	NON
MvSl-1064-A1-R4_A1g00441	0.0341	0.0115	0.0053	0.0027	6.433962264	Purple	OldStrata	1158935	1161921	5.448078664	-0.202459721	0.202459721	0.406724681	0.952516213	5.260636291	5.422416689	5.806413718	5.227065093	NON	NON
MvSl-1064-A1-R4_A1g01350	0.0119	0.0045	0.0054	0.0021	2.203703704	Black	OldStrata	3000503	3001944	6.055411418	-0.142316764	0.142316764	0.465907181	0.976188214	5.923421285	6.039700852	6.173423879	6.074512503	NON	NON
MvSl-1064-A1-R4_A1g00246	0.0169	0.0076	0.0055	0.0027	3.072727273	Black	OldStrata	616404	620052	6.804052816	1.489921975	1.489921975	1.13E-15	1.03E-13	7.381123455	7.345749247	5.832215722	5.916858268	Up	DE
MvSl-1064-A1-R4_A1g00528	0.0276	0.0139	0.0056	0.004	4.928571429	Black	OldStrata	3164779	3166951	3.099595878	0.697456225	0.697456225	0.031421832	0.272613007	3.359271189	3.438832055	2.904750081	2.483866404	NON	NON
MvSl-1064-A1-R4_A1g00359	0.0442	0.017	0.0059	0.0026	7.491525424	Black	OldStrata	667810	671393	8.673038109	-0.246336768	0.246336768	0.354792697	0.920996025	8.274592337	8.772094332	8.883730825	8.691807056	NON	NON
MvSl-1064-A1-R4_A1g00080	0	0	0.0061	0.0043	0	bPAR	bPAR	180716	185718	5.542369321	-1.367630539	1.367630539	5.04E-10	2.49E-08	4.671337984	4.740031501	5.91079222	6.21449043	Down	DE
MvSl-1064-A1-R4_MC10-2g09966	0.0106	0.0045	0.0061	0.0022	1.737704918	Auto	Auto	482581	484452	6.32819239	0.101362124	0.101362124	0.592824639	0.993007798	6.429046848	6.324759424	6.207027835	6.343056632	NON	NON
MvSl-1064-A1-R4_MC05-3g06663	0.003	0.003	0.0062	0.0028	0.483870968	Auto	Auto	459849	463932	2.437436247	0.0093139	0.0093139	0.978347973	0.999949922	2.552573137	2.322276386	2.349660208	2.511925948	NON	NON
MvSl-1064-A1-R4_A1g00390	0.0089	0.0051	0.0064	0.0028	1.390625	Red	ColorStrata	885400	886813	5.128558775	-0.022069907	0.022069907	0.922399937	0.999949922	5.142062711	5.092596165	5.053738443	5.220703378	NON	NON
MvSl-1064-A1-R4_A1g00646	0.0091	0.0041	0.0065	0.0021	1.4	Black	OldStrata	2916000	2917527	8.061495384	-1.506373241	1.506373241	1.16E-09	5.46E-08	6.997793444	7.234137364	8.839052054	8.377183037	Down	DE
MvSl-1064-A1-R4_A1g00751	0.0079	0.003	0.0065	0.0018	1.215384615	Black	OldStrata	1054963	1057437	8.124435473	-0.32701583	0.32701583	0.142517992	0.656156805	8.026807877	7.872705603	8.227208051	8.328461098	NON	NON
MvSl-1064-A1-R4_MC08g08440	0.0092	0.0056	0.0065	0.0028	1.415384615	Auto	Auto	490317	491758	4.591366856	-0.229813521	0.229813521	0.374699946	0.934727118	4.301203313	4.62627845	4.826680933	4.564776917	NON	NON
MvSl-1064-A1-R4_A1g00389	0.0033	0.0036	0.0065	0.0032	0.507692308	Red	ColorStrata	889992	892373	4.723334071	-0.203418508	0.203418508	0.397901001	0.947470271	4.66865954	4.567285932	4.725966547	4.911383465	NON	NON
MvSl-1064-A1-R4_A1g00970	0.0159	0.0065	0.0068	0.0026	2.338235294	Black	OldStrata	2512310	2513349	6.837559554	0.874880085	0.874880085	6.97E-06	0.000192241	7.221699352	7.196165158	6.494949115	6.154566255	Up	DE
MvSl-1064-A1-R4_A1g01162	0.0389	0.0197	0.0071	0.0041	5.478873239	Blue	OldStrata	1294048	1294371	2.364437833	5.639008765	5.639008765	1.34E-25	2.01E-23	3.024213886	3.529926858	-2.271875237	-1.413437522	Up	DE
MvSl-1064-A1-R4_A1g00958	0.0202	0.0061	0.0072	0.0023	2.805555556	Black	OldStrata	1995562	1995873	6.88895615	-0.561034724	0.561034724	0.003045807	0.044560866	6.492518793	6.66603944	7.218969306	7.061617078	Down	DE
MvSl-1064-A1-R4_A1g00645	0.0143	0.0042	0.0072	0.0021	1.986111111	Black	OldStrata	2984367	2986997	6.146023196	0.00278244	0.00278244	0.989023848	0.999949922	6.127378605	6.167199063	6.299495125	5.970925393	NON	NON
MvSl-1064-A1-R4_A1g00515	0.0118	0.0036	0.0074	0.0019	1.594594595	Black	OldStrata	2080392	2081481	5.262275639	-0.639906605	0.639906605	0.004682811	0.063951041	4.959076487	4.857241716	5.67900013	5.40219189	NON	NON
MvSl-1064-A1-R4_A1g00843	0.0159	0.008	0.0078	0.0032	2.038461538	Black	OldStrata	1539659	1541133	3.467440472	-0.541148688	0.541148688	0.067484603	0.446601168	3.182796519	3.170947863	3.74866531	3.676947153	NON	NON
MvSl-1064-A1-R4_A1g00402	0.0134	0.0032	0.0078	0.0016	1.717948718	Red	ColorStrata	837338	838797	6.473078976	-0.139682704	0.139682704	0.536897429	0.989914145	6.647462248	6.10535173	6.377195517	6.688641897	NON	NON
MvSl-1064-A1-R4_A1g00794	0.036	0.0209	0.0079	0.0056	4.556962025	Black	OldStrata	3092860	3095963	5.339660165	0.026871625	0.026871625	0.90268147	0.999949922	5.255290541	5.444439674	5.365985791	5.285126212	NON	NON
MvSl-1064-A1-R4_A1g00541	0.0129	0.0026	0.0082	0.0014	1.573170732	Black	OldStrata	1369568	1370214	6.087504578	-0.102715119	0.102715119	0.682500759	0.999949922	6.19594927	5.854732024	5.734783511	6.452978659	NON	NON
MvSl-1064-A1-R4_MC04-1g05996	0.0137	0.0049	0.0084	0.0022	1.630952381	Auto	Auto	1669156	1670595	6.999772789	-0.028771426	0.028771426	0.878276781	0.999949922	6.922785343	7.045301911	7.084750849	6.939740011	NON	NON
MvSl-1064-A1-R4_A1g00186	0.0314	0.0088	0.0087	0.0031	3.609195402	Purple	OldStrata	912091	913460	7.53797843	0.055420035	0.055420035	0.784408626	0.999949922	7.46841469	7.656253425	7.497966013	7.521938161	NON	NON
MvSl-1064-A1-R4_A1g01212	0.0463	0.0093	0.009	0.0021	5.144444444	Black	OldStrata	1300472	1304579	3.681776849	-1.916759575	1.916759575	3.57E-07	1.23E-05	2.379931553	2.512986091	3.708169298	4.787726912	Down	DE
MvSl-1064-A1-R4_A1g00532	0.0274	0.0074	0.009	0.0026	3.044444444	Black	OldStrata	3136389	3137566	5.121532291	-0.183549618	0.183549618	0.415199053	0.957865603	4.972169533	5.080592614	5.217262991	5.203600369	NON	NON
MvSl-1064-A1-R4_A1g00242	0.045	0.0185	0.0092	0.0046	4.891304348	Black	OldStrata	1134595	1135956	5.994034638	0.66789462	0.66789462	0.000859995	0.015576484	6.264072184	6.31283723	5.510925333	5.724931509	Up	DE
MvSl-1064-A1-R4_A1g00530	0.0188	0.005	0.0093	0.0023	2.021505376	Black	OldStrata	3145545	3147507	6.903348196	-0.003825303	0.003825303	0.983450028	0.999949922	6.948407867	6.852887557	6.896126738	6.914341333	NON	NON
MvSl-1064-A1-R4_A1g01405	0.0138	0.0087	0.0096	0.0045	1.4375	Black	OldStrata	1209281	1212345	4.735456436	-0.032795964	0.032795964	0.892442804	0.999949922	4.697852434	4.740031501	4.877130362	4.614151429	NON	NON
MvSl-1064-A1-R4_A1g00593	0.0433	0.0071	0.0101	0.002	4.287128713	Blue	OldStrata	576253	577851	8.102240797	0.034237888	0.034237888	0.879662386	0.999949922	8.205590972	8.027399539	7.964065943	8.196637302	NON	NON
MvSl-1064-A1-R4_MC09-2g09310	0.0167	0.01	0.0102	0.005	1.637254902	Auto	Auto	967177	968426	5.320752008	-0.169097134	0.169097134	0.445105101	0.969478601	5.19514158	5.272198117	5.490602859	5.309311625	NON	NON
MvSl-1064-A1-R4_A1g01407	0.0191	0.0073	0.0104	0.0031	1.836538462	Black	OldStrata	2568240	2569874	6.698674504	-0.341690369	0.341690369	0.060985275	0.420175596	6.527678444	6.508457352	6.820122052	6.897821751	NON	NON
MvSl-1064-A1-R4_MC01-1g02323	0.0145	0.0053	0.0104	0.0027	1.394230769	Auto	Auto	998570	998722	5.507346029	-0.392716539	0.392716539	0.124446465	0.628778266	5.163148622	5.422416689	5.988935893	5.313303401	NON	NON
MvSl-1064-A1-R4_A1g01017	0.0299	0.0058	0.0104	0.0022	2.875	Purple	OldStrata	2255626	2255952	6.981727356	-0.275205453	0.275205453	0.151700341	0.675813559	6.967058002	6.695853201	7.147212647	7.077546664	NON	NON
MvSl-1064-A1-R4_A1g00245	0.0584	0.0265	0.0105	0.0074	5.561904762	Black	OldStrata	1116801	1118832	4.685181704	-0.790101844	0.790101844	0.01264054	0.13979816	3.747260393	4.606881073	5.271871423	4.732156886	NON	NON
MvSl-1064-A1-R4_A1g00869	0.0392	0.0091	0.0106	0.0028	3.698113208	Black	OldStrata	790625	795162	9.338890611	-0.780523068	0.780523068	0.013747733	0.149338463	8.704736125	9.065944327	9.984595285	9.28556907	NON	NON
MvSl-1064-A1-R4_A1g00718	0.0446	0.0117	0.0108	0.0032	4.12962963	Black	OldStrata	646353	651020	5.277681998	1.042239841	1.042239841	4.09E-05	0.001013304	5.444107525	5.924666038	4.826680933	4.482085104	Up	DE
MvSl-1064-A1-R4_A1g00280	0.0321	0.0055	0.011	0.0018	2.918181818	Black	OldStrata	713060	718328	7.921190275	0.227539771	0.227539771	0.284418953	0.875269126	7.955256369	8.101789089	7.824223406	7.781314721	NON	NON
MvSl-1064-A1-R4_A1g00290	0.0292	0.0059	0.0116	0.0022	2.517241379	Black	OldStrata	427406	429655	7.273594848	0.178481473	0.178481473	0.380554294	0.935410771	7.469953922	7.240894438	7.275000485	7.081648005	NON	NON
MvSl-1064-A1-R4_A1g00153	0.0341	0.0058	0.0117	0.002	2.914529915	Black	OldStrata	2625755	2626956	7.254262017	-0.269881931	0.269881931	0.216383753	0.784940814	7.317144298	6.875643118	7.263068671	7.493634893	NON	NON
MvSl-1064-A1-R4_A1g01173	0.0354	0.0098	0.0118	0.0033	3	Black	OldStrata	2578833	2582754	5.051893974	-0.529087108	0.529087108	0.021237842	0.206337527	4.837949365	4.688236463	5.215200217	5.366138491	NON	NON
MvSl-1064-A1-R4_A1g00380	0.0218	0.022	0.0119	0.0084	1.831932773	Red	ColorStrata	895253	895922	6.245651362	-0.537209791	0.537209791	0.005100502	0.068668013	6.014835218	5.888402365	6.528562347	6.449355693	NON	NON
MvSl-1064-A1-R4_A1g01369	0.0277	0.0083	0.0119	0.0029	2.327731092	Black	OldStrata	1164814	1164982	9.018867889	0.659905903	0.659905903	0.015634871	0.164811973	9.092340452	9.501349351	8.701597015	8.599615153	NON	NON
MvSl-1064-A1-R4_A1g01163	0.0408	0.0156	0.0121	0.0049	3.371900826	Blue	OldStrata	1297181	1298512	4.000940946	3.617225151	3.617225151	5.65E-30	9.85E-28	4.932528437	4.816810011	1.222272509	1.393758781	Up	DE
MvSl-1064-A1-R4_A1g01159	0.0255	0.0085	0.0122	0.0037	2.090163934	Blue	OldStrata	1257109	1257735	7.055672441	0.357858524	0.357858524	0.060602364	0.418827493	7.139939228	7.302048937	6.939878948	6.78736634	NON	NON
MvSl-1064-A1-R4_A1g01347	0.0306	0.0042	0.0123	0.0017	2.487804878	Black	OldStrata	2994712	2997178	6.966932186	1.102009758	1.102009758	5.33E-09	2.29E-07	7.476094476	7.349922341	6.247961129	6.375872141	Up	DE
MvSl-1064-A1-R4_A1g00185	0.0201	0.0049	0.0126	0.0026	1.595238095	Purple	OldStrata	908654	911656	8.465648249	0.416321973	0.416321973	0.074832796	0.474941031	8.69884097	8.617465119	8.268078219	8.216489368	NON	NON
MvSl-1064-A1-R4_A1g01317	0.067	0.0198	0.0127	0.0048	5.275590551	Purple	OldStrata	1584006	1586510	7.258747299	0.067848033	0.067848033	0.733220074	0.999949922	7.220785424	7.360302567	7.316001439	7.12657685	NON	NON
MvSl-1064-A1-R4_A1g00400	0.013	0.0041	0.0128	0.0029	1.015625	Red	ColorStrata	841678	844038	4.786379612	-1.080405595	1.080405595	0.00015815	0.0034056	4.473765263	3.737837858	5.076642639	5.366138491	Down	DE
MvSl-1064-A1-R4_A1g01367	0.0117	0.0048	0.0128	0.0034	0.9140625	Black	OldStrata	1174940	1175619	3.931856578	0.242412729	0.242412729	0.387643108	0.941274886	4.069054591	4.023505511	3.629806773	3.962692591	NON	NON
MvSl-1064-A1-R4_A1g00853	0.0339	0.007	0.0129	0.0027	2.627906977	Purple	OldStrata	1834558	1837865	6.990703053	-1.487301401	1.487301401	2.69E-15	2.30E-13	6.047159869	6.082461412	7.576395002	7.524953348	Down	DE
MvSl-1064-A1-R4_A1g00154	0.0425	0.0152	0.013	0.0053	3.269230769	Black	OldStrata	2689352	2692677	5.199460696	-0.909654782	0.909654782	5.39E-05	0.001286072	4.614019113	4.737485441	5.671496984	5.491215484	Down	DE
MvSl-1064-A1-R4_A1g00913	0.0428	0.0095	0.013	0.0027	3.292307692	Black	OldStrata	3038018	3044084	5.065746913	-0.556748515	0.556748515	0.017232741	0.176680176	4.86393896	4.653544251	5.208994139	5.418960362	NON	NON
MvSl-1064-A1-R4_A1g01431	0.0372	0.0054	0.0132	0.002	2.818181818	Blue	OldStrata	1965456	1966246	6.240834108	0.17831449	0.17831449	0.351534401	0.920531701	6.358504463	6.294767148	6.076761213	6.217688522	NON	NON
MvSl-1064-A1-R4_A1g00525	0.0295	0.0112	0.0133	0.0042	2.218045113	Black	OldStrata	1393224	1396199	7.344338163	-0.425729346	0.425729346	0.030124451	0.265604818	7.144765701	7.086899462	7.51105696	7.571525519	NON	NON
MvSl-1064-A1-R4_MC08g08685	0.0133	0.0059	0.0133	0.0035	1	Auto	Auto	1089818	1092008	6.626957729	0.011836223	0.011836223	0.952547863	0.999949922	6.549680879	6.711505487	6.761960408	6.464690854	NON	NON
MvSl-1064-A1-R4_A1g00998	0.0443	0.0169	0.0134	0.0051	3.305970149	Blue	OldStrata	1984288	1990725	4.69567389	0.375035839	0.375035839	0.152083473	0.67653367	4.652483599	5.058323309	4.648591005	4.324885121	NON	NON
MvSl-1064-A1-R4_A1g01432	0.0663	0.024	0.0135	0.0061	4.911111111	Blue	OldStrata	1966448	1967834	4.827251695	1.19652809	1.19652809	1.15E-05	0.000311293	5.202567338	5.393598278	3.74866531	4.398127407	Up	DE
MvSl-1064-A1-R4_A1g01227	0.0541	0.0235	0.0136	0.0058	3.977941176	Purple	OldStrata	2854025	2856120	7.55894355	-0.280852976	0.280852976	0.31335343	0.897379703	7.079718082	7.68163989	8.019492733	7.269029955	NON	NON
MvSl-1064-A1-R4_A1g00270	0.0439	0.0119	0.0137	0.0042	3.204379562	Black	OldStrata	1136196	1138565	5.488642924	-1.168558114	1.168558114	2.01E-07	7.28E-06	4.954685599	4.609668146	5.962125924	5.954405817	Down	DE
MvSl-1064-A1-R4_MC14g11886	0.0214	0.0059	0.0138	0.0026	1.550724638	Auto	Auto	366422	366811	7.045603916	-0.110811228	0.110811228	0.551886695	0.991483975	7.013183006	6.964870918	7.142335735	7.056267889	NON	NON
MvSl-1064-A1-R4_A1g00165	0.0382	0.0076	0.0139	0.0027	2.748201439	Black	OldStrata	621126	622892	7.334891887	-0.801032568	0.801032568	5.23E-05	0.001260356	6.838905348	6.920104979	7.656871623	7.703989183	Down	DE
MvSl-1064-A1-R4_A1g01388	0.052	0.0106	0.0139	0.0029	3.741007194	Black	OldStrata	471540	472718	5.487450676	0.406271174	0.406271174	0.165257861	0.705827465	5.509930304	5.823861874	5.673000739	4.708103104	NON	NON
MvSl-1064-A1-R4_A1g00311	0.0248	0.0042	0.0139	0.0022	1.784172662	Black	OldStrata	1488010	1490661	8.043715987	0.053430623	0.053430623	0.809093466	0.999949922	8.145456532	7.990720922	7.934906409	8.094220649	NON	NON
MvSl-1064-A1-R4_A1g01154	0.0087	0.0087	0.0139	0.0057	0.625899281	Blue	OldStrata	1217849	1218338	7.345488359	-0.069641132	0.069641132	0.729952234	0.999949922	7.194026491	7.41788602	7.435991667	7.321500417	NON	NON
MvSl-1064-A1-R4_A1g01174	0.0331	0.0118	0.0141	0.0045	2.34751773	Black	OldStrata	2576791	2577822	6.028028533	-1.343688683	1.343688683	9.53E-11	5.26E-09	5.23551822	5.179573941	6.693226827	6.389170415	Down	DE
MvSl-1064-A1-R4_MC01-1g02246	0.0118	0.0043	0.0143	0.0029	0.825174825	Auto	Auto	815658	818908	9.232815794	-0.372216139	0.372216139	0.199583522	0.764101896	8.880529907	9.174162329	9.625694588	9.149015542	NON	NON
MvSl-1064-A1-R4_A1g01346	0.067	0.0303	0.0145	0.006	4.620689655	Black	OldStrata	1792754	1794128	7.445948871	-0.29082474	0.29082474	0.256752188	0.839699484	6.954468157	7.567655714	7.820157465	7.301544667	NON	NON
MvSl-1064-A1-R4_A1g00832	0.0268	0.0068	0.0145	0.0029	1.848275862	Black	OldStrata	3195577	3196417	7.441163571	0.093408117	0.093408117	0.635670618	0.999949922	7.482209006	7.491883853	7.374935635	7.412228594	NON	NON
MvSl-1064-A1-R4_A1g00254	0.0346	0.0077	0.0147	0.0031	2.353741497	Black	OldStrata	651956	657345	4.805555172	-1.92950017	1.92950017	2.21E-12	1.51E-10	3.782372513	3.272927838	5.291583489	5.630506344	Down	DE
MvSl-1064-A1-R4_A1g01392	0.0226	0.0046	0.0147	0.0024	1.537414966	Black	OldStrata	380085	382864	5.351514336	-0.243712597	0.243712597	0.295023142	0.881068661	5.224618001	5.225721181	5.669991661	5.233398878	NON	NON
MvSl-1064-A1-R4_A1g00292	0.0373	0.0097	0.0148	0.0035	2.52027027	Black	OldStrata	1153924	1156082	6.888217476	-0.906844922	0.906844922	6.74E-06	0.000186342	6.208912143	6.506963213	7.397851347	7.133366457	Down	DE
MvSl-1064-A1-R4_MC03g04838	0.0235	0.007	0.0149	0.003	1.577181208	Auto	Auto	1410723	1412794	4.443812759	0.269546369	0.269546369	0.369156616	0.930761767	4.731608403	4.390584558	3.879465486	4.6302411	NON	NON
MvSl-1064-A1-R4_A1g00241	0.0283	0.009	0.0152	0.0048	1.861842105	Black	OldStrata	1132727	1134319	7.200292797	0.569678864	0.569678864	0.003608728	0.051746004	7.358865128	7.548537996	6.883192877	6.891828089	NON	NON
MvSl-1064-A1-R4_A1g01366	0.0338	0.0073	0.0157	0.0032	2.152866242	Black	OldStrata	1176877	1180058	6.385592251	-0.069623816	0.069623816	0.709385831	0.999949922	6.318055535	6.382121071	6.390053064	6.449355693	NON	NON
MvSl-1064-A1-R4_A1g00779	0.0444	0.0076	0.0158	0.0027	2.810126582	Black	OldStrata	782234	783980	7.820762219	0.677992555	0.677992555	0.001218585	0.020801494	8.145215707	8.094346283	7.433775815	7.450790475	Up	DE
MvSl-1064-A1-R4_A1g00522	0.0333	0.0097	0.016	0.0043	2.08125	Black	OldStrata	1399296	1400598	1.371007143	-4.655908909	4.655908909	1.04E-16	1.03E-14	-2.75614321	-1.215597698	2.451304939	2.185942725	Down	DE
MvSl-1064-A1-R4_MC02g03208	0.0317	0.0108	0.0164	0.0044	1.932926829	Auto	Auto	100272	102672	5.038660351	0.110987309	0.110987309	0.625784668	0.99817153	5.072844224	5.112382777	5.042148525	4.919262268	NON	NON
MvSl-1064-A1-R4_A1g00575	0.0287	0.0058	0.0166	0.0029	1.728915663	Black	OldStrata	928859	929481	6.510301587	-0.417508294	0.417508294	0.033652289	0.286262109	6.318909892	6.254375961	6.559785474	6.835346907	NON	NON
MvSl-1064-A1-R4_A1g00155	0.0419	0.01	0.0169	0.004	2.479289941	Black	OldStrata	2705499	2709175	6.358667938	0.426648292	0.426648292	0.032923882	0.282030326	6.5165501	6.593980223	6.289726658	5.949284579	NON	NON
MvSl-1064-A1-R4_A1g00668	0.0454	0.0095	0.0174	0.0036	2.609195402	Orange	ColorStrata	1441050	1443387	6.117997614	-5.711873018	5.711873018	2.15E-96	3.68E-93	1.027525212	1.74502952	7.12815356	7.055076482	Down	DE
MvSl-1064-A1-R4_A1g01137	0.03	0.0073	0.0179	0.0039	1.675977654	Black	OldStrata	1213232	1215281	6.186903311	-0.592036629	0.592036629	0.001899747	0.030020219	5.904194595	5.817848823	6.447413705	6.458396105	Down	DE
MvSl-1064-A1-R4_A1g01261	0.0313	0.0041	0.018	0.0019	1.738888889	Orange	ColorStrata	2598714	2598931	9.095566891	-2.188677548	2.188677548	2.80E-12	1.88E-10	7.93867708	7.214132059	9.845326344	9.77286924	Down	DE
MvSl-1064-A1-R4_A1g00648	0.0206	0.0066	0.0181	0.0043	1.138121547	Black	OldStrata	724341	725782	6.475207556	0.646589946	0.646589946	0.000603139	0.011519531	6.784277302	6.739131388	6.086949815	6.144519081	Up	DE
MvSl-1064-A1-R4_A1g00516	0.0227	0.0102	0.0187	0.005	1.213903743	Black	OldStrata	2776699	2777667	8.659814433	-0.952952226	0.952952226	0.000213002	0.00443055	8.032808644	8.176295153	9.232840031	8.861394841	Down	DE
MvSl-1064-A1-R4_A1g00972	0.018	0.0074	0.0188	0.0049	0.957446809	Black	OldStrata	2516666	2518918	6.202889736	-1.734381671	1.734381671	1.81E-15	1.58E-13	5.082938239	5.102523392	7.033577842	6.579351014	Down	DE
MvSl-1064-A1-R4_A1g00669	0.034	0.0077	0.0193	0.0036	1.761658031	Orange	ColorStrata	1437496	1440368	5.39943444	-0.013902852	0.013902852	0.948397606	0.999949922	5.370200242	5.414469147	5.449078392	5.362290451	NON	NON
MvSl-1064-A1-R4_A1g00351	0.0301	0.0053	0.0195	0.0027	1.543589744	Black	OldStrata	1607578	1607793	6.501227834	0.198779887	0.198779887	0.409390671	0.952611544	6.874788815	6.252593908	6.18400944	6.585140546	NON	NON
MvSl-1064-A1-R4_A1g01368	0.0256	0.0041	0.0195	0.0023	1.312820513	Black	OldStrata	1166037	1167381	5.968992551	-0.173537055	0.173537055	0.480396082	0.97871377	6.058458009	5.676137919	5.705692872	6.333261228	NON	NON
MvSl-1064-A1-R4_MC11g10716	0.0195	0.0068	0.0196	0.0041	0.994897959	Auto	Auto	1365431	1367006	7.446606803	-0.367724658	0.367724658	0.073123389	0.468614584	7.206545006	7.294707265	7.740644166	7.485697885	NON	NON
MvSl-1064-A1-R4_A1g00778	0.0379	0.0074	0.0198	0.0034	1.914141414	Black	OldStrata	742628	743237	4.875832498	0.389977485	0.389977485	0.140933054	0.653242946	5.040060429	5.072534401	4.316612205	4.950354127	NON	NON
MvSl-1064-A1-R4_A1g01384	0.0289	0.006	0.0201	0.0031	1.437810945	Black	OldStrata	1838292	1841771	7.461687284	-0.947792045	0.947792045	4.74E-06	0.000134121	6.799048222	7.016713595	7.929883853	7.784912615	Down	DE
MvSl-1064-A1-R4_A1g01393	0.0258	0.0082	0.0201	0.005	1.28358209	Black	OldStrata	406221	406733	6.058514993	0.3978728	0.3978728	0.039886366	0.32537075	6.276439743	6.209150629	5.828172275	5.863410803	NON	NON
MvSl-1064-A1-R4_A1g01189	0.0283	0.01	0.0202	0.0052	1.400990099	Black	OldStrata	896092	900842	7.152241064	0.516954041	0.516954041	0.011500675	0.130396913	7.39941328	7.375120093	6.660247717	7.054480409	NON	NON
MvSl-1064-A1-R4_A1g00514	0.0212	0.0038	0.0206	0.0026	1.029126214	Black	OldStrata	2082576	2084202	7.255506686	-0.1411675	0.1411675	0.619431849	0.994463625	7.522817814	6.738494897	6.946732928	7.623489419	NON	NON
MvSl-1064-A1-R4_A1g00281	0.0484	0.0067	0.0208	0.0028	2.326923077	Black	OldStrata	679143	681507	6.155642993	0.0839626	0.0839626	0.704406304	0.999949922	6.403499488	5.955665829	5.943556501	6.264828172	NON	NON
MvSl-1064-A1-R4_A1g00960	0.0374	0.0155	0.021	0.0067	1.780952381	Black	OldStrata	2004135	2004905	7.509170062	-0.16311838	0.16311838	0.503724144	0.982488598	7.656908565	7.149525878	7.331795454	7.806313564	NON	NON
MvSl-1064-A1-R4_A1g00772	0.0345	0.0116	0.0213	0.0054	1.61971831	Blue	OldStrata	468377	470856	3.861082663	-0.447897559	0.447897559	0.206911815	0.775828557	3.284267261	3.896886764	4.448895182	3.547374168	NON	NON
MvSl-1064-A1-R4_A1g00513	0.0215	0.0073	0.0217	0.0042	0.99078341	Black	OldStrata	2207283	2207567	5.76904853	-0.036290579	0.036290579	0.858251991	0.999949922	5.717252433	5.783704593	5.814611681	5.758989152	NON	NON
MvSl-1064-A1-R4_A1g00842	0.0636	0.014	0.022	0.0048	2.890909091	Black	OldStrata	1526188	1527713	6.494307529	-0.32013805	0.32013805	0.13653441	0.647654967	6.09482704	6.524791563	6.772519873	6.506258889	NON	NON
MvSl-1064-A1-R4_A1g00507	0.0282	0.0053	0.022	0.0028	1.281818182	Black	OldStrata	2165490	2171869	5.89655757	0.015950984	0.015950984	0.945150949	0.999949922	6.025341867	5.772555793	5.600573118	6.128749724	NON	NON
MvSl-1064-A1-R4_A1g00845	0.0342	0.0051	0.022	0.0027	1.554545455	Black	OldStrata	1786241	1788119	5.98148388	0.042076431	0.042076431	0.841217261	0.999949922	6.143865267	5.845303676	5.832215722	6.078036045	NON	NON
MvSl-1064-A1-R4_A1g00920	0.0293	0.0044	0.0231	0.0027	1.268398268	Black	OldStrata	3044289	3046699	3.672418951	-0.976671928	0.976671928	0.011418393	0.129635917	3.580588874	2.414418429	3.788055577	4.324885121	NON	NON
MvSl-1064-A1-R4_A1g00144	0.0496	0.0204	0.0236	0.0084	2.101694915	Black	OldStrata	1162650	1164414	6.389208762	-0.412659961	0.412659961	0.053566618	0.391068336	6.049220668	6.279096298	6.790641832	6.335225637	NON	NON
MvSl-1064-A1-R4_A1g00350	0.0239	0.0057	0.0239	0.0038	1	Black	OldStrata	1608112	1609203	4.674464515	0.902069081	0.902069081	0.000693619	0.012975377	4.77956537	5.282714221	4.225270795	4.079797675	Up	DE
MvSl-1064-A1-R4_A1g00957	0.029	0.0119	0.0245	0.0071	1.183673469	Black	OldStrata	1991175	1993509	5.095798749	0.390662934	0.390662934	0.090218281	0.52625088	5.14976602	5.393598278	4.90299064	4.871330818	NON	NON
MvSl-1064-A1-R4_A1g00495	0.0619	0.0146	0.0248	0.0061	2.495967742	Blue	OldStrata	3171155	3174630	6.456170652	-1.952930588	1.952930588	1.30E-23	1.65E-21	5.143992398	5.205598012	7.083055154	7.166291679	Down	DE
MvSl-1064-A1-R4_A1g01219	0.057	0.0085	0.0253	0.0035	2.252964427	Black	OldStrata	2573298	2575010	10.72718883	-0.829550149	0.829550149	0.028399081	0.257353609	9.822889405	10.58493239	11.25001652	10.89443202	NON	NON
MvSl-1064-A1-R4_A1g00269	0.0492	0.0092	0.0256	0.004	1.921875	Black	OldStrata	1139524	1144406	6.339085605	-4.216289271	4.216289271	2.19E-61	1.56E-58	3.359271189	2.691962548	7.291736728	7.236816721	Down	DE
MvSl-1064-A1-R4_A1g00854	0.0559	0.0098	0.0268	0.0038	2.085820896	Purple	OldStrata	1796095	1800988	7.27391874	0.751578848	0.751578848	0.000343104	0.006853261	7.590182561	7.611418397	6.648830291	7.026183504	Up	DE
MvSl-1064-A1-R4_A1g00921	0.031	0.0088	0.0272	0.0048	1.139705882	Black	OldStrata	3068865	3070179	7.383520799	0.145781482	0.145781482	0.464782804	0.976188214	7.484875985	7.423440747	7.390100775	7.222560382	NON	NON
MvSl-1064-A1-R4_A1g00327	0.0284	0.0129	0.0278	0.0081	1.021582734	Black	OldStrata	1199905	1206247	4.136656062	-0.087017264	0.087017264	0.742908603	0.999949922	4.05681556	4.128287818	4.170964231	4.188106733	NON	NON
MvSl-1064-A1-R4_A1g00840	0.0399	0.0091	0.0288	0.005	1.385416667	Black	OldStrata	3189050	3195319	6.710870848	0.269924924	0.269924924	0.144824434	0.661380388	6.752377784	6.921227202	6.610890881	6.527031968	NON	NON
MvSl-1064-A1-R4_A1g00433	0.0201	0.0066	0.029	0.005	0.693103448	Black	OldStrata	1688108	1688798	5.37347803	-0.345609102	0.345609102	0.122607803	0.628025229	5.299244679	5.074553178	5.427859192	5.636891132	NON	NON
MvSl-1064-A1-R4_A1g00647	0.0753	0.0231	0.0295	0.008	2.552542373	Black	OldStrata	741065	742055	7.480054117	-0.06376242	0.06376242	0.789980705	0.999949922	7.337101654	7.550715026	7.792408492	7.162424356	NON	NON
MvSl-1064-A1-R4_A1g00749	0.0228	0.0047	0.03	0.0037	0.76	Black	OldStrata	1108286	1110870	6.600892322	-0.432980787	0.432980787	0.208677142	0.7774405	6.849587051	5.642511478	6.35300888	7.142930696	NON	NON
MvSl-1064-A1-R4_A1g00644	0.0291	0.0062	0.0318	0.0046	0.91509434	Black	OldStrata	1751427	1752854	5.076743613	-1.306575235	1.306575235	7.95E-08	3.00E-06	4.42698439	4.128287818	5.70716142	5.457345095	Down	DE
MvSl-1064-A1-R4_A1g00193	0.0891	0.0205	0.0318	0.0056	2.801886792	Black	OldStrata	1648933	1652928	8.564615798	-0.688650635	0.688650635	0.004250001	0.059048018	8.121417663	8.23591116	8.919485806	8.815166942	NON	NON
MvSl-1064-A1-R4_A1g00367	0.047	0.0107	0.0336	0.0054	1.398809524	Red	ColorStrata	248916	251783	4.023885874	-0.553218188	0.553218188	0.040568435	0.328427608	3.742173882	3.706937046	4.308895087	4.2393572	NON	NON
MvSl-1064-A1-R4_MC10-1g09665	0.0997	0.0358	0.0341	0.0086	2.923753666	Auto	Auto	117397	118642	7.9073958	0.041972836	0.041972836	0.843018199	0.999949922	7.887476519	7.967823249	7.819139186	7.950405561	NON	NON
MvSl-1064-A1-R4_A1g01252	0.0708	0.0172	0.0369	0.0079	1.918699187	Orange	ColorStrata	473140	476235	6.604510098	-0.111374107	0.111374107	0.549697382	0.990961921	6.554041384	6.541672778	6.646535923	6.671640035	NON	NON
MvSl-1064-A1-R4_A1g00312	0.0263	0.0142	0.0377	0.0108	0.697612732	Black	OldStrata	1486271	1487768	8.489494858	-3.601662265	3.601662265	1.65E-35	3.71E-33	5.878926465	5.665462493	9.613607804	9.090179052	Down	DE
MvSl-1064-A1-R4_A1g00997	0.0258	0.0065	0.0395	0.0058	0.653164557	Blue	OldStrata	1970332	1974462	5.93035825	-3.509378289	3.509378289	8.24E-55	4.40E-52	3.405047503	3.215539058	6.86357204	6.754713857	Down	DE
MvSl-1064-A1-R4_A1g00448	0.065	0.015	0.0409	0.0062	1.589242054	Black	OldStrata	3110528	3114459	6.769288689	-2.200893457	2.200893457	1.52E-25	2.25E-23	5.418827812	5.143487511	7.650779306	7.299533825	Down	DE
MvSl-1064-A1-R4_A1g00752	0.0693	0.0149	0.0411	0.0069	1.686131387	Black	OldStrata	1010063	1012204	3.566412471	-5.754454425	5.754454425	7.24E-43	2.69E-40	-0.58227834	-1.382795818	4.627030059	4.46064975	Down	DE
MvSl-1064-A1-R4_A1g00478	0.0954	0.0143	0.0443	0.0053	2.153498871	Blue	OldStrata	3114574	3115941	7.070975227	-0.180090396	0.180090396	0.348266735	0.918795024	6.863121803	7.084897899	7.193525165	7.122032628	NON	NON
MvSl-1064-A1-R4_A1g00349	0.1173	0.0274	0.0516	0.0096	2.273255814	Black	OldStrata	1701948	1703146	10.89651077	2.448345756	2.448345756	1.57E-10	8.58E-09	11.86238788	11.4096367	9.013437315	9.375056075	Up	DE
MvSl-1064-A1-R4_A1g00726	0.1207	0.0276	0.0516	0.0097	2.339147287	Black	OldStrata	578151	581054	7.513339964	-0.323750225	0.323750225	0.12374545	0.62870495	7.278579222	7.403904908	7.818120189	7.496270889	NON	NON
MvSl-1064-A1-R4_A1g01404	0.0823	0.0181	0.0533	0.0082	1.544090056	Black	OldStrata	1207176	1208666	2.637666471	-5.516663924	5.516663924	2.10E-31	4.08E-29	-1.56888085	-1.382795818	3.553488082	3.676947153	Down	DE
MvSl-1064-A1-R4_A1g00175	0.1432	0.0181	0.0538	0.0065	2.661710037	Purple	OldStrata	2723676	2724484	6.255647499	0.199201769	0.199201769	0.317498116	0.898238153	6.499318156	6.186928362	6.227639651	6.073336074	NON	NON
MvSl-1064-A1-R4_A1g00533	0.0717	0.0175	0.0568	0.0096	1.262323944	Black	OldStrata	1356910	1358431	6.013655575	-0.112005668	0.112005668	0.564362193	0.99268324	5.962216717	5.951277861	6.111556503	6.024257403	NON	NON
MvSl-1064-A1-R4_A1g01135	0.1527	0.0286	0.0626	0.0108	2.439297125	Black	OldStrata	1112670	1116562	5.749579335	0.917019786	0.917019786	1.04E-05	0.000281899	6.122493514	6.147196214	5.311029848	5.121749635	Up	DE
MvSl-1064-A1-R4_A1g00624	0.0899	0.0213	0.0656	0.0115	1.370426829	Purple	OldStrata	907140	907771	6.80534784	-0.708893366	0.708893366	0.000113263	0.002541427	6.408324205	6.408769044	7.180897076	7.049702941	Down	DE
MvSl-1064-A1-R4_MC04-1g05647	0.0872	0.0251	0.0656	0.0144	1.329268293	Auto	Auto	821521	824839	3.622662011	0.130466904	0.130466904	0.652858814	0.999949922	3.608807992	3.75807672	3.635988111	3.470814831	NON	NON
MvSl-1064-A1-R4_A1g00230	0.1111	0.0287	0.0678	0.0117	1.638643068	Purple	OldStrata	919803	924298	5.230187082	1.402672746	1.402672746	2.99E-09	1.32E-07	5.838983877	5.685414554	4.170964231	4.537736211	Up	DE
MvSl-1064-A1-R4_MC03g04645	0.1446	0.0346	0.0846	0.0143	1.709219858	Auto	Auto	930236	931778	5.66699984	-0.008785653	0.008785653	0.96864799	0.999949922	5.425189389	5.866431465	5.771745068	5.563379519	NON	NON
MvSl-1064-A1-R4_MC01-1g01710	0.1245	0.0314	0.1068	0.0157	1.165730337	Auto	Auto	21189	21699	3.903693828	0.681156019	0.681156019	0.051892779	0.382111428	3.910324651	4.441530415	3.915483842	2.982050958	NON	NON
MvSl-1064-A1-R4_A1g00591	0.4195	0.0461	0.2049	0.0163	2.047340166	Black	OldStrata	552007	553387	3.876731588	-4.272358924	4.272358924	9.78E-25	1.35E-22	1.027525212	0.060947975	4.380592681	5.139844794	Down	DE
MvSl-1064-A1-R4_A1g00328	0.2594	0.0465	0.2396	0.0299	1.08263773	Black	OldStrata	3104710	3107087	3.04690908	-0.093060328	0.093060328	0.798606348	0.999949922	2.620673914	3.300788254	3.365403496	2.754356521	NON	NON