gid	gname	chr	start	end	logCPM	logFC.A1.A2	PV.A1.A2	FDR.A1.A2	A1_1	A1_2	A2_1	A2_2	group1.expr.minus	group2.expr.minus	ratio
MvSl-1064-A1-R4_A1g00004	MvSl-1064-A1-R4_A1	aMAT	2563	6967	6.331037238	-0.092774478	0.613905967	0.999958419	6.322613736	6.244150331	6.346628192	6.405879306	6.283382034	6.376253749	-0.019268577
MvSl-1064-A1-R4_A1g00005	MvSl-1064-A1-R4_A1	aMAT	7783	9967	5.916193045	-0.059029749	0.773412573	0.999958419	5.794052874	5.973029683	6.025132572	5.860829944	5.883541279	5.942981258	-0.013118053
MvSl-1064-A1-R4_A1g00006	MvSl-1064-A1-R4_A1	aMAT	10297	11118	7.432435503	0.008686399	0.965905871	0.999958419	7.331307728	7.535010758	7.485395252	7.368424573	7.433159243	7.426909913	0.001119443
MvSl-1064-A1-R4_A1g00007	MvSl-1064-A1-R4_A1	aMAT	11416	12757	7.707787016	0.210262502	0.311383635	0.945084766	7.715259214	7.89718937	7.611350788	7.586415163	7.806224292	7.598882976	0.035927305
MvSl-1064-A1-R4_A1g00008	MvSl-1064-A1-R4_A1	aMAT	13778	17299	7.668700282	0.432991252	0.10482233	0.659023586	7.567144073	8.118516847	7.724074711	7.076313012	7.84283046	7.400193862	0.077466818
MvSl-1064-A1-R4_A1g00009	MvSl-1064-A1-R4_A1	aMAT	17742	19664	7.48257019	0.706101624	0.011832871	0.18623183	7.295073378	8.162255044	7.297162385	6.841342334	7.728664211	7.06925236	0.118644822
MvSl-1064-A1-R4_A1g00013	MvSl-1064-A1-R4_A1	aMAT	25010	25687	6.101611484	0.051676877	0.786979704	0.999958419	6.165570737	6.087879102	6.078750701	6.072467594	6.126724919	6.075609147	0.010965723
MvSl-1064-A1-R4_A1g00017	MvSl-1064-A1-R4_A1	aMAT	32832	32999	1.165118263	-0.889547079	0.048414505	0.448778782	0.282163865	0.965564	1.22353768	1.759902609	0.623863933	1.491720145	-0.761752711
MvSl-1064-A1-R4_A1g00025	MvSl-1064-A1-R4_A1	aMAT	44670	45575	0.898321535	-0.216576115	0.65660409	0.999958419	1.189780108	0.238559882	0.640509712	1.279421104	0.714169995	0.959965408	-0.243302194
MvSl-1064-A1-R4_A1g00031	MvSl-1064-A1-R4_A1	aMAT	60777	61230	4.633687528	-0.118574157	0.656854732	0.999958419	4.48281534	4.657998243	4.408748092	4.927466109	4.570406792	4.6681071	-0.026883956
MvSl-1064-A1-R4_A1g00032	MvSl-1064-A1-R4_A1	aMAT	61566	63177	9.338396016	0.061240754	0.821500452	0.999958419	9.348441402	9.388661784	9.347744848	9.266018651	9.368551593	9.30688175	0.00893142
MvSl-1064-A1-R4_A1g00033	MvSl-1064-A1-R4_A1	aMAT	63513	66190	4.596058018	-0.284616013	0.242580203	0.882867969	4.433885895	4.459406433	4.707452897	4.752696941	4.446646164	4.730074919	-0.078469771
MvSl-1064-A1-R4_A1g00035	MvSl-1064-A1-R4_A1	aMAT	68178	68401	5.124794164	0.425650311	0.065706772	0.529848335	5.244539252	5.395677707	4.994602318	4.793669164	5.32010848	4.894135741	0.107282049
MvSl-1064-A1-R4_A1g00036	MvSl-1064-A1-R4_A1	aMAT	68795	70180	5.331680874	0.003551398	0.986900058	0.999958419	5.319569804	5.347187874	5.34349777	5.316202274	5.333378839	5.329850022	0.000854844
MvSl-1064-A1-R4_A1g00037	MvSl-1064-A1-R4_A1	aMAT	71408	72880	4.731582684	0.137660032	0.573894766	0.999958419	4.887651657	4.704363765	4.544802349	4.769709008	4.796007711	4.657255679	0.037414868
MvSl-1064-A1-R4_A1g00039	MvSl-1064-A1-R4_A1	aMAT	77299	78423	8.113146485	0.295471116	0.195195377	0.830462169	8.183521926	8.319933404	8.093439576	7.808457943	8.251727665	7.95094876	0.049738127
MvSl-1064-A1-R4_A1g00040	MvSl-1064-A1-R4_A1	aMAT	79342	82258	1.209438555	-0.153782551	0.708575573	0.999958419	1.010700459	1.241901245	1.195045959	1.358657151	1.126300852	1.276851555	-0.119051832
MvSl-1064-A1-R4_A1g00046	MvSl-1064-A1-R4_A1	aMAT	89113	90244	3.905101402	0.172808324	0.538855769	0.999958419	4.072161155	3.90105375	3.878767083	3.753030379	3.986607452	3.815898731	0.054431706
MvSl-1064-A1-R4_A1g00047	MvSl-1064-A1-R4_A1	aMAT	90443	91903	4.992476538	0.101448809	0.668080853	0.999958419	4.92353937	5.151903479	4.988389483	4.892390922	5.037721425	4.940390203	0.02501778
MvSl-1064-A1-R4_A1g00048	MvSl-1064-A1-R4_A1	aMAT	92386	93655	4.810124688	0.007485268	0.974758817	0.999958419	4.829388608	4.798204851	4.804946785	4.807856549	4.813796729	4.806401667	0.001963359
MvSl-1064-A1-R4_A1g00049	MvSl-1064-A1-R4_A1	aMAT	94248	95819	5.335718044	0.016501789	0.941272848	0.999958419	5.344367756	5.343530358	5.175019633	5.46536786	5.343949057	5.320193747	0.005754212
MvSl-1064-A1-R4_A1g00050	MvSl-1064-A1-R4_A1	aMAT	96486	99661	5.508883333	-0.305565903	0.309054835	0.945084766	4.72866189	5.779520959	5.78101958	5.51233013	5.254091425	5.646674855	-0.093275008
MvSl-1064-A1-R4_A1g00051	MvSl-1064-A1-R4_A1	aMAT	101324	106023	6.856856651	0.525224843	0.024863779	0.303485109	6.791396853	7.346876665	6.785124925	6.319394332	7.069136759	6.552259628	0.100341707
MvSl-1064-A1-R4_A1g00052	MvSl-1064-A1-R4_A1	aMAT	106474	107890	1.169143769	-0.24696277	0.589975637	0.999958419	0.891508457	1.177619195	1.679344092	0.723173516	1.034563826	1.201258804	-0.138177317
MvSl-1064-A1-R4_A1g00053	MvSl-1064-A1-R4_A1	aMAT	108409	108819	6.569003688	0.092722371	0.632698291	0.999958419	6.510471055	6.711701588	6.618119322	6.419032533	6.611086321	6.518575928	0.018566113
MvSl-1064-A1-R4_A1g00054	MvSl-1064-A1-R4_A1	aMAT	111120	112733	2.508820871	-0.264670368	0.460620123	0.999958419	2.225828617	2.501639513	2.897177754	2.304500823	2.363734065	2.600839288	-0.110180355
MvSl-1064-A1-R4_A1g00055	MvSl-1064-A1-R4_A1	aMAT	113646	115349	5.405796893	-0.468008418	0.049411921	0.453473626	5.323412727	4.959824054	5.434665139	5.783969646	5.141618391	5.609317393	-0.112527377
MvSl-1064-A1-R4_A1g00056	MvSl-1064-A1-R4_A1	aMAT	115614	117044	8.462296167	0.138986425	0.597395574	0.999958419	8.201643397	8.797468568	8.381733628	8.400543448	8.499555982	8.391138538	0.017246833
MvSl-1064-A1-R4_A1g00057	MvSl-1064-A1-R4_A1	aMAT	118986	121284	4.609910819	-0.05443888	0.832362274	0.999958419	4.360976168	4.773952496	4.67429408	4.598012098	4.567464332	4.636153089	-0.018963751
MvSl-1064-A1-R4_A1g00061	MvSl-1064-A1-R4_A1	aMAT	125081	126633	7.074446488	0.162009488	0.38538076	0.98684762	7.135922302	7.170250696	7.042159657	6.938571948	7.153086499	6.990365803	0.030506444
MvSl-1064-A1-R4_A1g00062	MvSl-1064-A1-R4_A1	aMAT	128311	129271	6.077510756	-0.149956869	0.44175935	0.999958419	5.994150779	6.006952412	6.232980517	6.062640846	6.000551595	6.147810681	-0.031719481
MvSl-1064-A1-R4_A1g00063	MvSl-1064-A1-R4_A1	aMAT	130054	132843	5.006200366	0.061904548	0.788441369	0.999958419	5.011920433	5.06128654	4.98423268	4.965932483	5.036603486	4.975082581	0.015765792
MvSl-1064-A1-R4_A1g00064	MvSl-1064-A1-R4_A1	aMAT	133237	134512	8.224538763	-0.174246289	0.444678169	0.999958419	8.065726653	8.200668448	8.379163613	8.235197802	8.13319755	8.307180707	-0.028382093
MvSl-1064-A1-R4_A1g00065	MvSl-1064-A1-R4_A1	aMAT	135668	136821	7.245249931	0.256054292	0.188949424	0.822268879	7.421018731	7.312210314	7.12802976	7.095234597	7.366614522	7.111632178	0.046788071
MvSl-1064-A1-R4_A1g00066	MvSl-1064-A1-R4_A1	aMAT	137505	140273	8.000348233	0.031593411	0.893788555	0.999958419	7.924226684	8.102375822	8.192924801	7.740743534	8.013301253	7.966834167	0.007782509
MvSl-1064-A1-R4_A1g00067	MvSl-1064-A1-R4_A1	aMAT	141157	141857	1.426918739	-0.223086763	0.606298017	0.999958419	1.436825263	1.177619195	1.043481563	1.890069826	1.307222229	1.466775695	-0.114531863
MvSl-1064-A1-R4_A1g00068	MvSl-1064-A1-R4_A1	aMAT	142411	144606	1.095444543	-0.392762525	0.405337297	0.999958419	0.932343106	0.846572997	0.640509712	1.700308521	0.889458051	1.170409117	-0.245680477
MvSl-1064-A1-R4_A1g00069	MvSl-1064-A1-R4_A1	aMAT	145335	146902	5.967524556	-0.260923672	0.248276393	0.890868542	6.025156322	5.607207381	5.910425425	6.25267843	5.816181852	6.081551928	-0.058255864
MvSl-1064-A1-R4_A1g00070	MvSl-1064-A1-R4_A1	aMAT	149220	153705	7.239654826	0.338336875	0.084188877	0.60140699	7.43040336	7.366833192	6.985578873	7.13234916	7.398618276	7.058964016	0.062411239
MvSl-1064-A1-R4_A1g00072	MvSl-1064-A1-R4_A1	aMAT	158422	160299	7.791521101	0.103669735	0.68036499	0.999958419	8.111451187	7.511570802	7.54234444	7.911690595	7.811510994	7.727017517	0.014523709
MvSl-1064-A1-R4_A1g00073	MvSl-1064-A1-R4_A1	aMAT	160618	163050	5.058196663	-0.80991947	0.001916073	0.049762042	4.832088603	4.317466843	5.54883681	5.244996893	4.574777723	5.396916852	-0.211815877
MvSl-1064-A1-R4_A1g00074	MvSl-1064-A1-R4_A1	aMAT	165329	166779	8.733440389	0.569611229	0.050992451	0.460354434	8.635039383	9.275169495	8.615365001	8.195955786	8.955104439	8.405660394	0.085220301
MvSl-1064-A1-R4_A1g00076	MvSl-1064-A1-R4_A1	aMAT	171697	173594	7.094952543	-0.042967715	0.819650896	0.999958419	7.005657271	7.137886629	7.102849018	7.129527847	7.07177195	7.116188433	-0.008302787
MvSl-1064-A1-R4_A1g00077	MvSl-1064-A1-R4_A1	aMAT	173863	176567	6.573761795	0.049928904	0.798496139	0.999958419	6.504559513	6.686659062	6.665616765	6.421341294	6.595609287	6.543479029	0.010455182
MvSl-1064-A1-R4_A1g00078	MvSl-1064-A1-R4_A1	aMAT	177417	178892	7.115664734	0.994579566	8.82E-05	0.003970201	7.302393418	7.724802124	6.845949474	6.138506951	7.513597771	6.492228212	0.193493657
MvSl-1064-A1-R4_A1g00079	MvSl-1064-A1-R4_A1	aMAT	179366	179827	5.644287357	1.64719803	7.86E-10	7.96E-08	6.547084735	5.863644433	4.361456565	4.807856549	6.205364584	4.584656557	0.390848985
MvSl-1064-A1-R4_A1g00080	MvSl-1064-A1-R4_A1	aMAT	180716	185718	5.5144551	1.361803636	8.69E-10	8.67E-08	6.185765975	5.880148605	4.707452897	4.65667321	6.03295729	4.682063054	0.3272286
MvSl-1064-A1-R4_A1g00109	MvSl-1064-A1-R4_A1	aMAT	234418	236731	7.024310442	0.203157286	0.364257944	0.976804264	6.865750029	7.340009714	7.105721829	6.705225379	7.102879871	6.905473604	0.037337627
MvSl-1064-A1-R4_A1g00110	MvSl-1064-A1-R4_A1	aMAT	238849	239016	8.215836299	-0.239746971	0.294484251	0.940149944	8.180611842	7.995437599	8.264298626	8.394092918	8.08802472	8.329195772	-0.039395292
MvSl-1064-A1-R4_A1g00113	MvSl-1064-A1-R4_A1	aMAT	244443	244638	7.932851141	0.078226036	0.72590681	0.999958419	8.137060205	7.784357893	7.869483977	7.916608751	7.960709049	7.893046364	0.011416218
MvSl-1064-A1-R4_A1g00144	MvSl-1064-A1-R4_A1	aMAT	1139524	1144406	6.632205996	0.362255569	0.086999707	0.608315059	6.571526282	7.000641428	6.551552325	6.319394332	6.786083855	6.435473328	0.069930629
MvSl-1064-A1-R4_A1g00153	MvSl-1064-A1-R4_A1	aMAT	2573298	2575010	7.857907234	0.232458835	0.297314439	0.941690388	8.041434547	7.893754673	7.546226794	7.905656657	7.96759461	7.725941725	0.041160454
MvSl-1064-A1-R4_A1g00154	MvSl-1064-A1-R4_A1	aMAT	2575916	2576612	4.899184712	1.199907107	6.98E-07	4.57E-05	5.302148837	5.45111325	4.227198383	4.137017987	5.376631044	4.182108185	0.320253234
MvSl-1064-A1-R4_A1g00155	MvSl-1064-A1-R4_A1	aMAT	2576791	2577822	6.313487878	-0.424687393	0.03190764	0.354405552	5.905921725	6.245130827	6.550849818	6.467502116	6.075526276	6.509175967	-0.090487259
MvSl-1064-A1-R4_A1g00165	MvSl-1064-A1-R4_A1	aMAT	621126	622892	7.596577433	0.648642332	0.001442787	0.039964658	7.957064013	7.808769028	7.223253013	7.249591	7.882916521	7.236422007	0.114031426
MvSl-1064-A1-R4_A1g00175	MvSl-1064-A1-R4_A1	aMAT	2578833	2582754	7.139978329	0.179277963	0.367983368	0.979464616	7.107231128	7.337253755	6.947654513	7.141247092	7.222242442	7.044450803	0.033067343
MvSl-1064-A1-R4_A1g00184	MvSl-1064-A1-R4_A1	aMAT	1966448	1967834	6.201472736	-0.151634745	0.443800623	0.999958419	6.107695001	6.139413474	6.416163898	6.118726101	6.123554238	6.267444999	-0.030442458
MvSl-1064-A1-R4_A1g00185	MvSl-1064-A1-R4_A1	aMAT	912091	913460	8.405143473	-0.391179053	0.091667575	0.621441975	8.168912453	8.22323494	8.556738227	8.617432765	8.196073696	8.587085496	-0.062581418
MvSl-1064-A1-R4_A1g00186	MvSl-1064-A1-R4_A1	aMAT	914330	919259	7.493225087	-0.052625562	0.793265461	0.999958419	7.479018459	7.454219356	7.612024451	7.420134885	7.466618907	7.516079668	-0.008792993
MvSl-1064-A1-R4_A1g00193	MvSl-1064-A1-R4_A1	aMAT	1550514	1551842	8.529107462	0.702608647	0.003346381	0.07620808	8.785402023	8.888917602	8.191798687	8.077256124	8.837159813	8.134527406	0.111330388
MvSl-1064-A1-R4_A1g00211	MvSl-1064-A1-R4_A1	aMAT	1116801	1118832	9.025083009	-0.182895244	0.484132302	0.999958419	8.933711607	8.927755336	9.032075636	9.19076189	8.930733471	9.111418763	-0.027027788
MvSl-1064-A1-R4_A1g00241	MvSl-1064-A1-R4_A1	aMAT	1098507	1099824	7.574849766	-0.662073361	0.001062325	0.031128913	7.209927458	7.202409537	7.936096926	7.79635333	7.206168498	7.866225128	-0.116761405
MvSl-1064-A1-R4_A1g00242	MvSl-1064-A1-R4_A1	aMAT	1108286	1110870	5.629104964	-0.639026403	0.001909543	0.049737443	5.346257751	5.199216356	5.966286817	5.856286507	5.272737054	5.911286662	-0.148336909
MvSl-1064-A1-R4_A1g00245	MvSl-1064-A1-R4_A1	aMAT	1060653	1061300	4.569917203	0.822763866	0.01087427	0.17773945	4.598336826	5.189062122	4.463524702	3.625336571	4.893699474	4.044430636	0.241135706
MvSl-1064-A1-R4_A1g00246	MvSl-1064-A1-R4_A1	aMAT	551158	551514	6.349903641	-0.870177676	2.70E-06	0.00016678	5.890461818	5.808994983	6.688152922	6.749999634	5.849728401	6.719076278	-0.181791337
MvSl-1064-A1-R4_A1g00254	MvSl-1064-A1-R4_A1	aMAT	667810	671393	4.779274622	1.93412253	2.25E-12	2.82E-10	5.604931189	5.266432301	3.255541595	3.74322064	5.435681745	3.499381118	0.555429425
MvSl-1064-A1-R4_A1g00270	MvSl-1064-A1-R4_A1	aMAT	1111101	1112366	5.523770767	1.146581982	3.20E-07	2.23E-05	5.992944847	5.980113922	4.640355179	5.019744648	5.986529385	4.830049914	0.277444204
MvSl-1064-A1-R4_A1g00280	MvSl-1064-A1-R4_A1	aMAT	713060	718328	7.874344913	-0.225684153	0.287313465	0.934316152	7.735229728	7.778613319	8.056302123	7.905106863	7.756921524	7.980704493	-0.038017373
MvSl-1064-A1-R4_A1g00281	MvSl-1064-A1-R4_A1	aMAT	704230	705173	6.407620966	-0.066072746	0.741194645	0.999958419	6.469439715	6.272317599	6.266741717	6.595009196	6.370878657	6.430875457	-0.012321822
MvSl-1064-A1-R4_A1g00290	MvSl-1064-A1-R4_A1	aMAT	407531	411380	7.22979762	-0.171909394	0.394721764	0.99271075	7.042843218	7.233373128	7.196553288	7.420904294	7.138108173	7.308728791	-0.031369231
MvSl-1064-A1-R4_A1g00292	MvSl-1064-A1-R4_A1	aMAT	1132727	1134319	6.842813175	0.909844551	5.03E-06	0.000296534	7.088722794	7.353711085	6.461723184	6.158942903	7.22121694	6.310333044	0.1780595
MvSl-1064-A1-R4_A1g00311	MvSl-1064-A1-R4_A1	aMAT	1396587	1398849	8.288515389	-0.024241788	0.918945153	0.999958419	8.392302542	8.150267033	8.154366299	8.433324019	8.271284788	8.293845159	-0.003654411
MvSl-1064-A1-R4_A1g00312	MvSl-1064-A1-R4_A1	aMAT	1393224	1396199	8.463950488	3.506293707	2.51E-34	1.32E-31	9.059859955	9.578671633	5.734757334	5.934879493	9.319265794	5.834818414	0.622460163
MvSl-1064-A1-R4_A1g00326	MvSl-1064-A1-R4_A1	aMAT	1162650	1164414	4.179200728	-12.52043259	1.26E-71	3.75E-68	-3.357020002	-3.357020002	5.035351226	5.287803045	-3.357020002	5.161577136	NA
MvSl-1064-A1-R4_A1g00327	MvSl-1064-A1-R4_A1	aMAT	1158935	1161921	4.187143245	0.092850987	0.727482579	0.999958419	4.256312067	4.209086243	4.173445458	4.106734908	4.232699155	4.140090183	0.027776185
MvSl-1064-A1-R4_A1g00351	MvSl-1064-A1-R4_A1	aMAT	1488010	1490661	8.575120942	-0.242191733	0.311229209	0.945084766	8.459979671	8.437826574	8.692711886	8.689442267	8.448903122	8.691077076	-0.038004015
MvSl-1064-A1-R4_A1g00352	MvSl-1064-A1-R4_A1	aMAT	1486271	1487768	5.599888393	-0.189240511	0.387454596	0.9888672	5.376165726	5.617844601	5.844309052	5.519531836	5.497005163	5.681920444	-0.042939324
MvSl-1064-A1-R4_A1g00359	MvSl-1064-A1-R4_A1	aMAT	679143	681507	8.618965431	0.268073831	0.309836908	0.945084766	8.648121944	8.839136468	8.708231463	8.205811008	8.743629206	8.457021236	0.044830083
MvSl-1064-A1-R4_A1g00367	MvSl-1064-A1-R4_A1	aMAT	245502	246121	3.979303609	0.55317147	0.045559162	0.436857925	4.194707427	4.264294048	3.666888549	3.693145751	4.229500738	3.68001715	0.173347048
MvSl-1064-A1-R4_A1g00368	MvSl-1064-A1-R4_A1	aMAT	248916	251783	6.198615494	0.047631159	0.824772652	0.999958419	6.048561394	6.377108691	6.354700873	5.968948674	6.212835042	6.161824773	0.010804656
MvSl-1064-A1-R4_A1g00369	MvSl-1064-A1-R4_A1	aMAT	270179	271004	7.05697942	0.088019809	0.646950129	0.999958419	6.983362633	7.208454582	7.064972384	6.957785847	7.095908607	7.011379116	0.015884257
MvSl-1064-A1-R4_A1g00371	MvSl-1064-A1-R4_A1	aMAT	330602	330868	7.300641091	0.323685138	0.097964138	0.638844931	7.404333904	7.500938328	7.096123462	7.163024829	7.452636116	7.129574146	0.058894055
MvSl-1064-A1-R4_A1g00372	MvSl-1064-A1-R4_A1	aMAT	337815	342587	7.426599613	-0.153090469	0.441004339	0.999958419	7.300445036	7.394051345	7.518828324	7.483007586	7.347248191	7.500917955	-0.027548062
MvSl-1064-A1-R4_A1g00373	MvSl-1064-A1-R4_A1	aMAT	342659	343448	5.639944271	-0.309993049	0.18352183	0.817155424	5.203424239	5.705940177	5.921337318	5.636761223	5.454682208	5.77904927	-0.07500215
MvSl-1064-A1-R4_A1g00374	MvSl-1064-A1-R4_A1	aMAT	343906	345432	7.754386656	-0.126027095	0.573388272	0.999958419	7.885434747	7.463937658	7.749095114	7.879866999	7.674686202	7.814481057	-0.02410077
MvSl-1064-A1-R4_A1g00380	MvSl-1064-A1-R4_A1	aMAT	901642	902941	6.359490526	0.520490676	0.005578264	0.109693542	6.548727117	6.642691022	6.017016906	6.133821766	6.595709069	6.075419336	0.107906757
MvSl-1064-A1-R4_A1g00390	MvSl-1064-A1-R4_A1	aMAT	896092	900842	5.082163748	0.02557557	0.911021036	0.999958419	5.173930263	5.011447076	5.045361122	5.09302014	5.092688669	5.069190631	0.005942457
MvSl-1064-A1-R4_A1g00391	MvSl-1064-A1-R4_A1	aMAT	895253	895922	6.989824824	-0.025817744	0.887826086	0.999958419	7.025844849	6.926179171	7.02354487	6.98144887	6.97601201	7.00249687	-0.005018918
MvSl-1064-A1-R4_A1g00394	MvSl-1064-A1-R4_A1	aMAT	889992	892373	6.296513901	0.026695248	0.907498473	0.999958419	6.02161258	6.54972516	6.470664903	6.067562587	6.28566887	6.269113745	0.003460821
MvSl-1064-A1-R4_A1g00395	MvSl-1064-A1-R4_A1	aMAT	885400	886813	8.18183627	0.272243153	0.222063653	0.859012644	8.366693261	8.254246518	8.035863256	8.042931881	8.310469889	8.039397569	0.044449895
MvSl-1064-A1-R4_A1g00396	MvSl-1064-A1-R4_A1	aMAT	863010	863649	7.564997178	0.170097067	0.41852727	0.999958419	7.515169248	7.768760649	7.587914666	7.358017022	7.641964948	7.472965844	0.02980235
MvSl-1064-A1-R4_A1g00397	MvSl-1064-A1-R4_A1	aMAT	861883	862053	9.165035659	0.122156205	0.67671674	0.999958419	8.95739907	9.450326225	9.265890055	8.918634467	9.203862648	9.092262261	0.016476493
MvSl-1064-A1-R4_A1g00398	MvSl-1064-A1-R4_A1	aMAT	856916	857392	8.050022057	0.150737593	0.500839754	0.999958419	8.035297067	8.206469103	8.073034524	7.864960773	8.120883085	7.968997649	0.025277993
MvSl-1064-A1-R4_A1g00399	MvSl-1064-A1-R4_A1	aMAT	854394	856791	7.960113093	-0.035908126	0.899931644	0.999958419	7.590055114	8.224726896	8.283877811	7.589155887	7.907391005	7.936516849	-0.004916996
MvSl-1064-A1-R4_A1g00400	MvSl-1064-A1-R4_A1	aMAT	852461	853825	4.769216816	1.072020036	0.000166362	0.006615846	5.342475281	5.06128654	3.752477599	4.446050251	5.20188091	4.099263925	0.302699925
MvSl-1064-A1-R4_A1g00401	MvSl-1064-A1-R4_A1	aMAT	849156	852184	7.357382245	0.358466712	0.239559354	0.881451766	7.040510489	7.887802686	7.513790395	6.710269471	7.464156588	7.112029933	0.064218656
MvSl-1064-A1-R4_A1g00402	MvSl-1064-A1-R4_A1	aMAT	844814	848787	7.873463901	0.029052116	0.889768403	0.999958419	7.878268218	7.89750121	7.846482773	7.871166971	7.887884714	7.858824872	0.004933912
MvSl-1064-A1-R4_A1g00403	MvSl-1064-A1-R4_A1	aMAT	841678	844038	6.725656163	0.477123411	0.009498753	0.160255471	6.876906639	7.009324041	6.516720736	6.417491305	6.94311534	6.46710602	0.09373451
MvSl-1064-A1-R4_A1g00404	MvSl-1064-A1-R4_A1	aMAT	838903	841231	3.417100287	-0.312501154	0.291758244	0.93976694	3.291393454	3.212674829	3.614063227	3.508584345	3.252034141	3.561323786	-0.110761701
MvSl-1064-A1-R4_A1g00405	MvSl-1064-A1-R4_A1	aMAT	837338	838797	4.700350718	0.555792081	0.042285111	0.420355691	4.60150527	5.233215747	4.45153059	4.342651316	4.917360508	4.397090953	0.142243041
MvSl-1064-A1-R4_A1g00406	MvSl-1064-A1-R4_A1	aMAT	1134595	1135956	5.560753048	-0.245088081	0.246388474	0.888594543	5.300200125	5.554394985	5.67926888	5.675962461	5.427297555	5.67761567	-0.05847853
MvSl-1064-A1-R4_A1g00432	MvSl-1064-A1-R4_A1	aMAT	1584006	1586510	6.971908192	0.147701251	0.435660719	0.999958419	6.978496534	7.106399398	7.008273465	6.774888575	7.042447966	6.89158102	0.028674173
MvSl-1064-A1-R4_A1g00433	MvSl-1064-A1-R4_A1	aMAT	1578575	1582088	5.32768879	0.348274381	0.122348558	0.707465373	5.592245739	5.383261917	5.029311781	5.250201199	5.487753828	5.13975649	0.084578989
MvSl-1064-A1-R4_A1g00441	MvSl-1064-A1-R4_A1	aMAT	1136196	1138565	5.342847706	0.104254767	0.678633561	0.999958419	5.063381169	5.662564709	5.370821223	5.204460987	5.362972939	5.287641105	0.018268481
MvSl-1064-A1-R4_A1g00478	MvSl-1064-A1-R4_A1	aMAT	3092860	3095963	7.064314611	0.123482527	0.516837007	0.999958419	7.088158212	7.160409606	7.095160104	6.901014334	7.124283909	6.998087219	0.02369112
MvSl-1064-A1-R4_A1g00495	MvSl-1064-A1-R4_A1	aMAT	3171155	3174630	6.936239213	2.067703556	6.86E-27	2.44E-24	7.697231419	7.555311714	5.56562656	5.55921022	7.626271567	5.56241839	0.415345139
MvSl-1064-A1-R4_A1g00503	MvSl-1064-A1-R4_A1	aMAT	1995562	1995873	6.572097444	-0.31062679	0.11373503	0.684099697	6.246734027	6.553687753	6.759815287	6.676518988	6.40021089	6.718167138	-0.063871007
MvSl-1064-A1-R4_A1g00504	MvSl-1064-A1-R4_A1	aMAT	2004135	2004905	3.615390834	0.045809758	0.875321724	0.999958419	3.562472318	3.709754458	3.630114904	3.554182373	3.636113388	3.592148639	0.014966581
MvSl-1064-A1-R4_A1g00505	MvSl-1064-A1-R4_A1	aMAT	2051926	2054309	6.297459108	0.172207716	0.535262923	0.999958419	6.717390157	5.941922862	5.832796325	6.507168628	6.329656509	6.169982476	0.03351497
MvSl-1064-A1-R4_A1g00506	MvSl-1064-A1-R4_A1	aMAT	2054540	2055464	4.936196595	0.018095169	0.938917383	0.999958419	4.987908278	4.901317909	4.992534344	4.858714947	4.944613094	4.925624645	0.004927982
MvSl-1064-A1-R4_A1g00507	MvSl-1064-A1-R4_A1	aMAT	2055616	2057858	5.888187631	0.00574296	0.979944806	0.999958419	6.117688061	5.62237951	5.761721238	5.999143956	5.870033785	5.880432597	-0.00230837
MvSl-1064-A1-R4_A1g00510	MvSl-1064-A1-R4_A1	aMAT	2058215	2058407	5.786136564	0.001327671	0.994825088	0.999958419	5.794052874	5.779520959	5.842013844	5.726626922	5.786786917	5.784320383	0.000555192
MvSl-1064-A1-R4_A1g00511	MvSl-1064-A1-R4_A1	aMAT	2058571	2059524	6.792174322	0.101736763	0.572680297	0.999958419	6.861791712	6.822265518	6.770113212	6.710269471	6.842028615	6.740191341	0.019814289
MvSl-1064-A1-R4_A1g00512	MvSl-1064-A1-R4_A1	aMAT	2080392	2081481	5.078206868	-0.035270485	0.876832312	0.999958419	5.086179066	5.034315032	5.13807929	5.051889065	5.060247049	5.094984177	-0.008789865
MvSl-1064-A1-R4_A1g00513	MvSl-1064-A1-R4_A1	aMAT	2082268	2082504	5.731284711	0.052249887	0.798795247	0.999958419	5.727455073	5.786272672	5.740929897	5.668206965	5.756863872	5.704568431	0.011872822
MvSl-1064-A1-R4_A1g00514	MvSl-1064-A1-R4_A1	aMAT	1991175	1993509	8.145986632	0.109706751	0.667353936	0.999958419	8.428434852	7.928044434	7.884616877	8.269988547	8.178239643	8.077302712	0.016639499
MvSl-1064-A1-R4_A1g00515	MvSl-1064-A1-R4_A1	aMAT	1984288	1990725	5.20789376	0.65435269	0.004271009	0.091677455	5.355670768	5.628403965	4.793114313	4.89682224	5.492037366	4.844968276	0.161332325
MvSl-1064-A1-R4_A1g00516	MvSl-1064-A1-R4_A1	aMAT	2618847	2620704	8.604052683	0.995708515	9.92E-05	0.004330622	8.819985695	9.191555579	8.092474424	7.94844132	9.005770637	8.020457872	0.15572827
MvSl-1064-A1-R4_A1g00517	MvSl-1064-A1-R4_A1	aMAT	2625755	2626956	8.927432406	-0.533503452	0.050844731	0.459822197	8.771227529	8.487144241	8.974042345	9.34171421	8.629185885	9.157878278	-0.080162486
MvSl-1064-A1-R4_A1g00518	MvSl-1064-A1-R4_A1	aMAT	2689352	2692677	6.333040186	0.322480627	0.112476398	0.67925882	6.291562476	6.656022701	6.274421831	6.042784241	6.473792588	6.158603036	0.065532643
MvSl-1064-A1-R4_A1g00519	MvSl-1064-A1-R4_A1	aMAT	2705499	2709175	7.162332146	0.329453209	0.088580395	0.61321826	7.32365373	7.311742422	6.914725159	7.058623891	7.317698076	6.986674525	0.061424265
MvSl-1064-A1-R4_A1g00520	MvSl-1064-A1-R4_A1	aMAT	2709667	2711246	5.56307402	0.210251201	0.320440773	0.951639745	5.553506087	5.767287674	5.536115014	5.368188924	5.660396881	5.452151969	0.048617412
MvSl-1064-A1-R4_A1g00521	MvSl-1064-A1-R4_A1	aMAT	2723676	2724484	6.020868852	0.294232959	0.254598983	0.897591979	5.766088255	6.469776725	6.081671852	5.61406504	6.11793249	5.847868446	0.058981114
MvSl-1064-A1-R4_A1g00522	MvSl-1064-A1-R4_A1	aMAT	1378554	1381105	1.326463675	4.658089516	1.93E-16	3.83E-14	2.141270708	2.406685599	-1.261007107	-2.803094116	2.273978154	-2.032050611	NA
MvSl-1064-A1-R4_A1g00525	MvSl-1064-A1-R4_A1	aMAT	1300472	1304579	7.298069583	0.428603192	0.028685308	0.329714483	7.526048618	7.466462137	7.040659265	7.095234597	7.496255378	7.067946931	0.078177637
MvSl-1064-A1-R4_A1g00527	MvSl-1064-A1-R4_A1	aMAT	1278622	1279107	4.833003811	0.581882017	0.040429293	0.41357782	5.313786157	4.837740883	4.17709197	4.788908861	5.07576352	4.483000416	0.158429885
MvSl-1064-A1-R4_A1g00528	MvSl-1064-A1-R4_A1	aMAT	3162864	3163091	2.779179255	-0.174837032	0.597491323	0.999958419	2.467259859	2.880472747	2.923467098	2.797013928	2.673866303	2.860240513	-0.079314486
MvSl-1064-A1-R4_A1g00530	MvSl-1064-A1-R4_A1	aMAT	3139638	3144611	6.856239434	0.006866399	0.96985639	0.999958419	6.86904035	6.850243332	6.807059478	6.897148939	6.859641841	6.852104209	0.001453862
MvSl-1064-A1-R4_A1g00532	MvSl-1064-A1-R4_A1	aMAT	3096186	3097883	5.072174373	0.189104916	0.409075598	0.999958419	5.154646406	5.172665211	5.029311781	4.918776934	5.163655808	4.974044357	0.048057358
MvSl-1064-A1-R4_A1g00533	MvSl-1064-A1-R4_A1	aMAT	1186986	1189109	6.242178345	-0.3416455	0.067235395	0.531934984	6.01924524	6.102019085	6.41693513	6.387890712	6.060632162	6.402412921	-0.071941615
MvSl-1064-A1-R4_A1g00534	MvSl-1064-A1-R4_A1	aMAT	1199905	1206247	7.591739653	0.347983004	0.085499035	0.604671992	7.752079091	7.758496925	7.479500885	7.331664854	7.755288008	7.405582869	0.06150364
MvSl-1064-A1-R4_A1g00541	MvSl-1064-A1-R4_A1	aMAT	1207176	1208666	6.270741846	0.128964275	0.621928745	0.999958419	6.66988564	5.895217446	5.942916583	6.426714076	6.282551543	6.184815329	0.020562153
MvSl-1064-A1-R4_A1g00542	MvSl-1064-A1-R4_A1	aMAT	1209281	1212345	5.211266204	-0.323479209	0.143590446	0.739134413	5.099686859	4.978810473	5.338621804	5.387210898	5.039248666	5.362916351	-0.080185109
MvSl-1064-A1-R4_A1g00543	MvSl-1064-A1-R4_A1	aMAT	1213232	1215281	7.069226702	-0.052555432	0.801752889	0.999958419	7.245300302	6.8070749	6.997486477	7.186742375	7.026187601	7.092114426	-0.012379631
MvSl-1064-A1-R4_A1g00544	MvSl-1064-A1-R4_A1	aMAT	1274366	1278155	5.687484588	-0.086776727	0.681035645	0.999958419	5.532079509	5.746665489	5.78819042	5.669502447	5.639372499	5.728846433	-0.020463904
MvSl-1064-A1-R4_A1g00575	MvSl-1064-A1-R4_A1	aMAT	924447	925599	7.440061939	0.421916294	0.039887531	0.413208033	7.686081771	7.583494117	7.329061213	7.088954936	7.634787944	7.209008074	0.076364915
MvSl-1064-A1-R4_A1g00593	MvSl-1064-A1-R4_A1	aMAT	542621	544478	8.05477918	-0.033157431	0.882993854	0.999958419	8.150102016	7.916704828	7.981638843	8.155616452	8.033403422	8.068627648	-0.005858051
MvSl-1064-A1-R4_A1g00624	MvSl-1064-A1-R4_A1	aMAT	908654	911656	7.536636438	0.808088472	8.51E-05	0.003886534	7.774710994	7.98725687	7.131322901	7.021059886	7.880983932	7.076191394	0.143416617
MvSl-1064-A1-R4_A1g00644	MvSl-1064-A1-R4_A1	aMAT	1588797	1592442	5.048246366	1.320733705	8.97E-08	6.71E-06	5.437733337	5.678620869	4.090797988	4.387425693	5.558177103	4.239111841	0.346243826
MvSl-1064-A1-R4_A1g00645	MvSl-1064-A1-R4_A1	aMAT	2791731	2799682	6.102561061	0.002624131	0.989642186	0.999958419	5.931325687	6.257816998	6.12195882	6.080281083	6.094571342	6.101119951	-0.001405542
MvSl-1064-A1-R4_A1g00646	MvSl-1064-A1-R4_A1	aMAT	2776699	2777667	8.018398802	1.509647233	8.76E-10	8.67E-08	8.335397296	8.796465639	7.191153531	6.949277912	8.565931468	7.070215722	0.256283977
MvSl-1064-A1-R4_A1g00648	MvSl-1064-A1-R4_A1	aMAT	739770	740360	6.458706383	-0.64351508	0.00055243	0.018362123	6.127612378	6.074702649	6.727229898	6.760979396	6.101157513	6.744104647	-0.131728041
MvSl-1064-A1-R4_A1g00668	MvSl-1064-A1-R4_A1	aMAT	1389234	1391759	6.334716362	5.495973042	3.47E-104	3.09E-100	7.268409376	7.339091646	2.103929022	1.52819258	7.303750511	1.816060801	1.700050155
MvSl-1064-A1-R4_A1g00669	MvSl-1064-A1-R4_A1	aMAT	1386243	1386532	5.938218421	0.154053322	0.444692834	0.999958419	5.951331615	6.072494825	5.934323571	5.780376789	6.01191322	5.85735018	0.034001342
MvSl-1064-A1-R4_A1g00693	MvSl-1064-A1-R4_A1	aMAT	1539659	1541133	7.236625937	0.01252285	0.948499175	0.999958419	7.265915376	7.219471803	7.183015811	7.276195997	7.24269359	7.229605904	0.002402228
MvSl-1064-A1-R4_A1g00694	MvSl-1064-A1-R4_A1	aMAT	1526188	1527713	7.293686908	-0.19789549	0.314026701	0.948575738	7.168333673	7.213973709	7.44513281	7.330846335	7.191153691	7.387989573	-0.035886915
MvSl-1064-A1-R4_A1g00718	MvSl-1064-A1-R4_A1	aMAT	646353	651020	5.231557667	-1.039972343	4.70E-05	0.002297712	4.440978238	4.779377251	5.879425609	5.39506329	4.610177744	5.637244449	-0.258492663
MvSl-1064-A1-R4_A1g00726	MvSl-1064-A1-R4_A1	aMAT	547576	548488	7.510655888	0.311615773	0.137596704	0.728923198	7.490172823	7.808437404	7.40293606	7.288052196	7.649305114	7.345494128	0.053976543
MvSl-1064-A1-R4_A1g00732	MvSl-1064-A1-R4_A1	aMAT	2238742	2239464	6.363684078	0.418964568	0.038234816	0.402120124	6.400169911	6.700307486	6.264172567	6.003259665	6.550238698	6.133716116	0.086291688
MvSl-1064-A1-R4_A1g00749	MvSl-1064-A1-R4_A1	aMAT	1054963	1057437	7.485614064	0.496680815	0.095093178	0.630315997	8.00091615	7.352346788	6.698339073	7.596666142	7.676631469	7.147502608	0.095029135
MvSl-1064-A1-R4_A1g00750	MvSl-1064-A1-R4_A1	aMAT	998707	1000561	6.050834059	-0.012311706	0.951128796	0.999958419	6.171978773	5.905176603	5.989284503	6.121568596	6.038577688	6.055426549	-0.003643872
MvSl-1064-A1-R4_A1g00751	MvSl-1064-A1-R4_A1	aMAT	985209	987129	8.068485686	0.330966011	0.13334433	0.726058247	8.27392262	8.173371856	7.814647562	7.968577933	8.223647238	7.891612747	0.055184387
MvSl-1064-A1-R4_A1g00772	MvSl-1064-A1-R4_A1	aMAT	411533	413382	4.150181663	0.40820065	0.232691131	0.870622395	3.850402413	4.704363765	4.198779582	3.609225091	4.277383089	3.904002336	0.114317511
MvSl-1064-A1-R4_A1g00778	MvSl-1064-A1-R4_A1	aMAT	790625	795162	4.827382544	-0.38590473	0.15102707	0.755032353	4.905707101	4.268157786	5.023246946	4.988944583	4.586932444	5.006095765	-0.111620715
MvSl-1064-A1-R4_A1g00779	MvSl-1064-A1-R4_A1	aMAT	795631	796542	8.041809097	-0.654128401	0.003064578	0.071464035	7.737031596	7.61645047	8.262368925	8.398201136	7.676741033	8.330285031	-0.109339833
MvSl-1064-A1-R4_A1g00794	MvSl-1064-A1-R4_A1	aMAT	3044289	3046699	5.247566635	-0.016901964	0.940403716	0.999958419	5.192959759	5.283712734	5.353200541	5.151671557	5.238336246	5.252436049	-0.003465813
MvSl-1064-A1-R4_A1g00801	MvSl-1064-A1-R4_A1	aMAT	527848	528105	3.669800147	0.03150145	0.92333259	0.999958419	3.35284876	3.954783646	3.874281606	3.394137716	3.653816203	3.634209661	0.006627724
MvSl-1064-A1-R4_A1g00832	MvSl-1064-A1-R4_A1	aMAT	3195577	3196417	7.420773965	-0.101008859	0.609159933	0.999958419	7.390662563	7.347789793	7.473211619	7.46745132	7.369226178	7.470331469	-0.018134324
MvSl-1064-A1-R4_A1g00840	MvSl-1064-A1-R4_A1	aMAT	3189050	3195319	6.729710943	-0.270688657	0.141434368	0.73493103	6.548727117	6.626227649	6.938015581	6.774286609	6.587477383	6.856151095	-0.052773542
MvSl-1064-A1-R4_A1g00842	MvSl-1064-A1-R4_A1	aMAT	1400757	1402594	7.444339306	0.358832298	0.139632215	0.732103455	7.397514427	7.799788315	7.505475412	6.949277912	7.598651371	7.227376662	0.066659152
MvSl-1064-A1-R4_A1g00843	MvSl-1064-A1-R4_A1	aMAT	1437496	1440368	3.93387583	0.646969295	0.023907102	0.294977936	4.044490005	4.379505229	3.619433654	3.53725155	4.211997617	3.578342602	0.20262587
MvSl-1064-A1-R4_A1g00845	MvSl-1064-A1-R4_A1	aMAT	1645733	1648754	6.710431399	-0.038260324	0.838603049	0.999958419	6.772545424	6.604998829	6.638761591	6.81465869	6.688772127	6.726710141	-0.007465365
MvSl-1064-A1-R4_A1g00853	MvSl-1064-A1-R4_A1	aMAT	1711315	1715586	7.432253278	1.602029695	3.26E-15	5.80E-13	8.044929991	7.998057297	6.39283312	6.448007323	8.021493644	6.420420221	0.29547253
MvSl-1064-A1-R4_A1g00854	MvSl-1064-A1-R4_A1	aMAT	1701948	1703146	7.952550191	-0.781634241	0.000497626	0.016791104	7.634040342	7.373125538	8.393536269	8.180136941	7.50358294	8.286836605	-0.132736637
MvSl-1064-A1-R4_A1g00869	MvSl-1064-A1-R4_A1	aMAT	834376	836308	9.265508983	0.783136283	0.013298546	0.200107177	9.206225248	9.916421617	8.998979411	8.619277507	9.561323432	8.809128459	0.110685111
MvSl-1064-A1-R4_A1g00911	MvSl-1064-A1-R4_A1	aMAT	3038018	3044084	6.59929293	0.220741495	0.315666686	0.950573282	6.487534683	6.894659051	6.674028487	6.267297823	6.691096867	6.470663155	0.044143614
MvSl-1064-A1-R4_A1g00912	MvSl-1064-A1-R4_A1	aMAT	3035765	3037588	5.455234087	0.202295333	0.385798252	0.987129797	5.37246096	5.713044307	5.513217729	5.168262145	5.542752634	5.340739937	0.048052817
MvSl-1064-A1-R4_A1g00920	MvSl-1064-A1-R4_A1	aMAT	3000503	3001944	5.779386556	0.945533516	2.23E-05	0.001208806	6.320692489	6.016171723	5.074980727	5.37455749	6.168432106	5.224769108	0.215799866
MvSl-1064-A1-R4_A1g00921	MvSl-1064-A1-R4_A1	aMAT	3017616	3018135	7.42288485	-0.14131149	0.480868298	0.999958419	7.268409376	7.428123116	7.459053327	7.523689107	7.348266246	7.491371217	-0.025667631
MvSl-1064-A1-R4_A1g00922	MvSl-1064-A1-R4_A1	aMAT	3033187	3035601	6.555777133	-0.258848306	0.165697968	0.779702416	6.388294552	6.452052912	6.663668613	6.694447765	6.420173732	6.679058189	-0.052071223
MvSl-1064-A1-R4_A1g00956	MvSl-1064-A1-R4_A1	aMAT	1794549	1795435	6.001711054	-1.568578928	1.54E-13	2.18E-11	4.82397341	5.182935099	6.601932869	6.559114882	5.003454254	6.580523876	-0.356428302
MvSl-1064-A1-R4_A1g00957	MvSl-1064-A1-R4_A1	aMAT	1796095	1800988	5.083223076	-0.331606852	0.155236941	0.762595893	4.866736322	4.94782939	5.35963299	5.106473975	4.907282856	5.233053483	-0.082562922
MvSl-1064-A1-R4_A1g00958	MvSl-1064-A1-R4_A1	aMAT	1834558	1837865	6.840935349	0.55996284	0.002727364	0.066019998	7.014598396	7.169217947	6.620129919	6.443470867	7.091908172	6.531800393	0.10872482
MvSl-1064-A1-R4_A1g00960	MvSl-1064-A1-R4_A1	aMAT	1872072	1874749	7.80186122	0.016497306	0.944692074	0.999958419	7.976108421	7.622499683	7.551504133	8.000840735	7.799304052	7.776172434	0.003967364
MvSl-1064-A1-R4_A1g00970	MvSl-1064-A1-R4_A1	aMAT	2085727	2087119	6.789551329	-0.873348638	6.55E-06	0.00037769	6.108808766	6.446948713	7.149069961	7.171736128	6.277878739	7.160403044	-0.173600506
MvSl-1064-A1-R4_A1g00971	MvSl-1064-A1-R4_A1	aMAT	2097615	2099010	5.639245695	0.545396327	0.025852765	0.310791406	5.57300594	6.143626052	5.513217729	5.147958706	5.858315996	5.330588218	0.12251029
MvSl-1064-A1-R4_A1g00972	MvSl-1064-A1-R4_A1	aMAT	2138970	2141225	6.174587999	1.761422743	6.60E-16	1.25E-13	6.560171736	7.009324041	5.057282036	5.029866928	6.784747888	5.043574482	0.386506436
MvSl-1064-A1-R4_A1g00997	MvSl-1064-A1-R4_A1	aMAT	1790347	1792433	6.067992194	2.954530306	2.19E-42	1.95E-39	6.83310143	6.952230121	3.819339089	4.064029716	6.892665775	3.941684402	0.719278598
MvSl-1064-A1-R4_A1g00998	MvSl-1064-A1-R4_A1	aMAT	1792754	1794128	4.64985596	-0.36983637	0.160624506	0.770296812	4.284184749	4.60399143	5.011040251	4.603444589	4.44408809	4.80724242	-0.099843248
MvSl-1064-A1-R4_A1g01017	MvSl-1064-A1-R4_A1	aMAT	2082576	2084202	8.224041112	0.258676241	0.259533941	0.903803106	8.226226566	8.459531585	8.094404084	8.083586802	8.342879075	8.088995443	0.041437791
MvSl-1064-A1-R4_A1g01038	MvSl-1064-A1-R4_A1	aMAT	919803	924298	8.086406119	-2.448049044	9.51E-15	1.54E-12	5.878757188	6.776205234	9.074484868	8.567232967	6.327481211	8.820858918	-0.442216284
MvSl-1064-A1-R4_A1g01129	MvSl-1064-A1-R4_A1	aMAT	1608112	1609203	6.989945421	0.37050565	0.04193756	0.418578881	7.171002038	7.155724502	6.810585218	6.775490291	7.16336327	6.793037754	0.070293074
MvSl-1064-A1-R4_A1g01136	MvSl-1064-A1-R4_A1	aMAT	1164814	1164982	3.702773879	3.950834907	9.01E-25	2.87E-22	4.943652812	4.196976043	0.722649631	0.762554686	4.570314428	0.742602158	1.926445895
MvSl-1064-A1-R4_A1g01137	MvSl-1064-A1-R4_A1	aMAT	1164529	1164771	6.628995013	0.63619117	0.000691762	0.022326854	6.923857339	6.900893984	6.241712839	6.311117877	6.912375661	6.276415358	0.127190076
MvSl-1064-A1-R4_A1g01154	MvSl-1064-A1-R4_A1	aMAT	1166037	1167381	7.300272241	0.07228405	0.71857147	0.999958419	7.276856871	7.392724685	7.371851088	7.146838694	7.334790778	7.259344891	0.013741594
MvSl-1064-A1-R4_A1g01159	MvSl-1064-A1-R4_A1	aMAT	1172917	1174722	7.050777351	-0.337264477	0.076497635	0.572158633	6.799696842	6.941382258	7.287495733	7.126701006	6.87053955	7.20709837	-0.063375952
MvSl-1064-A1-R4_A1g01160	MvSl-1064-A1-R4_A1	aMAT	1174940	1175619	7.220141935	-0.323252528	0.096971907	0.634699303	7.100528266	6.996571589	7.408763354	7.335342452	7.048549927	7.372052903	-0.059582924
MvSl-1064-A1-R4_A1g01161	MvSl-1064-A1-R4_A1	aMAT	1176446	1176679	5.793562803	0.274503857	0.186166775	0.820165003	5.964926509	5.882671034	5.739697495	5.555010787	5.923798772	5.647354141	0.062234317
MvSl-1064-A1-R4_A1g01162	MvSl-1064-A1-R4_A1	aMAT	1176877	1180058	3.005315253	-5.466800161	8.19E-32	3.84E-29	-0.793556811	-1.719121546	4.143936729	3.723398761	-1.256339178	3.933667745	NA
MvSl-1064-A1-R4_A1g01163	MvSl-1064-A1-R4_A1	aMAT	1183296	1185232	3.957010269	-3.618098308	9.11E-29	3.53E-26	1.349065323	1.177619195	4.773978154	4.887945952	1.263342259	4.830962053	-1.531281117
MvSl-1064-A1-R4_A1g01173	MvSl-1064-A1-R4_A1	aMAT	2516666	2518918	7.330917156	-0.243338541	0.218229521	0.85580916	7.253883793	7.152592626	7.389639732	7.502765145	7.203238209	7.446202438	-0.044102267
MvSl-1064-A1-R4_A1g01184	MvSl-1064-A1-R4_A1	aMAT	2141875	2142896	7.351771827	-0.485461094	0.015340562	0.222201181	6.989422266	7.181562404	7.612697799	7.534038377	7.085492335	7.573368088	-0.088526434
MvSl-1064-A1-R4_A1g01189	MvSl-1064-A1-R4_A1	aMAT	904475	905581	7.106909346	-0.517444208	0.011315282	0.180638942	7.009240373	6.614135171	7.332335288	7.351978335	6.811687772	7.342156812	-0.099419445
MvSl-1064-A1-R4_A1g01212	MvSl-1064-A1-R4_A1	aMAT	1185421	1186806	3.684784151	1.980081342	2.30E-07	1.65E-05	4.813081652	3.704060961	2.46773403	2.330939945	4.258571307	2.399336988	0.691524045
MvSl-1064-A1-R4_A1g01219	MvSl-1064-A1-R4_A1	aMAT	2503758	2506154	11.24769526	0.902404386	0.019300533	0.256994245	11.51589129	11.73475334	10.98862795	10.40743074	11.62532232	10.69802935	0.11357068
MvSl-1064-A1-R4_A1g01227	MvSl-1064-A1-R4_A1	aMAT	2725136	2725813	7.514306842	0.282165256	0.310302409	0.945084766	7.225413633	7.975193625	7.638054915	7.031676772	7.600303629	7.334865843	0.047331466
MvSl-1064-A1-R4_A1g01252	MvSl-1064-A1-R4_A1	aMAT	471540	472718	7.075872995	-0.196291943	0.290123262	0.939446752	6.963798978	6.984879815	7.184828165	7.156110139	6.974339396	7.170469152	-0.036767266
MvSl-1064-A1-R4_A1g01261	MvSl-1064-A1-R4_A1	aMAT	2570487	2572532	10.65904027	2.083064204	5.53E-09	4.79E-07	11.24008468	11.45841557	9.085926062	9.434073432	11.34925012	9.259999747	0.27665141
MvSl-1064-A1-R4_A1g01271	MvSl-1064-A1-R4_A1	aMAT	2557552	2558488	7.834798352	0.502724325	0.049258307	0.452830753	7.756349704	8.318070928	7.770373573	7.318099549	8.037210316	7.544236561	0.08454536
MvSl-1064-A1-R4_A1g01272	MvSl-1064-A1-R4_A1	aMAT	2568240	2569874	9.245669978	-0.12717277	0.677980485	0.999958419	8.911704234	9.407286145	9.552608899	9.012865854	9.15949519	9.282737376	-0.018060292
MvSl-1064-A1-R4_A1g01288	MvSl-1064-A1-R4_A1	aMAT	1156584	1158695	4.568843741	0.255293136	0.376678731	0.985153678	4.430326606	4.911235187	4.692243471	4.125736192	4.670780897	4.408989832	0.073157231
MvSl-1064-A1-R4_A1g01290	MvSl-1064-A1-R4_A1	aMAT	1153924	1156082	5.49401017	-0.086469126	0.68466801	0.999958419	5.418100463	5.481384436	5.431615485	5.634109542	5.44974245	5.532862513	-0.019610055
MvSl-1064-A1-R4_A1g01347	MvSl-1064-A1-R4_A1	aMAT	2816107	2817007	6.920061366	-1.100869854	3.47E-09	3.12E-07	6.330273238	6.201345928	7.304682668	7.427044842	6.265809583	7.365863755	-0.213710714
MvSl-1064-A1-R4_A1g01348	MvSl-1064-A1-R4_A1	aMAT	2817417	2818269	7.385864357	-0.153025609	0.438375441	0.999958419	7.317404817	7.29716199	7.509819643	7.40893209	7.307283404	7.459375866	-0.027404063
MvSl-1064-A1-R4_A1g01350	MvSl-1064-A1-R4_A1	aMAT	2835849	2836868	6.010786145	0.145950771	0.456620862	0.999958419	6.034563964	6.127765057	5.993426797	5.876620232	6.081164511	5.935023514	0.031792334
MvSl-1064-A1-R4_A1g01351	MvSl-1064-A1-R4_A1	aMAT	2851861	2852673	10.20072731	0.069821415	0.824838506	0.999958419	10.24131769	10.22908937	10.26148836	10.06245311	10.23520353	10.16197073	0.009762391
MvSl-1064-A1-R4_A1g01366	MvSl-1064-A1-R4_A1	aMAT	1151741	1153580	6.343686638	0.071635813	0.696642343	0.999958419	6.411948318	6.345457351	6.340950318	6.273274777	6.378702834	6.307112548	0.014825211
MvSl-1064-A1-R4_A1g01367	MvSl-1064-A1-R4_A1	aMAT	1150800	1151468	4.616421443	-0.360021701	0.156643833	0.763573062	4.595161408	4.233005878	4.809652734	4.757578036	4.414083643	4.783615385	-0.102120133
MvSl-1064-A1-R4_A1g01368	MvSl-1064-A1-R4_A1	aMAT	1148624	1150396	6.053126473	0.200629648	0.415737789	0.999958419	6.43788177	5.790308585	5.735993961	6.135697666	6.114095177	5.935845814	0.038679693
MvSl-1064-A1-R4_A1g01369	MvSl-1064-A1-R4_A1	aMAT	1144687	1148015	9.07781543	-0.615115419	0.025833428	0.310791406	8.69058312	8.783363721	9.537174271	9.141199327	8.73697342	9.339186799	-0.089949981
MvSl-1064-A1-R4_A1g01384	MvSl-1064-A1-R4_A1	aMAT	1761367	1764288	7.783333082	0.957219372	4.63E-06	0.000274987	8.149290348	8.21800091	7.261110493	7.192611334	8.183645629	7.226860914	0.165908274
MvSl-1064-A1-R4_A1g01385	MvSl-1064-A1-R4_A1	aMAT	1745782	1746129	4.98182068	-0.108222877	0.681852969	0.999958419	4.714098872	5.111613597	5.253104949	4.77693893	4.912856234	5.015021939	-0.026378536
MvSl-1064-A1-R4_A1g01388	MvSl-1064-A1-R4_A1	aMAT	468377	470856	5.442255039	-0.405275717	0.167606892	0.781615123	4.66345529	5.628403965	5.78101958	5.46088575	5.145929627	5.620952665	-0.114139501
MvSl-1064-A1-R4_A1g01389	MvSl-1064-A1-R4_A1	aMAT	427406	429655	6.719429394	0.424743351	0.043526967	0.425618247	6.707131379	7.098825877	6.654542294	6.308625653	6.902978628	6.481583973	0.083119199
MvSl-1064-A1-R4_A1g01392	MvSl-1064-A1-R4_A1	aMAT	357937	361103	5.617105744	0.221441848	0.325095641	0.954006241	5.47102781	5.938290068	5.575331098	5.426052316	5.704658939	5.500691707	0.047263628
MvSl-1064-A1-R4_A1g01406	MvSl-1064-A1-R4_A1	aMAT	2500697	2501425	11.2452702	0.84361703	0.022511489	0.286474772	11.4331711	11.76082533	10.73323892	10.79156639	11.59699822	10.76240265	0.102051284
MvSl-1064-A1-R4_A1g01407	MvSl-1064-A1-R4_A1	aMAT	2246376	2250905	6.772673636	0.376756807	0.037192171	0.395827789	6.971166472	6.926179171	6.5821288	6.562605326	6.948672821	6.572367063	0.073535178
MvSl-1064-A1-R4_A1g01415	MvSl-1064-A1-R4_A1	aMAT	406221	406733	6.861454613	-0.3938514	0.041650036	0.418578881	6.689373383	6.611856504	7.199245606	6.871486828	6.650614944	7.035366217	-0.074355489
MvSl-1064-A1-R4_A1g01431	MvSl-1064-A1-R4_A1	aMAT	1769429	1769832	6.819647581	-0.059690211	0.768943256	0.999958419	6.948328117	6.611096148	6.674673515	7.004730029	6.779712133	6.839701772	-0.011642752
MvSl-1064-A1-R4_A1g01432	MvSl-1064-A1-R4_A1	aMAT	1786241	1788119	4.797406759	-1.159635395	2.87E-05	0.001468951	4.397891564	3.737889705	5.349973529	5.164591801	4.067890635	5.257282665	-0.325969907
MvSl-1064-A1-R4_A1g01440	MvSl-1064-A1-R4_A1	aMAT	3215913	3218813	6.952285826	-0.041939093	0.821458412	0.999958419	7.019344434	6.837297854	6.99232133	6.953538151	6.928321144	6.972929741	-0.008496518
MvSl-1064-A1-R4_A1g01441	MvSl-1064-A1-R4_A1	aMAT	3219240	3221354	6.22329187	0.038308635	0.836550234	0.999958419	6.266829941	6.21742188	6.216242064	6.191771465	6.242125911	6.204006765	0.008031986
MvSl-1064-A1-R4_A1g01444	MvSl-1064-A1-R4_A1	aMAT	3224048	3225965	11.20722412	-0.063206732	0.861143161	0.999958419	11.0758062	11.26832308	11.26767046	11.20868335	11.17206464	11.2381769	-0.008063252
MvSl-1064-A1-R4_A1g01445	MvSl-1064-A1-R4_A1	aMAT	3226394	3229199	7.451309015	-0.036502015	0.861202844	0.999958419	7.572401519	7.278607051	7.402546736	7.533327013	7.425504285	7.467936874	-0.007585253
MvSl-1064-A1-R4_A1g01447	MvSl-1064-A1-R4_A1	aMAT	3231159	3234807	6.085492305	-0.141031684	0.49092245	0.999958419	6.02751399	5.9988369	5.966286817	6.320219372	6.013175445	6.143253094	-0.028001504
MvSl-1064-A1-R4_A1g01450	MvSl-1064-A1-R4_A1	aMAT	3239229	3242046	4.790294459	-0.140798155	0.593590413	0.999958419	4.829388608	4.597863946	4.575520702	5.094949815	4.713626277	4.835235259	-0.032501393
MvSl-1064-A1-R4_A1g01451	MvSl-1064-A1-R4_A1	aMAT	3242237	3243945	5.387314888	0.003990829	0.985873182	0.999958419	5.24048008	5.524017762	5.476696929	5.287803045	5.382248921	5.382249987	-2.56E-07
MvSl-1064-A1-R4_A1g01453	MvSl-1064-A1-R4_A1	aMAT	3245830	3247989	7.950711706	-0.485091208	0.02599087	0.31161059	7.6074953	7.763979996	8.25527119	8.08528648	7.685737648	8.170278835	-0.081763648
MvSl-1064-A1-R4_A1g01458	MvSl-1064-A1-R4_A1	aMAT	3251205	3254042	6.647627103	0.112703934	0.544219576	0.999958419	6.699758759	6.706015785	6.598537711	6.581997272	6.702887272	6.590267492	0.022347921
MvSl-1064-A1-R4_A1g01460	MvSl-1064-A1-R4_A1	aMAT	3259899	3261228	6.950514209	-0.108500822	0.56631922	0.999958419	6.796244314	6.987811653	7.085005813	6.917464002	6.892027984	7.001234908	-0.020811719
MvSl-1064-A1-R4_A1g01461	MvSl-1064-A1-R4_A1	aMAT	3261448	3262668	6.267271545	0.007378385	0.968659378	0.999958419	6.199422664	6.339042894	6.240841981	6.285999758	6.269232779	6.26342087	0.00121692
MvSl-1064-A1-R4_A1g01462	MvSl-1064-A1-R4_A1	aMAT	3263169	3264801	7.459455859	0.261111031	0.201970457	0.836952696	7.532703065	7.633774043	7.425722206	7.212744559	7.583238554	7.319233383	0.04717129
MvSl-1064-A1-R4_A1g01466	MvSl-1064-A1-R4_A1	aMAT	3273914	3276841	6.568804473	-0.080340194	0.701351901	0.999958419	6.739130645	6.280948513	6.538854557	6.674584766	6.510039579	6.606719661	-0.019420392
MvSl-1064-A1-R4_A1g01467	MvSl-1064-A1-R4_A1	aMAT	3277429	3279145	5.681965574	-0.067344113	0.751086659	0.999958419	5.77031766	5.514290531	5.739697495	5.690073486	5.642304095	5.71488549	-0.016614782
MvSl-1064-A1-R4_A1g01468	MvSl-1064-A1-R4_A1	aMAT	3279617	3281427	5.675052594	-0.223213306	0.294341404	0.940149944	5.677286386	5.430573732	5.727315229	5.834507599	5.553930059	5.780911414	-0.052056205
MvSl-1064-A1-R4_A1g01470	MvSl-1064-A1-R4_A1	aMAT	3284420	3286879	5.675002148	0.19837748	0.444888252	0.999958419	5.427057631	6.047983121	5.789382102	5.317855534	5.737520376	5.553618818	0.042321669
MvSl-1064-A1-R4_A1g01471	MvSl-1064-A1-R4_A1	aMAT	3289330	3291290	6.693199794	0.013383442	0.941564721	0.999958419	6.666864023	6.732126788	6.704669089	6.668118565	6.699495406	6.686393827	0.00258331
MvSl-1064-A1-R4_A1g01472	MvSl-1064-A1-R4_A1	aMAT	3291750	3292872	5.803068212	0.08016036	0.710854157	0.999958419	5.680286275	5.988335139	5.843161904	5.677251	5.834310707	5.760206452	0.016649897
MvSl-1064-A1-R4_A1g01473	MvSl-1064-A1-R4_A1	aMAT	3293435	3294595	7.902287685	-0.067337126	0.784046654	0.999958419	7.577237599	8.110199868	8.093921911	7.757591783	7.843718734	7.925756847	-0.013910264
MvSl-1064-A1-R4_A1g01476	MvSl-1064-A1-R4_A1	aMAT	3299543	3301627	4.442655147	-0.162510548	0.530404147	0.999958419	4.455059175	4.25653539	4.408748092	4.624972271	4.355797283	4.516860181	-0.045923996
MvSl-1064-A1-R4_A1g01477	MvSl-1064-A1-R4_A1	aMAT	3302338	3304876	7.077285985	0.09102433	0.631924142	0.999958419	7.088722794	7.154681299	7.126144584	6.929408994	7.121702046	7.027776789	0.017601528
MvSl-1064-A1-R4_A1g01485	MvSl-1064-A1-R4_A1	aMAT	3318298	3320270	6.855161928	0.20008274	0.31715755	0.950853859	6.743439703	7.133657235	6.829824256	6.669414126	6.938548469	6.749619191	0.036500238
MvSl-1064-A1-R4_A1g01486	MvSl-1064-A1-R4_A1	aMAT	3320827	3323669	6.152951659	-0.281833757	0.185991433	0.820165003	6.165570737	5.824821486	6.10578747	6.447252237	5.995196112	6.276519853	-0.060050246
MvSl-1064-A1-R4_A1g01487	MvSl-1064-A1-R4_A1	aMAT	3323907	3326513	9.379576355	0.544634883	0.078311545	0.577456607	9.300749939	9.891824418	9.25923977	8.879428146	9.596287179	9.069333958	0.076371918
MvSl-1064-A1-R4_A1g01488	MvSl-1064-A1-R4_A1	aMAT	3327895	3332234	9.572324539	-0.514368776	0.06841638	0.536018569	9.274067516	9.310375134	9.806988829	9.806294749	9.292221325	9.806641789	-0.072966528
MvSl-1064-A1-R4_A1g01489	MvSl-1064-A1-R4_A1	aMAT	3332557	3333382	6.077523121	-0.051883585	0.803900824	0.999958419	5.876143213	6.207395422	6.21535569	5.981520014	6.041769318	6.098437852	-0.01221337
MvSl-1064-A1-R4_A1g01497	MvSl-1064-A1-R4_A1	aMAT	3352840	3353961	5.317151041	-0.217250176	0.31955055	0.951416354	5.207588871	5.201238654	5.446799695	5.39506329	5.204413762	5.420931492	-0.052623897
MvSl-1064-A1-R4_A1g01498	MvSl-1064-A1-R4_A1	aMAT	3354193	3355369	5.011860359	-0.06875351	0.769256884	0.999958419	4.961024947	4.992888089	5.147403428	4.936103264	4.976956518	5.041753346	-0.016594969
MvSl-1064-A1-R4_A1g01500	MvSl-1064-A1-R4_A1	aMAT	3362914	3366464	7.911400527	0.066253856	0.756774672	0.999958419	8.021761125	7.862149278	7.818446716	7.935038599	7.941955201	7.876742658	0.011025422
MvSl-1064-A1-R4_A1g01501	MvSl-1064-A1-R4_A1	aMAT	3366984	3368475	6.269490923	-0.01981801	0.920059363	0.999958419	6.113255244	6.392235207	6.368321605	6.184540514	6.252745226	6.27643106	-0.004960689
MvSl-1064-A1-R4_A1g01502	MvSl-1064-A1-R4_A1	aMAT	3368989	3374123	7.073503159	0.116427333	0.57317245	0.999958419	7.293115079	6.947418916	6.864160265	7.150090482	7.120266997	7.007125373	0.02123324
MvSl-1064-A1-R4_A1g01508	MvSl-1064-A1-R4_A1	aMAT	3383505	3385066	7.683111782	0.410649458	0.048287824	0.448632973	7.767323965	7.973123928	7.462045588	7.464842222	7.870223946	7.463443905	0.070799507
MvSl-1064-A1-R4_A1g01509	MvSl-1064-A1-R4_A1	aMAT	3385519	3388997	6.059181777	0.123501931	0.606310096	0.999958419	6.42809974	5.727148474	5.952522935	6.038779912	6.077624107	5.995651424	0.017755881